9.655449046728143969e-01
9.686434037442908096e-01
9.802355471502615103e-01
9.824955988905852422e-01
9.833657931632366900e-01
9.845849476133123890e-01
9.849334667697093870e-01
9.858051331855011146e-01
9.865028457082952729e-01
9.872008958203238871e-01
9.872008958203238871e-01
9.878992838484309535e-01
9.887727445767459100e-01
9.891222769929653991e-01
9.892970749626333049e-01
9.892970749626333049e-01
9.903463077658906100e-01
9.903463077658906100e-01
9.919215891317432199e-01
9.929727331060315132e-01
9.933232846910119429e-01
9.956039485734655692e-01
9.959551401625632572e-01
9.961307680209442461e-01
9.964820878913980273e-01
9.973607620405455787e-01
9.977123815989249467e-01
9.980640868763588358e-01
9.987677547556369495e-01
9.989437253652212467e-01
9.991197174411807769e-01
9.994717660131787751e-01
9.998239005135575175e-01
1.000704612976589303e+00
1.002114872170888793e+00
1.002644074979618605e+00
1.002644074979618605e+00
1.002820519062378679e+00
1.003526511266772614e+00
1.004762829550942760e+00
1.005293004741899532e+00
1.005469773110789333e+00
1.006000208207476820e+00
1.007238649056868995e+00
1.007769735034111935e+00
1.008478153924304621e+00
1.008655313013480326e+00
1.009009696469177486e+00
1.009364166996977730e+00
1.009541434926289449e+00
1.009541434926289449e+00
1.009718724639678600e+00
1.010073369440109836e+00
1.010250724537867129e+00
1.010250724537867129e+00
1.010605500155267622e+00
1.012025475703847155e+00
1.013446850243341135e+00
1.014513800895364692e+00
1.015225539953159339e+00
1.015759574769876883e+00
1.023793909851401507e+00
1.027917691437543857e+00
1.028276838823239503e+00
1.953217029643649738e+00
1.954240338617317052e+00
1.954922948065059396e+00
1.954922948065059396e+00
1.955264373943091050e+00
1.955947468198697914e+00
1.956289136652844096e+00
1.959025401182693749e+00
1.959367799437745639e+00
1.959367799437745639e+00
1.960738205658944633e+00
1.961423897231210356e+00
1.961766865268220750e+00
1.962796258848025666e+00
1.963139553326954001e+00
1.963482929513482578e+00
1.965201037422732444e+00
1.965888853903407396e+00
1.965888853903407396e+00
1.966576998462549630e+00
1.966576998462549630e+00
1.967265471413286004e+00
1.967265471413286004e+00
1.967954273069191684e+00
1.967954273069191684e+00
1.968298797259697919e+00
1.968298797259697919e+00
1.968643403744290810e+00
1.969332863753058716e+00
1.969677717355964974e+00
1.970022653410420821e+00
1.970022653410420821e+00
1.970022653410420821e+00
1.970022653410420821e+00
1.970367671955862487e+00
1.970712773031754850e+00
1.971057956677590761e+00
1.972094003430115539e+00
1.973130794736604798e+00
1.973130794736604798e+00
1.973130794736604798e+00
1.974514343191611010e+00
1.974860437721491779e+00
1.975206615297451229e+00
1.975206615297451229e+00
1.975206615297451229e+00
1.975899219747089930e+00
1.976592156859781735e+00
1.977285426955241121e+00
1.977979030353643752e+00
1.977979030353643752e+00
1.977979030353643752e+00
1.978325957141630065e+00
1.978325957141630065e+00
1.978325957141630065e+00
1.978325957141630065e+00
1.978672967375627589e+00
1.978672967375627589e+00
1.978672967375627589e+00
1.978672967375627589e+00
1.979367238342293112e+00
1.979714499155352359e+00
1.980061843575204872e+00
1.980409271642119107e+00
1.980409271642119107e+00
1.980756783396392162e+00
1.980756783396392162e+00
1.981104378878350447e+00
1.981452058128349680e+00
1.981452058128349680e+00
1.981799821186774224e+00
1.982147668094038417e+00
1.982147668094038417e+00
1.982495598890585242e+00
1.982495598890585242e+00
1.982843613616887213e+00
1.982843613616887213e+00
1.982843613616887213e+00
1.982843613616887213e+00
1.983191712313446153e+00
1.983191712313446153e+00
1.983539895020792976e+00
1.983539895020792976e+00
1.984584947613312389e+00
1.984584947613312389e+00
1.984933466769709387e+00
1.985282070139990473e+00
1.985282070139990473e+00
1.985282070139990473e+00
1.985630757764863530e+00
1.985630757764863530e+00
1.985979529685065303e+00
1.985979529685065303e+00
1.986328385941362962e+00
1.986328385941362962e+00
1.986328385941362962e+00
1.986328385941362962e+00
1.986677326574552538e+00
1.986677326574552538e+00
1.986677326574552538e+00
1.986677326574552538e+00
1.987026351625459819e+00
1.987026351625459819e+00
1.987026351625459819e+00
1.987026351625459819e+00
1.987375461134940569e+00
1.987724655143879637e+00
1.987724655143879637e+00
1.988073933693192297e+00
1.988073933693192297e+00
1.988423296823822906e+00
1.988772744576745799e+00
1.988772744576745799e+00
1.988772744576745799e+00
1.989122276992965288e+00
1.989122276992965288e+00
1.989122276992965288e+00
1.989122276992965288e+00
1.989122276992965288e+00
1.989122276992965288e+00
1.989471894113515216e+00
1.989471894113515216e+00
1.989821595979459623e+00
1.989821595979459623e+00
1.990171382631891639e+00
1.990171382631891639e+00
1.990521254111935257e+00
1.990521254111935257e+00
1.990521254111935257e+00
1.990871210460743779e+00
1.990871210460743779e+00
1.991221251719500485e+00
1.991221251719500485e+00
1.991571377929419295e+00
1.991921589131743220e+00
1.991921589131743220e+00
1.991921589131743220e+00
1.991921589131743220e+00
1.992271885367745909e+00
1.992622266678730769e+00
1.992622266678730769e+00
1.992972733106031402e+00
1.992972733106031402e+00
1.993323284691012054e+00
1.993323284691012054e+00
1.993323284691012054e+00
1.993323284691012054e+00
1.993673921475066058e+00
1.994024643499617833e+00
1.994024643499617833e+00
1.994375450806121997e+00
1.994375450806121997e+00
1.994375450806121997e+00
1.994726343436062477e+00
1.994726343436062477e+00
1.994726343436062477e+00
1.995077321430954731e+00
1.995077321430954731e+00
1.995077321430954731e+00
1.995077321430954731e+00
1.995077321430954731e+00
1.995428384832343749e+00
1.995428384832343749e+00
1.995428384832343749e+00
1.995428384832343749e+00
1.995779533681804940e+00
1.995779533681804940e+00
1.995779533681804940e+00
1.995779533681804940e+00
1.995779533681804940e+00
1.996130768020944357e+00
1.996482087891398027e+00
1.996482087891398027e+00
1.996482087891398027e+00
1.996833493334832843e+00
1.996833493334832843e+00
1.997184984392945895e+00
1.997184984392945895e+00
1.997184984392945895e+00
1.997536561107464914e+00
1.998239971672783888e+00
1.998239971672783888e+00
1.998591805607191629e+00
1.998591805607191629e+00
1.998591805607191629e+00
1.998591805607191629e+00
1.998943725365221358e+00
1.998943725365221358e+00
1.998943725365221358e+00
1.999295730988753350e+00
1.999295730988753350e+00
1.999647822519698970e+00
1.999647822519698970e+00
2.000000000000000000e+00
2.000000000000000000e+00
2.000352263471628866e+00
2.000352263471628866e+00
2.000704612976589303e+00
2.001057048556915241e+00
2.001057048556915241e+00
2.001409570254671255e+00
2.001409570254671255e+00
2.001762178111953894e+00
2.001762178111953894e+00
2.001762178111953894e+00
2.001762178111953894e+00
2.002114872170889015e+00
2.002114872170889015e+00
2.002467652473634452e+00
2.002467652473634452e+00
2.002467652473634452e+00
2.002467652473634452e+00
2.002467652473634452e+00
2.002820519062378679e+00
2.002820519062378679e+00
2.002820519062378679e+00
2.003173471979341258e+00
2.003173471979341258e+00
2.003173471979341258e+00
2.003173471979341258e+00
2.003526511266772836e+00
2.003526511266772836e+00
2.003526511266772836e+00
2.003879636966954259e+00
2.003879636966954259e+00
2.003879636966954259e+00
2.004232849122198346e+00
2.004232849122198346e+00
2.004586147774849003e+00
2.004586147774849003e+00
2.004939532967280780e+00
2.004939532967280780e+00
2.004939532967280780e+00
2.004939532967280780e+00
2.004939532967280780e+00
2.005293004741899310e+00
2.005293004741899310e+00
2.005293004741899310e+00
2.005646563141142202e+00
2.005646563141142202e+00
2.006000208207476820e+00
2.006000208207476820e+00
2.006000208207476820e+00
2.006353939983403389e+00
2.006353939983403389e+00
2.006707758511452333e+00
2.006707758511452333e+00
2.006707758511452333e+00
2.007061663834186049e+00
2.007061663834186049e+00
2.007415655994197579e+00
2.007415655994197579e+00
2.007415655994197579e+00
2.007769735034111935e+00
2.007769735034111935e+00
2.007769735034111935e+00
2.007769735034111935e+00
2.007769735034111935e+00
2.007769735034111935e+00
2.008123900996585220e+00
2.008123900996585220e+00
2.008478153924304621e+00
2.008478153924304621e+00
2.008478153924304621e+00
2.008832493859989743e+00
2.009186920846390834e+00
2.009186920846390834e+00
2.009186920846390834e+00
2.009541434926289671e+00
2.009541434926289671e+00
2.009541434926289671e+00
2.009541434926289671e+00
2.009541434926289671e+00
2.009896036142500009e+00
2.010605500155267400e+00
2.011315313227834078e+00
2.011670350768912208e+00
2.011670350768912208e+00
2.012025475703846933e+00
2.012025475703846933e+00
2.012025475703846933e+00
2.012380688075674495e+00
2.012380688075674495e+00
2.013091375302306751e+00
2.013091375302306751e+00
2.013091375302306751e+00
2.013091375302306751e+00
2.013446850243341135e+00
2.013802412793727292e+00
2.013802412793727292e+00
2.014158062996659559e+00
2.014158062996659559e+00
2.014513800895364692e+00
2.014513800895364692e+00
2.014513800895364692e+00
2.014869626533100977e+00
2.014869626533100977e+00
2.015225539953159117e+00
2.015225539953159117e+00
2.015225539953159117e+00
2.015225539953159117e+00
2.015225539953159117e+00
2.015581541198861792e+00
2.015937630313563211e+00
2.015937630313563211e+00
2.016293807340650446e+00
2.016293807340650446e+00
2.016650072323542542e+00
2.016650072323542542e+00
2.016650072323542542e+00
2.017006425305690076e+00
2.017006425305690076e+00
2.017362866330576043e+00
2.017719395441717189e+00
2.018076012682660014e+00
2.018076012682660014e+00
2.018076012682660014e+00
2.018432718096985212e+00
2.018432718096985212e+00
2.018789511728305452e+00
2.019146393620264490e+00
2.019146393620264490e+00
2.019146393620264490e+00
2.019146393620264490e+00
2.019146393620264490e+00
2.019503363816540720e+00
2.019503363816540720e+00
2.019503363816540720e+00
2.019860422360842733e+00
2.020217569296913318e+00
2.020574804668526792e+00
2.021289540893642656e+00
2.021647041834857106e+00
2.021647041834857106e+00
2.021647041834857106e+00
2.022004631387038565e+00
2.022004631387038565e+00
2.022362309594123886e+00
2.022362309594123886e+00
2.022720076500083675e+00
2.023435876584670279e+00
2.023435876584670279e+00
2.023435876584670279e+00
2.023435876584670279e+00
2.023435876584670279e+00
2.024152031993215139e+00
2.024510243054245873e+00
2.024868543078660377e+00
2.025585410194473024e+00
2.025585410194473024e+00
2.025943977374369709e+00
2.025943977374369709e+00
2.026302633694648136e+00
2.026302633694648136e+00
2.026661379199639512e+00
2.027020213933709236e+00
2.027738151266708311e+00
2.028097253954533219e+00
2.029175098637383101e+00
2.029534559220004475e+00
2.029534559220004475e+00
2.030613478657717241e+00
2.030973297849229198e+00
2.031333206804791569e+00
2.031693205569201854e+00
2.031693205569201854e+00
2.032053294187292192e+00
2.032773741164006331e+00
2.032773741164006331e+00
2.033134099612461387e+00
2.033134099612461387e+00
2.033494548094259002e+00
2.033494548094259002e+00
2.034215715337913011e+00
2.035298142579553105e+00
2.035298142579553105e+00
2.035659132207581656e+00
2.036381382556027297e+00
2.037465436488728354e+00
2.038912110002669476e+00
2.039274005160942149e+00
2.039274005160942149e+00
2.039998067931918957e+00
2.040360235635814146e+00
2.042535153194788844e+00
2.043623842750329711e+00
2.044350092471626024e+00
2.045803689613124643e+00
2.046167317854719503e+00
2.046531037771152306e+00
2.046894849408659400e+00
2.050538020639845804e+00
2.054556163622088594e+00
2.065571959373196265e+00
