2.888864329765293171e+00
2.912537158749660460e+00
2.928537637443375807e+00
2.930550232572216363e+00
2.933238067613092248e+00
2.933910809542227494e+00
2.938628807340188942e+00
2.939979645492147409e+00
2.941331749659428674e+00
2.944039765547706189e+00
2.944039765547706189e+00
2.945395682039327667e+00
2.946074118468895442e+00
2.946752874087573471e+00
2.947431949195846279e+00
2.947431949195846279e+00
2.948111344094622499e+00
2.949471094469445109e+00
2.952876087885974332e+00
2.955605880641546612e+00
2.955605880641546612e+00
2.955605880641546612e+00
2.956289136652844096e+00
2.956289136652844096e+00
2.956972716405452672e+00
2.957656620206308595e+00
2.958340848362785547e+00
2.958340848362785547e+00
2.959025401182693749e+00
2.959025401182693749e+00
2.959025401182693749e+00
2.959025401182693749e+00
2.959025401182693749e+00
2.959710278974283071e+00
2.959710278974283071e+00
2.960395482046241700e+00
2.960395482046241700e+00
2.961766865268220528e+00
2.961766865268220528e+00
2.963139553326954001e+00
2.963139553326954001e+00
2.965201037422732444e+00
2.965201037422732444e+00
2.965201037422732444e+00
2.965201037422732444e+00
2.965888853903407618e+00
2.965888853903407618e+00
2.965888853903407618e+00
2.966576998462549852e+00
2.966576998462549852e+00
2.966576998462549852e+00
2.966576998462549852e+00
2.967265471413286004e+00
2.967954273069191462e+00
2.967954273069191462e+00
2.968643403744291032e+00
2.969332863753058493e+00
2.969332863753058493e+00
2.969332863753058493e+00
2.970022653410420599e+00
2.970022653410420599e+00
2.970022653410420599e+00
2.970712773031754850e+00
2.970712773031754850e+00
2.970712773031754850e+00
2.971403222932891719e+00
2.972094003430115539e+00
2.972094003430115539e+00
2.972094003430115539e+00
2.972094003430115539e+00
2.972785114840164944e+00
2.972785114840164944e+00
2.973476557480234206e+00
2.973476557480234206e+00
2.973476557480234206e+00
2.974168331667974119e+00
2.974168331667974119e+00
2.974168331667974119e+00
2.974860437721491557e+00
2.974860437721491557e+00
2.974860437721491557e+00
2.974860437721491557e+00
2.974860437721491557e+00
2.974860437721491557e+00
2.974860437721491557e+00
2.975552875959353027e+00
2.975552875959353027e+00
2.975552875959353027e+00
2.976245646700582892e+00
2.976245646700582892e+00
2.976245646700582892e+00
2.976245646700582892e+00
2.976245646700582892e+00
2.976938750264665146e+00
2.976938750264665146e+00
2.976938750264665146e+00
2.977632186971545636e+00
2.977632186971545636e+00
2.977632186971545636e+00
2.978325957141630287e+00
2.978325957141630287e+00
2.978325957141630287e+00
2.978325957141630287e+00
2.978325957141630287e+00
2.978325957141630287e+00
2.978325957141630287e+00
2.979020061095788208e+00
2.979020061095788208e+00
2.979020061095788208e+00
2.979020061095788208e+00
2.979714499155352136e+00
2.979714499155352136e+00
2.979714499155352136e+00
2.981104378878350669e+00
2.981799821186774224e+00
2.981799821186774224e+00
2.981799821186774224e+00
2.981799821186774224e+00
2.982495598890585242e+00
2.982495598890585242e+00
2.983191712313446153e+00
2.983191712313446153e+00
2.983191712313446153e+00
2.983888161779488346e+00
2.983888161779488346e+00
2.983888161779488346e+00
2.983888161779488346e+00
2.983888161779488346e+00
2.984584947613312611e+00
2.984584947613312611e+00
2.984584947613312611e+00
2.984584947613312611e+00
2.984584947613312611e+00
2.984584947613312611e+00
2.984584947613312611e+00
2.984584947613312611e+00
2.984584947613312611e+00
2.984584947613312611e+00
2.985282070139990473e+00
2.985282070139990473e+00
2.985282070139990473e+00
2.985282070139990473e+00
2.985282070139990473e+00
2.985979529685065526e+00
2.985979529685065526e+00
2.986677326574552538e+00
2.986677326574552538e+00
2.987375461134940569e+00
2.987375461134940569e+00
2.987375461134940569e+00
2.987375461134940569e+00
2.987375461134940569e+00
2.988073933693192075e+00
2.988073933693192075e+00
2.988073933693192075e+00
2.988073933693192075e+00
2.988772744576746021e+00
2.988772744576746021e+00
2.988772744576746021e+00
2.988772744576746021e+00
2.988772744576746021e+00
2.988772744576746021e+00
2.989471894113515216e+00
2.989471894113515216e+00
2.989471894113515216e+00
2.989471894113515216e+00
2.989471894113515216e+00
2.990171382631891639e+00
2.990171382631891639e+00
2.990171382631891639e+00
2.990171382631891639e+00
2.990171382631891639e+00
2.990171382631891639e+00
2.990171382631891639e+00
2.990171382631891639e+00
2.990171382631891639e+00
2.990171382631891639e+00
2.990871210460743779e+00
2.991571377929419295e+00
2.991571377929419295e+00
2.991571377929419295e+00
2.991571377929419295e+00
2.991571377929419295e+00
2.991571377929419295e+00
2.991571377929419295e+00
2.992271885367745909e+00
2.992271885367745909e+00
2.992271885367745909e+00
2.992271885367745909e+00
2.992972733106031402e+00
2.992972733106031402e+00
2.992972733106031402e+00
2.992972733106031402e+00
2.992972733106031402e+00
2.992972733106031402e+00
2.992972733106031402e+00
2.992972733106031402e+00
2.992972733106031402e+00
2.994375450806121997e+00
2.994375450806121997e+00
2.994375450806121997e+00
2.994375450806121997e+00
2.995077321430954953e+00
2.995077321430954953e+00
2.995077321430954953e+00
2.995077321430954953e+00
2.995077321430954953e+00
2.995779533681804718e+00
2.995779533681804718e+00
2.995779533681804718e+00
2.996482087891398027e+00
2.996482087891398027e+00
2.996482087891398027e+00
2.996482087891398027e+00
2.996482087891398027e+00
2.997184984392946117e+00
2.997184984392946117e+00
2.997888223520147832e+00
2.997888223520147832e+00
2.997888223520147832e+00
2.997888223520147832e+00
2.997888223520147832e+00
2.998591805607191407e+00
2.998591805607191407e+00
2.998591805607191407e+00
2.999295730988753572e+00
2.999295730988753572e+00
3.000000000000000000e+00
3.000000000000000000e+00
3.000000000000000000e+00
3.000000000000000000e+00
3.000704612976589303e+00
3.000704612976589303e+00
3.000704612976589303e+00
3.000704612976589303e+00
3.000704612976589303e+00
3.000704612976589303e+00
3.000704612976589303e+00
3.001409570254671255e+00
3.001409570254671255e+00
3.001409570254671255e+00
3.001409570254671255e+00
3.001409570254671255e+00
3.002114872170889015e+00
3.002114872170889015e+00
3.002114872170889015e+00
3.002114872170889015e+00
3.002114872170889015e+00
3.002114872170889015e+00
3.002114872170889015e+00
3.002114872170889015e+00
3.002114872170889015e+00
3.002820519062378679e+00
3.002820519062378679e+00
3.002820519062378679e+00
3.002820519062378679e+00
3.003526511266772836e+00
3.003526511266772836e+00
3.003526511266772836e+00
3.003526511266772836e+00
3.003526511266772836e+00
3.003526511266772836e+00
3.003526511266772836e+00
3.003526511266772836e+00
3.004232849122198346e+00
3.004232849122198346e+00
3.004232849122198346e+00
3.004232849122198346e+00
3.004939532967280780e+00
3.004939532967280780e+00
3.004939532967280780e+00
3.004939532967280780e+00
3.004939532967280780e+00
3.004939532967280780e+00
3.005646563141142202e+00
3.005646563141142202e+00
3.005646563141142202e+00
3.005646563141142202e+00
3.005646563141142202e+00
3.005646563141142202e+00
3.005646563141142202e+00
3.005646563141142202e+00
3.006353939983403389e+00
3.007061663834186049e+00
3.007061663834186049e+00
3.007061663834186049e+00
3.007061663834186049e+00
3.007061663834186049e+00
3.007769735034111935e+00
3.007769735034111935e+00
3.007769735034111935e+00
3.008478153924304621e+00
3.008478153924304621e+00
3.008478153924304621e+00
3.008478153924304621e+00
3.009186920846390834e+00
3.009186920846390834e+00
3.009186920846390834e+00
3.009186920846390834e+00
3.009186920846390834e+00
3.009186920846390834e+00
3.009186920846390834e+00
3.009896036142500009e+00
3.009896036142500009e+00
3.009896036142500009e+00
3.009896036142500009e+00
3.010605500155267400e+00
3.010605500155267400e+00
3.010605500155267400e+00
3.010605500155267400e+00
3.011315313227834078e+00
3.011315313227834078e+00
3.011315313227834078e+00
3.011315313227834078e+00
3.012025475703846933e+00
3.012735987927461334e+00
3.012735987927461334e+00
3.012735987927461334e+00
3.012735987927461334e+00
3.013446850243341135e+00
3.013446850243341135e+00
3.013446850243341135e+00
3.013446850243341135e+00
3.013446850243341135e+00
3.014158062996659559e+00
3.014158062996659559e+00
3.014158062996659559e+00
3.014158062996659559e+00
3.014158062996659559e+00
3.014869626533100977e+00
3.014869626533100977e+00
3.014869626533100977e+00
3.015581541198861792e+00
3.015581541198861792e+00
3.015581541198861792e+00
3.015581541198861792e+00
3.015581541198861792e+00
3.015581541198861792e+00
3.016293807340650446e+00
3.016293807340650446e+00
3.017006425305690076e+00
3.017006425305690076e+00
3.017006425305690076e+00
3.017006425305690076e+00
3.017719395441717189e+00
3.017719395441717189e+00
3.017719395441717189e+00
3.018432718096985212e+00
3.018432718096985212e+00
3.019146393620264490e+00
3.019146393620264490e+00
3.019146393620264490e+00
3.019860422360842733e+00
3.019860422360842733e+00
3.019860422360842733e+00
3.019860422360842733e+00
3.019860422360842733e+00
3.019860422360842733e+00
3.020574804668526792e+00
3.020574804668526792e+00
3.020574804668526792e+00
3.021289540893642656e+00
3.021289540893642656e+00
3.021289540893642656e+00
3.022004631387038565e+00
3.022004631387038565e+00
3.022004631387038565e+00
3.022004631387038565e+00
3.022004631387038565e+00
3.022720076500083675e+00
3.023435876584670279e+00
3.023435876584670279e+00
3.023435876584670279e+00
3.023435876584670279e+00
3.023435876584670279e+00
3.024152031993215139e+00
3.024868543078660377e+00
3.024868543078660377e+00
3.024868543078660377e+00
3.024868543078660377e+00
3.025585410194473024e+00
3.026302633694648136e+00
3.027020213933709236e+00
3.027738151266708311e+00
3.027738151266708311e+00
3.027738151266708311e+00
3.027738151266708311e+00
3.027738151266708311e+00
3.028456446049228035e+00
3.029175098637383101e+00
3.029894109387819334e+00
3.030613478657717241e+00
3.030613478657717241e+00
3.031333206804791569e+00
3.031333206804791569e+00
3.031333206804791569e+00
3.031333206804791569e+00
3.031333206804791569e+00
3.032053294187292192e+00
3.032053294187292192e+00
3.032773741164006331e+00
3.033494548094259002e+00
3.033494548094259002e+00
3.033494548094259002e+00
3.033494548094259002e+00
3.033494548094259002e+00
3.034215715337913011e+00
3.034215715337913011e+00
3.034215715337913011e+00
3.034215715337913011e+00
3.034215715337913011e+00
3.034215715337913011e+00
3.034215715337913011e+00
3.034215715337913011e+00
3.034937243255372508e+00
3.034937243255372508e+00
3.034937243255372508e+00
3.035659132207581656e+00
3.035659132207581656e+00
3.036381382556027297e+00
3.037103994662739392e+00
3.037103994662739392e+00
3.037103994662739392e+00
3.037103994662739392e+00
3.037103994662739392e+00
3.037826968890291912e+00
3.037826968890291912e+00
3.037826968890291912e+00
3.038550305601804169e+00
3.038550305601804169e+00
3.038550305601804169e+00
3.038550305601804169e+00
3.039274005160942149e+00
3.039274005160942149e+00
3.039274005160942149e+00
3.039998067931918957e+00
3.039998067931918957e+00
3.040722494279497479e+00
3.040722494279497479e+00
3.041447284568988607e+00
3.041447284568988607e+00
3.042172439166256126e+00
3.042172439166256126e+00
3.042172439166256126e+00
3.042172439166256126e+00
3.042172439166256126e+00
3.043623842750329711e+00
3.043623842750329711e+00
3.043623842750329711e+00
3.044350092471626024e+00
3.044350092471626024e+00
3.045076707969679664e+00
3.045803689613124643e+00
3.046531037771152306e+00
3.047258752813511773e+00
3.047258752813511773e+00
3.047258752813511773e+00
3.047986835110513493e+00
3.047986835110513493e+00
3.047986835110513493e+00
3.048715285033027911e+00
3.048715285033027911e+00
3.048715285033027911e+00
3.048715285033027911e+00
3.048715285033027911e+00
3.049444102952488134e+00
3.049444102952488134e+00
3.049444102952488134e+00
3.050173289240889041e+00
3.051632768415322161e+00
3.052363062048172537e+00
3.053093725543602144e+00
3.053824759276441370e+00
3.053824759276441370e+00
3.055287938956514182e+00
3.056752604098446291e+00
3.056752604098446291e+00
3.057485494660760139e+00
3.058218757721469672e+00
3.059686402854031151e+00
3.059686402854031151e+00
3.060420785685306733e+00
3.061890673780761407e+00
3.064098317732413257e+00
3.064834950396305047e+00
3.066309345047766310e+00
3.068523766113208318e+00
3.072222037917657911e+00
3.076672514580807594e+00
3.076672514580807594e+00
3.077415597286336180e+00
3.081136762725405376e+00
3.090106916229958145e+00
3.091607379226249730e+00
