12.9638
15.3065
13.4962
12.2556
15.415
13.7556
11.8335
16.8503
15.0693
11.8685
14.7784
15.776
15.6163
16.4378
14.142
14.1189
13.9125
11.9172
16.4531
18
14.5695
13.6747
15.0663
15.1174
13.6951
14.8733
13.5885
13.456
15.6163
11.8364
15.2285
14.8028
12.0195
15.0663
12.2393
17.1798
12.2683
15.7192
15.0693
13.4169
12.0227
15.8863
15.8351
14.9232
13.3982
13.8301
16.0458
11.8685
14.1719
15.4339
16.3065
12.4589
13.3302
15.0604
13.3679
14.986
14.9693
15.2252
14.9916
13.6513
13.4264
13.5949
13.8541
17.7712
15.7008
14.8993
17.7712
12.7065
15.902
14.0256
13.367
14.0693
15.5162
14.2619
14.2318
13.4179
15.7712
13.6713
15.0722
15.5324
13.5395
16.6337
14.284
14.5283
15.8915
12.2191
16.0752
15.0516
15.776
17.1926
16.8102
15.4962
15.0285
13.8188
13.6413
13.6337
13.4273
15.1576
14.4823
14.9502
13.8772
15.415
12.4512
16.6691
13.6849
13.8928
16.8003
15.0056
12.539
12.6685
14.9179
15.4843
16.5081
15.3743
17.2451
13.4425
12.6563
15.0663
17.2585
15.2318
17.0811
15.3418
15.5906
14.5081
11.7997
16.7332
12.3
14.8028
13.5122
14.9529
13.554
15.5283
16.4454
15.5122
13.5031
12.3757
15.2154
16.0516
14.4942
15.0142
13.5602
13.986
11.8074
17.9125
15.0575
14.2088
16.5654
13.625
15.6736
12.1056
15.3964
14.8837
13.4029
13.8553
16.1235
15.9447
13.4647
11.8154
13.6239
13.4122
13.3293
12.5769
15.0931
15.3489
15.625
14.0693
12.5091
13.3697
13.8772
15.0487
17.5406
15.6646
12.9312
15.5488
14.2318
13.4892
14.5906
14.2401
13.872
14.2738
16.1052
15.7568
14.0634
12.9046
13.3293
15.0546
17.2721
13.863
15.8452
13.8176
13.6469
16.2926
15.1798
15.1296
15.0871
14.056
15.8811
15.0782
15.1735
15.8553
15.2088
14.0444
14.1878
15.5864
13.686
13.324
18.1174
16.6163
15.1204
13.968
13.8028
13.4493
14.9259
14.8477
13.8301
15.0371
12.6601
16.7808
15.0575
15.8759
16.1235
16.5243
16.9776
13.4245
17.7712
15.4962
17.3853
14.8915
12.0317
17.6601
12.0999
14.8811
17.4764
13.4425
13.968
14.2236
15.3065
13.4019
13.3311
12.2129
14.8276
13.6098
16.8201
14.0901
14.056
15.3525
14.2401
15.0256
11.8449
12.4696
13.5142
12.6809
13.4912
11.796
15.6381
16.7712
11.939
13.4952
14.4397
12.1963
14.4942
12.4681
14.9693
13.4962
14.3472
15.415
17.4454
11.9007
13.8077
14.2302
13.3454
13.8759
13.3936
13.2721
13.4273
16.6513
13.7833
16.1052
13.5091
15.5779
15.2518
12.4779
13.7796
16.3561
11.7462
15.303
15.6601
13.6002
16.7808
13.6758
16.9339
15.8251
15.6034
15.4339
14.8477
14.3382
13.4628
11.7951
13.8579
15.8003
15.2926
13.4823
15.6962
16.2926
13.5233
14.1483
11.8316
14.986
15.0546
15.0371
12.6758
15.2823
15.7712
12.2472
16.2721
17.4922
16.6513
15.8656
14.9721
11.7936
16.5488
15.4882
14.9447
15.0546
15.8503
13.7262
14.9556
16.4001
13.986
13.5406
13.3598
13.5633
16.8915
16.0516
16.2996
15.8201
15.5654
16.9339
15.8604
13.6413
16.1052
13.3973
14.4454
12.7129
13.4339
13.6045
15.5447
13.5591
12.2687
11.8557
13.3954
16.4608
15.8503
13.6293
17.1671
17.0575
13.4454
14.0099
14.2137
16.3927
15.0056
14.8077
13.3954
12.3968
11.8961
12.5207
16.8915
13.3992
15.0458
16.8102
13.9818
15.5949
14.9693
13.367
17
13.3853
14.8553
11.8837
13.8102
15.3964
15.2351
15.1022
13.3498
15.4226
14.9339
14.4764
13.3625
14.0871
12.849
15.7379
14.04
13.804
17.4922
15.5041
16.3634
13.58
13.5314
15.6163
13.7509
14.9611
16.5488
11.8342
14.2721
13.3862
16.902
17.2451
15.0782
13.782
14.6034
13.6951
12.732
15.0871
15.0871
11.9142
13.804
13.4075
15.5612
17.142
14.2721
13.6271
16.0752
14.8889
15.1358
13.4608
14.9502
13.7473
11.7994
14.1576
16.7426
14.8351
13.5182
14.0487
13.8176
16.1926
15.0722
11.9342
13.8464
14.0342
13.3908
15.3525
11.9099
14.5695
17.0811
16.7054
16.3927
15.0961
14.9611
13.4863
16.4001
14.1067
14.2535
16.4686
12.5041
14.4378
16.5406
12.059
13.4774
16.6781
16.3489
15.2858
14.9393
13.8798
16.2318
13.5344
13.4132
16.2186
16.6601
15.5949
15.8604
13.4019
15.6871
13.5959
15.0028
15.3205
13.8326
15.1766
12.9542
13.3276
15.0811
13.4132
15.6826
15.0142
15.8052
13.7893
13.5222
17.3853
17.2056
16.6163
15.9232
15.3382
13.4216
15.7808
15.3525
17
15.9179
14.9125
15.2585
11.8248
14.9393
17.4608
14.9366
15.0752
14.1128
16.3205
13.7918
17.3561
11.7506
15.7905
16.5162
13.5706
16.3853
13.986
11.8611
14.0619
13.3927
14.175
14.2335
15.6962
15.4922
15.5949
16.8503
15.2154
14.2154
15.1327
13.5253
13.7628
11.8207
14.4725
16.9447
14.1006
13.3964
12.8811
14.5202
18
13.3798
13.4483
16.7712
15.4038
12.4382
12.2256
13.6546
14.2302
11.7893
14.5365
13.4113
16.7146
16.4378
13.8954
16.1991
14.2368
11.9145
17.4922
15.1703
18.0693
13.6702
15.31
16.8811
15.9285
17.3561
15.8052
16.5821
15.4378
16.9666
14.5002
15.4647
15.9888
15.7521
11.864
17.3276
13.6002
15.9721
12.5278
12.9536
11.8301
14.6894
14.2401
15.9447
13.2755
15.0285
13.3761
13.4784
14.1327
13.3652
14.9339
12.0163
13.648
14.8126
16.2926
14.9832
16.625
11.9182
12.5202
14.1719
15.2996
17.1545
12.4764
13.5091
15.7379
12.6551
15.3706
16.4764
15.5406
13.3871
15.7146
11.8068
15.7332
11.7936
13.4579
15.9944
16.2318
11.9728
13.5385
11.8059
12.0299
16.9125
13.6535
14.3065
13.6131
15.0371
15.8707
16.0991
14.1862
13.4932
16.5654
15.0901
14.3013
17.2721
14.3223
14.2401
15.389
13.8276
14.2056
13.4235
14.1894
14.5122
15.0056
15.2121
13.3779
17.3276
12.0267
15.389
13.8351
14.267
13.3022
13.457
15.0342
15.04
15.8102
15.7332
13.4813
13.3652
14.4589
13.5457
15.0811
12.0274
15.389
13.6435
15.1514
16.0458
14.0707
13.3616
13.554
13.3534
16.8503
14.3013
15.0782
15.1894
15.7473
15.6601
15.3779
14.0414
14.1266
15.7239
13.4657
16.9447
15.0285
12.0085
13.4245
12.4745
13.4273
13.8313
13.5622
11.753
13.5581
15.0961
16.8401
12.0942
15.3927
16.4226
14.0213
11.8915
17.3135
13.5885
15.4843
13.4992
16.6871
14.191
13.8694
15.3347
14.9339
16.5906
13.3616
15.1143
13.4001
15.7379
14.2909
15.0722
13.3825
15.4378
14.2335
17.3853
14.1113
15.5949
13.4094
15.7332
15.2219
13.3091
14.8276
13.2277
15.4764
14.8301
14.776
15.1703
13.5283
15.1204
15.9125
14.9832
13.863
15.4882
15.2755
16.4378
16.2451
14.7616
13.3844
15.8503
16.3927
13.6098
11.8025
14.8503
14.0113
12.4633
13.5416
12.2489
15.0901
17.5737
14.2351
15.2318
14.9832
13.8604
13.4435
15.1235
13.58
18
13.4273
16.8201
15.8811
13.3899
14.5716
15.3634
14.0184
15.3561
14.1327
14.4188
14.9583
12.4828
17.3276
15.0693
15.2926
17.6601
16.4226
13.5406
15.017
14.2219
15.0429
14.5447
14.1006
13.8837
12.2368
15.1358
15.0722
14.2154
11.753
13.4425
16.8201
13.5654
16.1483
15.6691
15.9285
15.3205
17.0113
13.7736
14.8276
15.0722
13.3825
15.8151
14.0342
15.9285
13.4245
13.758
17.0811
15.4264
16.8503
15.2961
11.8226
15.1639
15.4804
15.8967
16.415
14.9366
11.789
16.3489
17.4001
15.1514
18.0693
14.1343
15.2653
15.317
11.986
16.1358
15.0961
13.5233
15.1296
13.3579
14.9721
15.0285
15.0931
13.3779
13.7146
13.4942
16.1862
13.8643
16.2252
13.4512
14.2186
15.7808
12.2145
13.5012
15.3779
13.4813
13.3835
15.8251
14.0531
15.1639
14.2485
15.1389
15.2418
15.6077
16.6781
15.2351
15.6077
15.2823
14.2961
17.4922
15.0113
14.2368
13.8188
15.142
14.9611
13.8263
14.4416
15.0227
15.1959
15.2451
13.8376
16.5654
14.4764
15.04
14.267
12.2372
14.4784
15.1735
16.1798
15.6871
12.2314
13.4676
14.1174
14.8837
13.3743
15.4113
14.7239
13.7954
15.0458
14.6141
12.2455
17.5243
11.9655