1.178774107122341874e+00
1.179422117344225862e+00
1.179821037584812382e+00
1.181118290691866468e+00
1.181617544958844634e+00
1.182166924275880104e+00
1.182666541624303624e+00
1.183066360116040938e+00
1.183716301579792907e+00
1.184266480838996660e+00
1.184416566148977612e+00
1.184766825936919066e+00
1.184967012573503453e+00
1.185267344621126595e+00
1.185267344621126595e+00
1.185367469198923107e+00
1.186168716074814444e+00
1.186218808782963041e+00
1.187120775077355583e+00
1.188775845963340183e+00
1.188976589699134001e+00
1.188976589699134001e+00
1.189378160987593969e+00
1.189478571277228891e+00
1.189629199816272020e+00
1.189930504082929330e+00
1.189980727579162068e+00
1.190131408559077508e+00
1.191086087071124400e+00
1.191186616305426771e+00
1.191287152545250638e+00
1.191287152545250638e+00
1.191437970042475536e+00
1.191538523800375726e+00
1.191840227131625296e+00
1.192192294113317175e+00
1.192745715872113976e+00
1.192997341414024914e+00
1.193299350006479909e+00
1.193551072136633362e+00
1.193853196679475648e+00
1.194105015472052278e+00
1.194407256054349720e+00
1.194558400093274297e+00
1.194608784958590464e+00
1.194659171583615898e+00
1.194709559968472945e+00
1.195616851967350680e+00
1.195667273812384579e+00
1.195919409474412998e+00
1.195919409474412998e+00
1.195969841895053065e+00
1.196020276078725297e+00
1.196676080958509525e+00
1.197837081911299117e+00
1.198039090528689288e+00
1.198241127435631270e+00
1.198897942853709209e+00
1.198948479504590603e+00
1.198999017925799437e+00
1.199453943401881162e+00
1.200161890509408025e+00
1.202591778517163590e+00
1.397127187063786247e+00
1.398983713692623088e+00
1.399506292547188835e+00
1.399680527571762756e+00
1.400261463007207219e+00
1.401017028963909228e+00
1.401191446547497055e+00
1.401249590428245817e+00
1.401249590428245817e+00
1.401424036131796447e+00
1.402238395099167700e+00
1.402296581190481728e+00
1.402529349025915417e+00
1.402645747028389955e+00
1.402878571210431469e+00
1.403053214007887517e+00
1.403111432972036221e+00
1.403169654285665757e+00
1.403169654285665757e+00
1.403227877948965974e+00
1.403344332325336952e+00
1.403693751866274653e+00
1.403984999478223417e+00
1.404101514987969423e+00
1.404392844938049389e+00
1.404392844938049389e+00
1.404684233729589282e+00
1.404684233729589282e+00
1.404975681386362973e+00
1.405092276936666051e+00
1.405267187932158546e+00
1.405267187932158546e+00
1.405325496310094735e+00
1.405383807044734423e+00
1.405500435584885910e+00
1.405558753390778959e+00
1.405617073554137786e+00
1.405792048190913635e+00
1.406025380722699891e+00
1.406025380722699891e+00
1.406083719752647454e+00
1.406142061141776756e+00
1.406375450293929852e+00
1.406375450293929852e+00
1.406433803481831557e+00
1.406433803481831557e+00
1.406550516938807061e+00
1.406550516938807061e+00
1.406783972182795495e+00
1.406842341896997972e+00
1.406900713972864869e+00
1.406900713972864869e+00
1.407017465210355756e+00
1.407017465210355756e+00
1.407017465210355756e+00
1.407075844372362328e+00
1.407192609783853410e+00
1.407250996033720059e+00
1.407309384646589612e+00
1.407718171116819406e+00
1.407834988529100828e+00
1.407893400782520565e+00
1.407951815401048190e+00
1.408243923977009926e+00
1.408243923977009926e+00
1.408419217516144073e+00
1.408419217516144073e+00
1.408477653429265120e+00
1.408536091709410298e+00
1.408536091709410298e+00
1.408594532356771678e+00
1.408711420753909982e+00
1.408711420753909982e+00
1.408769868504070377e+00
1.408945225963219805e+00
1.408945225963219805e+00
1.409003683186465183e+00
1.409003683186465183e+00
1.409062142778461757e+00
1.409062142778461757e+00
1.409237535768877780e+00
1.409237535768877780e+00
1.409237535768877780e+00
1.409296004837798488e+00
1.409412950084965699e+00
1.409412950084965699e+00
1.409412950084965699e+00
1.409529904812514500e+00
1.409880825892824818e+00
1.409997818557275906e+00
1.409997818557275906e+00
1.410173325344567630e+00
1.410173325344567630e+00
1.410290341732083341e+00
1.410290341732083341e+00
1.410348853485214660e+00
1.410348853485214660e+00
1.410407367611518747e+00
1.410407367611518747e+00
1.410465884111187673e+00
1.410524402984413950e+00
1.410582924231390312e+00
1.410641447852309494e+00
1.410641447852309494e+00
1.410641447852309494e+00
1.410641447852309494e+00
1.410699973847363786e+00
1.410699973847363786e+00
1.410758502216745924e+00
1.410758502216745924e+00
1.410758502216745924e+00
1.410758502216745924e+00
1.410817032960648643e+00
1.410875566079264676e+00
1.410934101572786536e+00
1.410934101572786536e+00
1.410934101572786536e+00
1.411343916540997112e+00
1.411343916540997112e+00
1.411402471040706486e+00
1.411461027917057187e+00
1.411578148800453736e+00
1.411578148800453736e+00
1.411578148800453736e+00
1.411578148800453736e+00
1.411636712807885941e+00
1.411695279192731300e+00
1.411812419095433535e+00
1.411870992613676545e+00
1.411929568510105204e+00
1.411929568510105204e+00
1.412046727438291294e+00
1.412046727438291294e+00
1.412222483671789819e+00
1.412339666390522774e+00
1.412398261319389503e+00
1.412398261319389503e+00
1.412456858628180267e+00
1.412456858628180267e+00
1.412574060386308838e+00
1.412632664836033003e+00
1.412632664836033003e+00
1.412808492470166932e+00
1.412808492470166932e+00
1.412867106443843612e+00
1.412867106443843612e+00
1.412867106443843612e+00
1.412984341535805433e+00
1.412984341535805433e+00
1.412984341535805433e+00
1.413160212038173436e+00
1.413160212038173436e+00
1.413160212038173436e+00
1.413218840303583912e+00
1.413277470951627590e+00
1.413394739396389710e+00
1.413453377193495175e+00
1.413512017374008778e+00
1.413629304886035332e+00
1.413629304886035332e+00
1.413687952217935972e+00
1.413746601934019687e+00
1.413746601934019687e+00
1.413805254034480763e+00
1.413863908519512602e+00
1.414039886283973591e+00
1.414098550309228708e+00
1.414215885516555193e+00
1.414274556699014695e+00
1.414333230267597274e+00
1.414333230267597274e+00
1.414333230267597274e+00
1.414391906222496553e+00
1.414509265292022810e+00
1.414509265292022810e+00
1.414567948407037701e+00
1.414567948407037701e+00
1.414567948407037701e+00
1.414802704739976047e+00
1.414978797061640758e+00
1.414978797061640758e+00
1.414978797061640758e+00
1.415037499278843924e+00
1.415037499278843924e+00
1.415096203884694814e+00
1.415096203884694814e+00
1.415154910879387939e+00
1.415213620263117811e+00
1.415213620263117811e+00
1.415213620263117811e+00
1.415272332036078939e+00
1.415448481692294536e+00
1.415507203024125360e+00
1.415565926746160219e+00
1.415565926746160219e+00
1.415565926746160219e+00
1.415624652858593402e+00
1.415742112255433227e+00
1.415859581216202256e+00
1.415859581216202256e+00
1.415859581216202256e+00
1.415918319283547167e+00
1.415918319283547167e+00
1.415918319283547167e+00
1.416035802593130555e+00
1.416094547835758943e+00
1.416094547835758943e+00
1.416153295470538254e+00
1.416153295470538254e+00
1.416212045497662775e+00
1.416329552729728603e+00
1.416447069533515180e+00
1.416447069533515180e+00
1.416447069533515180e+00
1.416505831525291192e+00
1.416564595910582369e+00
1.416682131862489591e+00
1.416682131862489591e+00
1.416740903429495990e+00
1.416740903429495990e+00
1.416740903429495990e+00
1.416799677390797596e+00
1.416799677390797596e+00
1.416917232497066692e+00
1.416917232497066692e+00
1.416917232497066692e+00
1.416976013642424315e+00
1.416976013642424315e+00
1.417034797182857853e+00
1.417093583118562261e+00
1.417152371449732717e+00
1.417328750817993033e+00
1.417387548732980562e+00
1.417387548732980562e+00
1.417446349044410248e+00
1.417446349044410248e+00
1.417505151752478154e+00
1.417505151752478154e+00
1.417622764359308896e+00
1.417681574258462529e+00
1.417681574258462529e+00
1.417799201249223762e+00
1.417799201249223762e+00
1.417858018341222603e+00
1.417858018341222603e+00
1.417975659719433290e+00
1.417975659719433290e+00
1.417975659719433290e+00
1.417975659719433290e+00
1.418152139775216813e+00
1.418210971258185182e+00
1.418210971258185182e+00
1.418328641421856107e+00
1.418328641421856107e+00
1.418387480102950349e+00
1.418505164664634721e+00
1.418505164664634721e+00
1.418622858826952271e+00
1.418622858826952271e+00
1.418622858826952271e+00
1.418799418075042951e+00
1.418799418075042951e+00
1.418917136245798183e+00
1.418975998933371896e+00
1.419211473702881143e+00
1.419211473702881143e+00
1.419270348401042270e+00
1.419329225501909209e+00
1.419388105005677581e+00
1.419388105005677581e+00
1.419388105005677581e+00
1.419388105005677581e+00
1.419446986912544117e+00
1.419446986912544117e+00
1.419446986912544117e+00
1.419505871222704663e+00
1.419564757936355726e+00
1.419623647053692927e+00
1.419623647053692927e+00
1.419623647053692927e+00
1.419741432500212230e+00
1.419918128702546412e+00
1.419918128702546412e+00
1.420035938194763592e+00
1.420094846548659584e+00
1.420153757308008968e+00
1.420389424403871725e+00
1.420389424403871725e+00
1.420448347193436156e+00
1.420507272389633036e+00
1.420566199992659318e+00
1.420566199992659318e+00
1.420742997244679451e+00
1.420742997244679451e+00
1.420801934476989103e+00
1.420860874117111372e+00
1.420860874117111372e+00
1.420978760621580239e+00
1.421155608441797558e+00
1.421214562532927550e+00
1.421214562532927550e+00
1.421214562532927550e+00
1.421450402991320194e+00
1.421450402991320194e+00
1.421627308639195286e+00
1.421686282009362756e+00
1.421745257790296479e+00
1.421804235982193410e+00
1.421804235982193410e+00
1.421804235982193410e+00
1.421922199599666259e+00
1.422040172863358487e+00
1.422040172863358487e+00
1.422099163113029974e+00
1.422099163113029974e+00
1.422158155774847943e+00
1.422394150547531266e+00
1.422571171964251313e+00
1.422630183930345460e+00
1.422689198310362890e+00
1.422748215104500336e+00
1.422866255935926638e+00
1.422925279973610735e+00
1.423043335293908029e+00
1.423102366576916911e+00
1.423161400275428923e+00
1.423161400275428923e+00
1.423456605007462850e+00
1.423692812292324250e+00
1.423692812292324250e+00
1.423929058256889979e+00
1.423988125793220094e+00
1.423988125793220094e+00
1.424224420125234536e+00
1.424224420125234536e+00
1.424283499755902183e+00
1.424401666275821654e+00
1.424519842475174158e+00
1.424992644098639349e+00
1.425051755197776382e+00
1.425110868718953760e+00
1.425524731200992878e+00
1.425583864105638421e+00
1.425879564990251591e+00
1.425997862316453757e+00
1.426175326495395579e+00
1.426234486073075569e+00
1.426293648076770060e+00
1.426293648076770060e+00
1.426352812506678003e+00
1.426471148645930498e+00
1.426707850047755910e+00
1.426707850047755910e+00
1.426707850047755910e+00
1.426767031466732005e+00
1.426826215313514501e+00
1.426826215313514501e+00
1.426944590291294723e+00
1.427240570236302020e+00
1.427299773512707759e+00
1.427477397920322133e+00
1.428365848142933103e+00
1.428602860635808769e+00
1.428958452398909174e+00
1.429669898969202269e+00
1.430203714230827483e+00
1.431865737090836088e+00
1.431865737090836088e+00
1.434421863215671111e+00
1.438592710413471698e+00
1.655981560118674256e+00
1.659037235748300532e+00
1.662169067308874260e+00
1.663353975252628070e+00
1.663772410516611178e+00
1.663911915911574280e+00
1.663981673668079919e+00
1.664888831575139783e+00
1.665028444972537880e+00
1.665168071881999889e+00
1.665237890404571930e+00
1.665307712306141052e+00
1.665307712306141052e+00
1.666075976330772646e+00
1.667753610173642764e+00
1.668033405576389239e+00
1.668663143703515983e+00
1.669433197119657208e+00
1.670413859935259593e+00
1.670764258266200120e+00
1.672166703249673203e+00
1.672657881255255274e+00
1.673430070430188543e+00
1.673430070430188543e+00
1.673640739228667851e+00
1.674272930263834613e+00
1.674343190815672955e+00
1.674624267245550246e+00
1.674764825998670936e+00
1.675045984594618176e+00
1.675045984594618176e+00
1.675327197994639139e+00
1.675397509910284688e+00
1.676522966849575802e+00
1.676522966849575802e+00
1.676663710719829226e+00
1.677790156251105724e+00
1.677790156251105724e+00
1.677790156251105724e+00
1.677931023803909127e+00
1.678071905112637596e+00
1.678142350926313586e+00
1.678776518089227121e+00
1.678987969105687039e+00
1.679269952012206968e+00
1.679693029739839805e+00
1.679975150501606951e+00
1.680045689313056645e+00
1.680751267182497344e+00
1.680751267182497344e+00
1.681174779600301372e+00
1.681245377091978854e+00
1.681315978038475212e+00
1.681527801610257500e+00
1.681810281427281950e+00
1.681810281427281950e+00
1.682163458995421523e+00
1.683223510752112073e+00
1.683647749641923319e+00
1.683718468253779577e+00
1.684779663624090151e+00
1.684779663624090151e+00
1.685770817386327503e+00
1.685841640146749754e+00
1.686620920062074536e+00
1.686691784567867280e+00
1.687187933595637679e+00
1.687400621137371104e+00
1.687613340038927046e+00
1.687755170066655319e+00
1.688606443164603288e+00
1.688606443164603288e+00
1.691021114959479599e+00
1.691163280414944348e+00
1.692016567466812171e+00
1.692728025731989661e+00
1.693724657103532039e+00
1.695078330418327450e+00
2.385520195754670780e+00
2.387592206861330002e+00
2.390128712821173007e+00
2.391745178022091078e+00
2.392669686250389116e+00
2.397649093750668481e+00
2.397881112895730915e+00
2.401714825853396462e+00
2.403460796102666830e+00
2.403693751866274653e+00
2.403810243855589501e+00
2.404392844938049389e+00
2.404859095258303547e+00
2.404975681386362751e+00
2.405325496310094735e+00
2.405558753390779181e+00
2.405792048190913857e+00
2.407542962731919367e+00
2.408945225963219805e+00
2.409062142778461535e+00
2.409296004837798488e+00
2.409412950084965921e+00
2.409412950084965921e+00
2.409997818557275906e+00
2.410817032960648643e+00
2.411285364417736332e+00
2.411285364417736332e+00
2.411402471040706263e+00
2.411519587170241952e+00
2.412456858628180267e+00
2.413629304886035332e+00
2.414685321798542894e+00
2.414685321798542894e+00
2.414685321798542894e+00
2.415154910879387717e+00
2.415624652858593180e+00
2.416094547835759165e+00
2.416212045497662775e+00
2.417505151752477932e+00
2.417622764359308896e+00
2.417858018341222603e+00
2.418328641421856329e+00
2.418446321183811420e+00
2.419741432500212230e+00
2.420448347193436156e+00
2.420919816165242544e+00
2.420919816165242544e+00
2.421037707486320745e+00
2.421863216585251166e+00
2.422807234312955860e+00
2.422925279973610735e+00
2.423633756845381182e+00
2.424224420125234314e+00
2.424460753165469384e+00
2.424815325331483695e+00
2.426707850047755688e+00
2.427181369389296961e+00
2.427181369389296961e+00
2.427773487206305258e+00
2.428010402395422762e+00
2.429551300174208617e+00
2.431568806832540286e+00
2.431925130476772612e+00
2.433113511961503939e+00
2.433589138782226158e+00
2.434778892305772491e+00
2.435969627798333814e+00
2.442655969510111547e+00
2.447090793466136116e+00
2.961081010707697470e+00
2.962281470246349802e+00
2.964685390175607616e+00
2.966060859273612849e+00
2.967782041821940275e+00
2.967782041821940275e+00
2.969505280250531509e+00
2.970885354530960587e+00
2.971575887051449705e+00
2.971748571837207198e+00
2.971921277295112684e+00
2.972266750247167799e+00
2.972612305947236244e+00
2.972957944434967636e+00
2.973649469932156730e+00
2.973822403110774282e+00
2.974341327056500450e+00
2.974687380078282040e+00
2.975033516126220690e+00
2.975033516126220690e+00
2.975206615297451229e+00
2.975379735240166745e+00
2.975552875959353027e+00
2.975899219747089930e+00
2.976072422825620567e+00
2.976072422825620567e+00
2.976245646700582892e+00
2.977458796545173758e+00
2.977805598239365192e+00
2.977805598239365192e+00
2.978152483319393973e+00
2.978152483319393973e+00
2.978499451825368460e+00
2.979020061095788208e+00
2.979020061095788208e+00
2.979367238342293334e+00
2.979888160911913442e+00
2.980235547150261510e+00
2.980756783396392162e+00
2.981278208029821464e+00
2.981452058128349680e+00
2.981452058128349680e+00
2.981625929178983725e+00
2.981625929178983725e+00
2.981799821186774224e+00
2.981799821186774224e+00
2.981973734156774469e+00
2.981973734156774469e+00
2.982843613616887435e+00
2.982843613616887435e+00
2.983365793163236468e+00
2.983539895020792976e+00
2.983714017891185843e+00
2.984759196667318371e+00
2.984759196667318371e+00
2.984933466769709387e+00
2.985107757925570926e+00
2.985107757925570926e+00
2.985456403418057736e+00
2.986153947268653130e+00
2.986153947268653130e+00
2.986153947268653130e+00
2.986328385941362740e+00
2.986677326574552538e+00
2.986677326574552538e+00
2.986677326574552538e+00
2.986851828545238785e+00
2.986851828545238785e+00
2.987200895820323776e+00
2.987375461134940569e+00
2.987550047574421441e+00
2.987550047574421441e+00
2.987724655143879637e+00
2.987724655143879637e+00
2.987724655143879637e+00
2.987724655143879637e+00
2.987899283848431065e+00
2.988073933693192075e+00
2.988073933693192075e+00
2.988073933693192075e+00
2.988073933693192075e+00
2.988423296823822906e+00
2.988423296823822906e+00
2.988423296823822906e+00
2.988598010119935644e+00
2.988772744576746021e+00
2.988772744576746021e+00
2.988772744576746021e+00
2.988947500199379714e+00
2.988947500199379714e+00
2.988947500199379714e+00
2.989122276992965510e+00
2.989122276992965510e+00
2.989471894113515216e+00
2.989821595979459623e+00
2.989821595979459623e+00
2.989996478704795013e+00
2.989996478704795013e+00
2.989996478704795013e+00
2.990346307765890721e+00
2.990346307765890721e+00
2.990521254111935257e+00
2.990696221675170463e+00
2.990696221675170463e+00
2.990871210460743779e+00
2.991396304202987633e+00
2.991396304202987633e+00
2.991746472903951570e+00
2.991746472903951570e+00
2.991746472903951570e+00
2.991921589131742998e+00
2.991921589131742998e+00
2.992096726617953895e+00
2.992447065386282912e+00
2.992447065386282912e+00
2.992447065386282912e+00
2.992447065386282912e+00
2.992622266678730547e+00
2.992622266678730547e+00
2.992797489250257126e+00
2.992972733106031402e+00
2.993147998251225239e+00
2.993147998251225239e+00
2.993147998251225239e+00
2.993147998251225239e+00
2.993147998251225239e+00
2.993147998251225239e+00
2.993323284691011832e+00
2.993323284691011832e+00
2.993323284691011832e+00
2.993673921475066280e+00
2.994024643499618055e+00
2.994024643499618055e+00
2.994200036490033856e+00
2.994375450806121997e+00
2.994375450806121997e+00
2.994726343436062699e+00
2.994726343436062699e+00
2.994901821760293625e+00
2.995077321430954953e+00
2.995077321430954953e+00
2.995077321430954953e+00
2.995252842453239417e+00
2.995252842453239417e+00
2.995428384832343749e+00
2.995603948573465569e+00
2.995603948573465569e+00
2.995779533681804718e+00
2.995779533681804718e+00
2.995779533681804718e+00
2.995955140162563257e+00
2.995955140162563257e+00
2.995955140162563257e+00
2.996130768020944135e+00
2.996130768020944135e+00
2.996130768020944135e+00
2.996306417262153410e+00
2.996306417262153410e+00
2.996482087891398027e+00
2.996657779913887598e+00
2.996833493334833065e+00
2.996833493334833065e+00
2.997009228159447147e+00
2.997009228159447147e+00
2.997360762040545357e+00
2.997536561107465136e+00
2.997888223520147832e+00
2.998064086876358836e+00
2.998064086876358836e+00
2.998239971672783888e+00
2.998239971672783888e+00
2.998239971672783888e+00
2.998415877914651251e+00
2.998415877914651251e+00
2.998591805607191407e+00
2.998591805607191407e+00
2.998591805607191407e+00
2.998591805607191407e+00
2.998591805607191407e+00
2.998591805607191407e+00
2.998767754755637061e+00
2.998767754755637061e+00
2.998767754755637061e+00
2.998943725365221358e+00
2.999119717441180999e+00
2.999119717441180999e+00
2.999295730988753572e+00
2.999295730988753572e+00
2.999295730988753572e+00
2.999471766013178886e+00
2.999471766013178886e+00
2.999471766013178886e+00
2.999647822519698970e+00
2.999647822519698970e+00
2.999647822519698970e+00
2.999823900513557628e+00
3.000000000000000000e+00
3.000000000000000000e+00
3.000000000000000000e+00
3.000176120984273886e+00
3.000176120984273886e+00
3.000176120984273886e+00
3.000352263471628866e+00
3.000352263471628866e+00
3.000528427467316295e+00
3.000528427467316295e+00
3.000528427467316295e+00
3.000528427467316295e+00
3.000528427467316295e+00
3.000528427467316295e+00
3.001233298638484204e+00
3.001233298638484204e+00
3.001409570254671255e+00
3.001409570254671255e+00
3.001585863410739741e+00
3.001585863410739741e+00
3.001585863410739741e+00
3.001762178111953894e+00
3.001938514363580612e+00
3.001938514363580612e+00
3.002114872170889015e+00
3.002114872170889015e+00
3.002644074979618605e+00
3.002644074979618605e+00
3.002820519062378679e+00
3.002820519062378679e+00
3.003173471979341258e+00
3.003173471979341258e+00
3.003349980824106424e+00
3.003349980824106424e+00
3.003349980824106424e+00
3.003349980824106424e+00
3.003349980824106424e+00
3.003349980824106424e+00
3.003526511266772836e+00
3.003703063312626043e+00
3.003879636966954259e+00
3.003879636966954259e+00
3.003879636966954259e+00
3.004056232235047919e+00
3.004056232235047919e+00
3.004056232235047919e+00
3.004232849122198346e+00
3.004232849122198346e+00
3.004409487633700415e+00
3.004409487633700415e+00
3.004586147774849003e+00
3.004762829550942538e+00
3.004939532967280780e+00
3.005469773110789333e+00
3.005469773110789333e+00
3.005646563141142202e+00
3.005823374838267448e+00
3.005823374838267448e+00
3.005823374838267448e+00
3.005823374838267448e+00
3.006000208207476820e+00
3.006000208207476820e+00
3.006000208207476820e+00
3.006000208207476820e+00
3.006000208207476820e+00
3.006177063254083848e+00
3.006177063254083848e+00
3.006353939983403389e+00
3.006353939983403389e+00
3.006353939983403389e+00
3.006530838400753414e+00
3.007238649056868773e+00
3.007238649056868773e+00
3.007415655994197579e+00
3.007415655994197579e+00
3.007946807147361401e+00
3.007946807147361401e+00
3.008123900996585220e+00
3.008301016587120014e+00
3.008301016587120014e+00
3.008301016587120014e+00
3.008655313013480548e+00
3.008655313013480548e+00
3.008655313013480548e+00
3.008655313013480548e+00
3.008832493859989743e+00
3.009009696469177708e+00
3.009186920846390834e+00
3.009186920846390834e+00
3.009186920846390834e+00
3.009186920846390834e+00
3.009364166996977730e+00
3.009364166996977730e+00
3.009364166996977730e+00
3.009541434926289671e+00
3.009541434926289671e+00
3.009718724639678822e+00
3.009718724639678822e+00
3.009896036142500009e+00
3.010250724537867129e+00
3.010250724537867129e+00
3.010250724537867129e+00
3.010428101441132043e+00
3.010782920685637798e+00
3.010960363037610055e+00
3.011137827216551877e+00
3.011670350768912208e+00
3.011847902309458647e+00
3.012025475703846933e+00
3.012025475703846933e+00
3.012025475703846933e+00
3.012203070957458095e+00
3.012203070957458095e+00
3.012203070957458095e+00
3.012380688075674495e+00
3.012380688075674495e+00
3.012558327063880270e+00
3.012558327063880270e+00
3.012558327063880270e+00
3.012735987927461334e+00
3.012913670671806710e+00
3.013091375302306751e+00
3.013624620564666401e+00
3.013624620564666401e+00
3.013980226935923934e+00
3.013980226935923934e+00
3.013980226935923934e+00
3.014513800895364692e+00
3.015047572267632869e+00
3.015225539953159117e+00
3.015225539953159117e+00
3.015581541198861792e+00
3.015759574769876661e+00
3.015937630313563211e+00
3.015937630313563211e+00
3.016115707835345994e+00
3.016115707835345994e+00
3.016471928834906002e+00
3.016650072323542542e+00
3.016650072323542542e+00
3.017184634810071930e+00
3.017362866330576043e+00
3.018076012682660014e+00
3.018076012682660014e+00
3.018432718096985212e+00
3.018611103882793856e+00
3.018789511728305452e+00
3.018789511728305452e+00
3.019146393620264490e+00
3.019681882042455356e+00
3.020396175925540216e+00
3.020574804668526792e+00
3.020932128519489890e+00
3.020932128519489890e+00
3.020932128519489890e+00
3.021289540893642656e+00
3.021825825531831988e+00
3.022183459405970662e+00
3.022898993228890774e+00
3.023256893265677814e+00
3.023435876584670279e+00
3.023435876584670279e+00
3.023614882111407720e+00
3.023614882111407720e+00
3.023972959810165673e+00
3.023972959810165673e+00
3.024152031993215139e+00
3.024331126406068826e+00
3.024510243054245873e+00
3.025226932110658407e+00
3.026302633694648136e+00
3.026302633694648136e+00
3.026481995296282701e+00
3.026661379199639512e+00
3.026661379199639512e+00
3.026661379199639512e+00
3.027199664775521271e+00
3.027738151266708311e+00
3.028276838823239725e+00
3.028636075638066139e+00
3.028636075638066139e+00
3.029534559220004475e+00
3.031153241103705209e+00
3.031333206804791569e+00
3.032773741164006331e+00
3.033674806111721800e+00
3.034937243255372508e+00
3.035117681632305775e+00
3.955605880641546612e+00
3.964169927164983065e+00
3.966576998462549852e+00
3.966576998462549852e+00
3.967954273069191462e+00
3.968988092562293790e+00
3.972439517751223281e+00
3.973476557480234206e+00
3.975899219747089930e+00
3.977285426955241121e+00
3.980061843575204872e+00
3.981452058128349680e+00
3.982147668094038639e+00
3.982495598890585242e+00
3.988423296823822906e+00
3.990521254111935257e+00
3.991571377929419295e+00
3.991921589131742998e+00
3.992972733106031402e+00
3.994024643499618055e+00
3.996130768020944135e+00
3.997184984392946117e+00
3.997184984392946117e+00
3.997184984392946117e+00
3.999647822519698970e+00
4.001762178111953894e+00
4.002467652473634452e+00
4.002467652473634452e+00
4.003173471979341258e+00
4.004939532967281224e+00
4.006000208207477264e+00
4.007769735034112379e+00
4.008478153924304621e+00
4.008478153924304621e+00
4.008832493859989299e+00
4.009186920846390834e+00
4.009541434926289227e+00
4.009896036142500009e+00
4.010250724537867129e+00
4.010605500155267400e+00
4.011315313227834523e+00
4.013802412793727292e+00
4.016293807340650446e+00
4.016650072323542098e+00
4.018432718096985212e+00
4.018789511728305008e+00
4.019860422360842733e+00
4.020574804668526347e+00
4.021289540893643100e+00
4.021647041834857106e+00
4.024510243054246317e+00
4.025585410194472580e+00
4.027379137941254683e+00
4.030973297849229198e+00
4.036020212184660672e+00
4.036742643366951988e+00
4.036742643366951988e+00
4.037826968890291468e+00
4.040360235635813702e+00
4.041084843908650193e+00
