3.921182050038021227e+00
3.950151450549438614e+00
3.953899154971198371e+00
3.958340848362785547e+00
3.959710278974283071e+00
3.960052839830905835e+00
3.960395482046241700e+00
3.963482929513482578e+00
3.965201037422732444e+00
3.966232885153610166e+00
3.966921193869380691e+00
3.967954273069191462e+00
3.968298797259697697e+00
3.969332863753058493e+00
3.970022653410420599e+00
3.970712773031754850e+00
3.970712773031754850e+00
3.971748571837207198e+00
3.972439517751223281e+00
3.973822403110774282e+00
3.974168331667974119e+00
3.974514343191611232e+00
3.975206615297451229e+00
3.976938750264665146e+00
3.976938750264665146e+00
3.977632186971545636e+00
3.979020061095788208e+00
3.980061843575204872e+00
3.980409271642119329e+00
3.980409271642119329e+00
3.980756783396392162e+00
3.982495598890585242e+00
3.982495598890585242e+00
3.982843613616887435e+00
3.983539895020792976e+00
3.983539895020792976e+00
3.983888161779488346e+00
3.984236512630121574e+00
3.984584947613312611e+00
3.984584947613312611e+00
3.984933466769709387e+00
3.985630757764863308e+00
3.985630757764863308e+00
3.985979529685065526e+00
3.987026351625459597e+00
3.987026351625459597e+00
3.987026351625459597e+00
3.988423296823822906e+00
3.988423296823822906e+00
3.988423296823822906e+00
3.989122276992965510e+00
3.989122276992965510e+00
3.989471894113515216e+00
3.990171382631891639e+00
3.990871210460743779e+00
3.991221251719500707e+00
3.991221251719500707e+00
3.991921589131742998e+00
3.992271885367745909e+00
3.992622266678730547e+00
3.992972733106031402e+00
3.993673921475066280e+00
3.994024643499618055e+00
3.995077321430954953e+00
3.995077321430954953e+00
3.995428384832343749e+00
3.996130768020944135e+00
3.996482087891398027e+00
3.996833493334833065e+00
3.996833493334833065e+00
3.997184984392946117e+00
3.997184984392946117e+00
3.997536561107465136e+00
3.997536561107465136e+00
3.997888223520147832e+00
3.998239971672783888e+00
3.998591805607191407e+00
3.998591805607191407e+00
3.999295730988753572e+00
3.999295730988753572e+00
3.999295730988753572e+00
4.000000000000000000e+00
4.000000000000000000e+00
4.000000000000000000e+00
4.000352263471628866e+00
4.000352263471628866e+00
4.001057048556915241e+00
4.002114872170889015e+00
4.002467652473634452e+00
4.002467652473634452e+00
4.002467652473634452e+00
4.002820519062378679e+00
4.003526511266772836e+00
4.004232849122198346e+00
4.005646563141142202e+00
4.006353939983403833e+00
4.006353939983403833e+00
4.006353939983403833e+00
4.006707758511452333e+00
4.006707758511452333e+00
4.006707758511452333e+00
4.007061663834186049e+00
4.008123900996585220e+00
4.008123900996585220e+00
4.008832493859989299e+00
4.009541434926289227e+00
4.009896036142500009e+00
4.010250724537867129e+00
4.010605500155267400e+00
4.011315313227834523e+00
4.011670350768912208e+00
4.011670350768912208e+00
4.012380688075674939e+00
4.012380688075674939e+00
4.012735987927461778e+00
4.013091375302306751e+00
4.013802412793727292e+00
4.013802412793727292e+00
4.014158062996659559e+00
4.014158062996659559e+00
4.014869626533100977e+00
4.016650072323542098e+00
4.017006425305689632e+00
4.017362866330576487e+00
4.018076012682660014e+00
4.018432718096985212e+00
4.019146393620264490e+00
4.019860422360842733e+00
4.020574804668526347e+00
4.021289540893643100e+00
4.021647041834857106e+00
4.021647041834857106e+00
4.023435876584670723e+00
4.023435876584670723e+00
4.023793909851401729e+00
4.024152031993215139e+00
4.025226932110657962e+00
4.025226932110657962e+00
4.025585410194472580e+00
4.026661379199639512e+00
4.026661379199639512e+00
4.027379137941254683e+00
4.028097253954533663e+00
4.029175098637383101e+00
4.029175098637383101e+00
4.030613478657717685e+00
4.030613478657717685e+00
4.031333206804792013e+00
4.034215715337913011e+00
4.036381382556027297e+00
4.037826968890291468e+00
4.038550305601804169e+00
4.038912110002669031e+00
4.046894849408658956e+00
4.355693038454418797e+00
4.361111617747739366e+00
4.364281879668951980e+00
4.365642698862023607e+00
4.366550625286507170e+00
4.368822944296021582e+00
4.368822944296021582e+00
4.368822944296021582e+00
4.370188055617766132e+00
4.372466115527208430e+00
4.372466115527208430e+00
4.373378347641629027e+00
4.373834680095501248e+00
4.374291156935534275e+00
4.374291156935534275e+00
4.375661454687015173e+00
4.375661454687015173e+00
4.376575710130088837e+00
4.376575710130088837e+00
4.376575710130088837e+00
4.377033055209489376e+00
4.377033055209489376e+00
4.378405960982460599e+00
4.378863886725358867e+00
4.380697044584313637e+00
4.380697044584313637e+00
4.380697044584313637e+00
4.381614497741393777e+00
4.382532534705803506e+00
4.383451156221010336e+00
4.383910686417884506e+00
4.384830186156396969e+00
4.385290155884791652e+00
4.385290155884791652e+00
4.386210535527419907e+00
4.386670945628946328e+00
4.387131502708959019e+00
4.387131502708959019e+00
4.387592206861330446e+00
4.388053058180019228e+00
4.388975202692647848e+00
4.389897937000335482e+00
4.390359525563188647e+00
4.390359525563188647e+00
4.390821261858020463e+00
4.390821261858020463e+00
4.391283145979426372e+00
4.391283145979426372e+00
4.391745178022091523e+00
4.391745178022091523e+00
4.392669686250389560e+00
4.392669686250389560e+00
4.393132162625848380e+00
4.393594787302215643e+00
4.393594787302215643e+00
4.394057560374632132e+00
4.394057560374632132e+00
4.394983552088636003e+00
4.394983552088636003e+00
4.394983552088636003e+00
4.394983552088636003e+00
4.395446770920963253e+00
4.395910138530820355e+00
4.396373655013808168e+00
4.396837320465618149e+00
4.397301134982035009e+00
4.398693473878159566e+00
4.398693473878159566e+00
4.398693473878159566e+00
4.399157885612698493e+00
4.399157885612698493e+00
4.399622446892156091e+00
4.400087157812872185e+00
4.400087157812872185e+00
4.400552018471280746e+00
4.400552018471280746e+00
4.401017028963909006e+00
4.401947499838399835e+00
4.401947499838399835e+00
4.402412960413784049e+00
4.402878571210431247e+00
4.402878571210431247e+00
4.403344332325336730e+00
4.403344332325336730e+00
4.404276305898372712e+00
4.404276305898372712e+00
4.404276305898372712e+00
4.404276305898372712e+00
4.404742518550964547e+00
4.404742518550964547e+00
4.405208881910735563e+00
4.405675396075152683e+00
4.406608877208262776e+00
4.406608877208262776e+00
4.406608877208262776e+00
4.406608877208262776e+00
4.407075844372362106e+00
4.407075844372362106e+00
4.407075844372362106e+00
4.407075844372362106e+00
4.407542962731919367e+00
4.407542962731919367e+00
4.408010232384874882e+00
4.408010232384874882e+00
4.408945225963219805e+00
4.409412950084965921e+00
4.409412950084965921e+00
4.410348853485214882e+00
4.410348853485214882e+00
4.410348853485214882e+00
4.410817032960649087e+00
4.410817032960649087e+00
4.410817032960649087e+00
4.411285364417736332e+00
4.411285364417736332e+00
4.411753847955182550e+00
4.412222483671789597e+00
4.412222483671789597e+00
4.412222483671789597e+00
4.412222483671789597e+00
4.412691271666455251e+00
4.413160212038173214e+00
4.413629304886035776e+00
4.413629304886035776e+00
4.414098550309228486e+00
4.414567948407038145e+00
4.415037499278843924e+00
4.415037499278843924e+00
4.415507203024125360e+00
4.415977059742457911e+00
4.416447069533514735e+00
4.416917232497066692e+00
4.416917232497066692e+00
4.417387548732980562e+00
4.417387548732980562e+00
4.417858018341222603e+00
4.417858018341222603e+00
4.418799418075042951e+00
4.418799418075042951e+00
4.418799418075042951e+00
4.419270348401042270e+00
4.419270348401042270e+00
4.419270348401042270e+00
4.419270348401042270e+00
4.419741432500211786e+00
4.420212670473008920e+00
4.420212670473008920e+00
4.421155608441797114e+00
4.421155608441797114e+00
4.421155608441797114e+00
4.421155608441797114e+00
4.421627308639195064e+00
4.422099163113029974e+00
4.422571171964251313e+00
4.422571171964251313e+00
4.422571171964251313e+00
4.422571171964251313e+00
4.422571171964251313e+00
4.423043335293908029e+00
4.423043335293908029e+00
4.423515653203148545e+00
4.423988125793219872e+00
4.423988125793219872e+00
4.423988125793219872e+00
4.423988125793219872e+00
4.424460753165469384e+00
4.424933535421343933e+00
4.424933535421343933e+00
4.424933535421343933e+00
4.425406472662388957e+00
4.425406472662388957e+00
4.425406472662388957e+00
4.425879564990252035e+00
4.425879564990252035e+00
4.425879564990252035e+00
4.426352812506678447e+00
4.426352812506678447e+00
4.426826215313514723e+00
4.427299773512707759e+00
4.428247356496454401e+00
4.428247356496454401e+00
4.428721381485404507e+00
4.428721381485404507e+00
4.428721381485404507e+00
4.428721381485404507e+00
4.428721381485404507e+00
4.429669898969201824e+00
4.429669898969201824e+00
4.430144391669052162e+00
4.430144391669052162e+00
4.430144391669052162e+00
4.430619040477705717e+00
4.430619040477705717e+00
4.431093845497916739e+00
4.431093845497916739e+00
4.432043924584533556e+00
4.432519198856955889e+00
4.432519198856955889e+00
4.432519198856955889e+00
4.434421863215670889e+00
4.434421863215670889e+00
4.435374137204627587e+00
4.435374137204627587e+00
4.436803727783263263e+00
4.436803727783263263e+00
4.436803727783263263e+00
4.437280572950681012e+00
4.437280572950681012e+00
4.437280572950681012e+00
4.437280572950681012e+00
4.437757575778927155e+00
4.437757575778927155e+00
4.437757575778927155e+00
4.438234736372292488e+00
4.439667165787558822e+00
4.439667165787558822e+00
4.440144958486374804e+00
4.440144958486374804e+00
4.440622909473316504e+00
4.441101018853297333e+00
4.441101018853297333e+00
4.441101018853297333e+00
4.441101018853297333e+00
4.441101018853297333e+00
4.441579286731335507e+00
4.441579286731335507e+00
4.441579286731335507e+00
4.442057713212553161e+00
4.442536298402176342e+00
4.443015042405536796e+00
4.443015042405536796e+00
4.443493945328071959e+00
4.444452228352935741e+00
4.444931608666663259e+00
4.446370706083635049e+00
4.446370706083635049e+00
4.447330902485727933e+00
4.448772396401711404e+00
4.448772396401711404e+00
4.448772396401711404e+00
4.450696631486425581e+00
4.451659712323851714e+00
4.454070230914532580e+00
4.454552818321905860e+00
4.456968179744762004e+00
4.457451737664787750e+00
4.458903384650476198e+00
4.461811067947580867e+00
4.462781599461403736e+00
4.464238622013344759e+00
4.465210788519732965e+00
4.468618539483688146e+00
4.469593662900932074e+00
4.470081471879676194e+00
4.473011794567993249e+00
4.473500760863434067e+00
4.475458284964150657e+00
4.478890356348667723e+00
4.479872449675148971e+00
4.923184402949169147e+00
4.924520850511982850e+00
4.929208190576939153e+00
4.929208190576939153e+00
4.930550232572216807e+00
4.932565639243478017e+00
4.933910809542227938e+00
4.934583865323452834e+00
4.939304068312446283e+00
4.940655539175574873e+00
4.943362284886799074e+00
4.943362284886799074e+00
4.944039765547706189e+00
4.946074118468895442e+00
4.946074118468895442e+00
4.946752874087573915e+00
4.946752874087573915e+00
4.947431949195846279e+00
4.947431949195846279e+00
4.948111344094622055e+00
4.948111344094622055e+00
4.949471094469444665e+00
4.949471094469444665e+00
4.949471094469444665e+00
4.950151450549438614e+00
4.951513126007663246e+00
4.951513126007663246e+00
4.952876087885973888e+00
4.954240338617316830e+00
4.954240338617316830e+00
4.954922948065059174e+00
4.955605880641546612e+00
4.955605880641546612e+00
4.955605880641546612e+00
4.955605880641546612e+00
4.956289136652843652e+00
4.958340848362785103e+00
4.958340848362785103e+00
4.959025401182693749e+00
4.960395482046241256e+00
4.960395482046241256e+00
4.961081010707697914e+00
4.961081010707697914e+00
4.961766865268220528e+00
4.962453046037821558e+00
4.962453046037821558e+00
4.963139553326954001e+00
4.963139553326954001e+00
4.965201037422732000e+00
4.965888853903407174e+00
4.966576998462549852e+00
4.966576998462549852e+00
4.967265471413286448e+00
4.967265471413286448e+00
4.967265471413286448e+00
4.967265471413286448e+00
4.967954273069191906e+00
4.967954273069191906e+00
4.967954273069191906e+00
4.968643403744290588e+00
4.968643403744290588e+00
4.968643403744290588e+00
4.968643403744290588e+00
4.968643403744290588e+00
4.968643403744290588e+00
4.969332863753058938e+00
4.969332863753058938e+00
4.970022653410421043e+00
4.970712773031754850e+00
4.970712773031754850e+00
4.972094003430115094e+00
4.972094003430115094e+00
4.972094003430115094e+00
4.972785114840164944e+00
4.972785114840164944e+00
4.973476557480234206e+00
4.973476557480234206e+00
4.973476557480234206e+00
4.974168331667973675e+00
4.974168331667973675e+00
4.974860437721491557e+00
4.974860437721491557e+00
4.975552875959353472e+00
4.975552875959353472e+00
4.975552875959353472e+00
4.976938750264665146e+00
4.976938750264665146e+00
4.976938750264665146e+00
4.976938750264665146e+00
4.976938750264665146e+00
4.976938750264665146e+00
4.978325957141629843e+00
4.979020061095788208e+00
4.979714499155352136e+00
4.979714499155352136e+00
4.979714499155352136e+00
4.979714499155352136e+00
4.980409271642119329e+00
4.981799821186774224e+00
4.981799821186774224e+00
4.982495598890585242e+00
4.982495598890585242e+00
4.982495598890585242e+00
4.983191712313446153e+00
4.983191712313446153e+00
4.983191712313446153e+00
4.983191712313446153e+00
4.983888161779487902e+00
4.983888161779487902e+00
4.984584947613312167e+00
4.984584947613312167e+00
4.985282070139990473e+00
4.985282070139990473e+00
4.985282070139990473e+00
4.985282070139990473e+00
4.985282070139990473e+00
4.985979529685065081e+00
4.985979529685065081e+00
4.985979529685065081e+00
4.985979529685065081e+00
4.985979529685065081e+00
4.986677326574552538e+00
4.986677326574552538e+00
4.987375461134940124e+00
4.987375461134940124e+00
4.987375461134940124e+00
4.988073933693192075e+00
4.988772744576746021e+00
4.988772744576746021e+00
4.990171382631891639e+00
4.990871210460743335e+00
4.990871210460743335e+00
4.991571377929418851e+00
4.991571377929418851e+00
4.991571377929418851e+00
4.992271885367745909e+00
4.992271885367745909e+00
4.992972733106031846e+00
4.992972733106031846e+00
4.992972733106031846e+00
4.993673921475066280e+00
4.993673921475066280e+00
4.994375450806121997e+00
4.994375450806121997e+00
4.994375450806121997e+00
4.994375450806121997e+00
4.995077321430954953e+00
4.995077321430954953e+00
4.995779533681805162e+00
4.995779533681805162e+00
4.995779533681805162e+00
4.995779533681805162e+00
4.996482087891397583e+00
4.996482087891397583e+00
4.996482087891397583e+00
4.996482087891397583e+00
4.997184984392945672e+00
4.997184984392945672e+00
4.997184984392945672e+00
4.997184984392945672e+00
4.997184984392945672e+00
4.997888223520147832e+00
4.997888223520147832e+00
4.997888223520147832e+00
4.997888223520147832e+00
4.999295730988753128e+00
4.999295730988753128e+00
4.999295730988753128e+00
4.999295730988753128e+00
4.999295730988753128e+00
4.999295730988753128e+00
4.999295730988753128e+00
5.000000000000000000e+00
5.000000000000000000e+00
5.000000000000000000e+00
5.000000000000000000e+00
5.000704612976589303e+00
5.000704612976589303e+00
5.001409570254671699e+00
5.001409570254671699e+00
5.001409570254671699e+00
5.002114872170889015e+00
5.002114872170889015e+00
5.003526511266772836e+00
5.003526511266772836e+00
5.003526511266772836e+00
5.004232849122198346e+00
5.004232849122198346e+00
5.004232849122198346e+00
5.004232849122198346e+00
5.004232849122198346e+00
5.004232849122198346e+00
5.004232849122198346e+00
5.004232849122198346e+00
5.004939532967281224e+00
5.004939532967281224e+00
5.005646563141142202e+00
5.005646563141142202e+00
5.006353939983403833e+00
5.007061663834186049e+00
5.007061663834186049e+00
5.007061663834186049e+00
5.007061663834186049e+00
5.007769735034112379e+00
5.007769735034112379e+00
5.008478153924304621e+00
5.008478153924304621e+00
5.009186920846390834e+00
5.009186920846390834e+00
5.009186920846390834e+00
5.009186920846390834e+00
5.009186920846390834e+00
5.009186920846390834e+00
5.009896036142500009e+00
5.009896036142500009e+00
5.009896036142500009e+00
5.009896036142500009e+00
5.010605500155267400e+00
5.010605500155267400e+00
5.010605500155267400e+00
5.011315313227834523e+00
5.011315313227834523e+00
5.011315313227834523e+00
5.011315313227834523e+00
5.012025475703847377e+00
5.012025475703847377e+00
5.012025475703847377e+00
5.012025475703847377e+00
5.012025475703847377e+00
5.012025475703847377e+00
5.012735987927461778e+00
5.013446850243340691e+00
5.014158062996659559e+00
5.014869626533100977e+00
5.015581541198861792e+00
5.015581541198861792e+00
5.015581541198861792e+00
5.015581541198861792e+00
5.016293807340650446e+00
5.016293807340650446e+00
5.017006425305689632e+00
5.017006425305689632e+00
5.017006425305689632e+00
5.017006425305689632e+00
5.017719395441717189e+00
5.017719395441717189e+00
5.019146393620264490e+00
5.019146393620264490e+00
5.019146393620264490e+00
5.019860422360842733e+00
5.019860422360842733e+00
5.019860422360842733e+00
5.021289540893643100e+00
5.021289540893643100e+00
5.021289540893643100e+00
5.021289540893643100e+00
5.021289540893643100e+00
5.021289540893643100e+00
5.022004631387038565e+00
5.022004631387038565e+00
5.022720076500083231e+00
5.023435876584670723e+00
5.023435876584670723e+00
5.024152031993215139e+00
5.024868543078659933e+00
5.024868543078659933e+00
5.024868543078659933e+00
5.024868543078659933e+00
5.025585410194472580e+00
5.026302633694648136e+00
5.026302633694648136e+00
5.027020213933709236e+00
5.027020213933709236e+00
5.027020213933709236e+00
5.027020213933709236e+00
5.027020213933709236e+00
5.027020213933709236e+00
5.027738151266707867e+00
5.028456446049228035e+00
5.028456446049228035e+00
5.029175098637383101e+00
5.029175098637383101e+00
5.029175098637383101e+00
5.029894109387819334e+00
5.029894109387819334e+00
5.030613478657717685e+00
5.031333206804792013e+00
5.031333206804792013e+00
5.031333206804792013e+00
5.032053294187292636e+00
5.033494548094259002e+00
5.034215715337913011e+00
5.034215715337913011e+00
5.034215715337913011e+00
5.034937243255372508e+00
5.035659132207581656e+00
5.036381382556027297e+00
5.038550305601804169e+00
5.038550305601804169e+00
5.038550305601804169e+00
5.041447284568988607e+00
5.041447284568988607e+00
5.042172439166256126e+00
5.042172439166256126e+00
5.042897958437714045e+00
5.042897958437714045e+00
5.043623842750330155e+00
5.045076707969680108e+00
5.045803689613125087e+00
5.045803689613125087e+00
5.046531037771152306e+00
5.046531037771152306e+00
5.046531037771152306e+00
5.047258752813512217e+00
5.047986835110513937e+00
5.048715285033027911e+00
5.049444102952487690e+00
5.050902844270791725e+00
5.050902844270791725e+00
5.051632768415322161e+00
5.052363062048172537e+00
5.052363062048172537e+00
5.053093725543602588e+00
5.053093725543602588e+00
5.053824759276441370e+00
5.054556163622088150e+00
5.056020085656261820e+00
5.056020085656261820e+00
5.056752604098446291e+00
5.057485494660760139e+00
5.058218757721469672e+00
5.058952393659419400e+00
5.058952393659419400e+00
5.060420785685306733e+00
5.060420785685306733e+00
5.061155542533828822e+00
5.061890673780760963e+00
5.063362060997429026e+00
5.065571959373196265e+00
5.067785248031614564e+00
5.067785248031614564e+00
5.071481624742109950e+00
5.072222037917657467e+00
5.077415597286336180e+00
5.080391761396746197e+00
5.084867551049349288e+00
5.874586529516685474e+00
5.890169345721205652e+00
5.894091491428842033e+00
5.900652189596806707e+00
5.900652189596806707e+00
5.909887580335711377e+00
5.915191612195638271e+00
5.919182472391672611e+00
5.920515216173185102e+00
5.921849192265349338e+00
5.924520850511982850e+00
5.925858537247494340e+00
5.927197465455792624e+00
5.931221722014587527e+00
5.932565639243478017e+00
5.935257235249744134e+00
5.937953862279509387e+00
5.937953862279509387e+00
5.937953862279509387e+00
5.937953862279509387e+00
5.939304068312446283e+00
5.940655539175574873e+00
5.940655539175574873e+00
5.940655539175574873e+00
5.940655539175574873e+00
5.942008277240824476e+00
5.942008277240824476e+00
5.943362284886799074e+00
5.943362284886799074e+00
5.944717564498810169e+00
5.944717564498810169e+00
5.947431949195846279e+00
5.947431949195846279e+00
5.948791059085235311e+00
5.948791059085235311e+00
5.950151450549438614e+00
5.950151450549438614e+00
5.951513126007663246e+00
5.952876087885973888e+00
5.952876087885973888e+00
5.954240338617316830e+00
5.954240338617316830e+00
5.954240338617316830e+00
5.954240338617316830e+00
5.955605880641546612e+00
5.955605880641546612e+00
5.956972716405452672e+00
5.956972716405452672e+00
5.959710278974283071e+00
5.959710278974283071e+00
5.961081010707697914e+00
5.961081010707697914e+00
5.962453046037821558e+00
5.962453046037821558e+00
5.962453046037821558e+00
5.962453046037821558e+00
5.963826387446514943e+00
5.963826387446514943e+00
5.963826387446514943e+00
5.963826387446514943e+00
5.965201037422732000e+00
5.965201037422732000e+00
5.966576998462549852e+00
5.966576998462549852e+00
5.967954273069191906e+00
5.967954273069191906e+00
5.967954273069191906e+00
5.967954273069191906e+00
5.967954273069191906e+00
5.969332863753058938e+00
5.969332863753058938e+00
5.970712773031754850e+00
5.970712773031754850e+00
5.970712773031754850e+00
5.970712773031754850e+00
5.970712773031754850e+00
5.970712773031754850e+00
5.973476557480234206e+00
5.973476557480234206e+00
5.973476557480234206e+00
5.973476557480234206e+00
5.973476557480234206e+00
5.973476557480234206e+00
5.974860437721491557e+00
5.974860437721491557e+00
5.976245646700583336e+00
5.976245646700583336e+00
5.977632186971545636e+00
5.979020061095788208e+00
5.979020061095788208e+00
5.979020061095788208e+00
5.979020061095788208e+00
5.980409271642119329e+00
5.980409271642119329e+00
5.980409271642119329e+00
5.980409271642119329e+00
5.981799821186774224e+00
5.983191712313446153e+00
5.983191712313446153e+00
5.984584947613312167e+00
5.984584947613312167e+00
5.984584947613312167e+00
5.984584947613312167e+00
5.984584947613312167e+00
5.985979529685065081e+00
5.985979529685065081e+00
5.987375461134940124e+00
5.990171382631891639e+00
5.990171382631891639e+00
5.991571377929418851e+00
5.991571377929418851e+00
5.992972733106031846e+00
5.994375450806121997e+00
5.994375450806121997e+00
5.995779533681805162e+00
5.995779533681805162e+00
5.995779533681805162e+00
5.995779533681805162e+00
5.995779533681805162e+00
5.997184984392945672e+00
5.997184984392945672e+00
5.998591805607191851e+00
5.998591805607191851e+00
6.000000000000000000e+00
6.001409570254671699e+00
6.001409570254671699e+00
6.002820519062378679e+00
6.002820519062378679e+00
6.002820519062378679e+00
6.002820519062378679e+00
6.004232849122198346e+00
6.004232849122198346e+00
6.004232849122198346e+00
6.004232849122198346e+00
6.004232849122198346e+00
6.004232849122198346e+00
6.005646563141142202e+00
6.005646563141142202e+00
6.005646563141142202e+00
6.005646563141142202e+00
6.007061663834186049e+00
6.007061663834186049e+00
6.008478153924304621e+00
6.008478153924304621e+00
6.008478153924304621e+00
6.009896036142500009e+00
6.009896036142500009e+00
6.009896036142500009e+00
6.011315313227834523e+00
6.011315313227834523e+00
6.011315313227834523e+00
6.011315313227834523e+00
6.011315313227834523e+00
6.011315313227834523e+00
6.012735987927461778e+00
6.012735987927461778e+00
6.012735987927461778e+00
6.012735987927461778e+00
6.014158062996659559e+00
6.014158062996659559e+00
6.015581541198861792e+00
6.015581541198861792e+00
6.015581541198861792e+00
6.015581541198861792e+00
6.015581541198861792e+00
6.017006425305689632e+00
6.017006425305689632e+00
6.018432718096985212e+00
6.018432718096985212e+00
6.018432718096985212e+00
6.019860422360842733e+00
6.021289540893643100e+00
6.021289540893643100e+00
6.022720076500083231e+00
6.022720076500083231e+00
6.022720076500083231e+00
6.022720076500083231e+00
6.024152031993215139e+00
6.024152031993215139e+00
6.024152031993215139e+00
6.024152031993215139e+00
6.024152031993215139e+00
6.025585410194472580e+00
6.025585410194472580e+00
6.027020213933709236e+00
6.027020213933709236e+00
6.027020213933709236e+00
6.027020213933709236e+00
6.027020213933709236e+00
6.027020213933709236e+00
6.027020213933709236e+00
6.027020213933709236e+00
6.028456446049228035e+00
6.028456446049228035e+00
6.028456446049228035e+00
6.029894109387819334e+00
6.031333206804792013e+00
6.031333206804792013e+00
6.032773741164006331e+00
6.034215715337913011e+00
6.034215715337913011e+00
6.034215715337913011e+00
6.034215715337913011e+00
6.035659132207581656e+00
6.035659132207581656e+00
6.035659132207581656e+00
6.035659132207581656e+00
6.035659132207581656e+00
6.037103994662739836e+00
6.037103994662739836e+00
6.037103994662739836e+00
6.037103994662739836e+00
6.038550305601804169e+00
6.038550305601804169e+00
6.039998067931919401e+00
6.041447284568988607e+00
6.041447284568988607e+00
6.041447284568988607e+00
6.041447284568988607e+00
6.041447284568988607e+00
6.042897958437714045e+00
6.042897958437714045e+00
6.042897958437714045e+00
6.045803689613125087e+00
6.045803689613125087e+00
6.045803689613125087e+00
6.045803689613125087e+00
6.047258752813512217e+00
6.047258752813512217e+00
6.048715285033027911e+00
6.048715285033027911e+00
6.048715285033027911e+00
6.048715285033027911e+00
6.050173289240889041e+00
6.050173289240889041e+00
6.050173289240889041e+00
6.051632768415322161e+00
6.053093725543602588e+00
6.056020085656261820e+00
6.058952393659419400e+00
6.058952393659419400e+00
6.058952393659419400e+00
6.060420785685306733e+00
6.063362060997429026e+00
6.064834950396305047e+00
6.064834950396305047e+00
6.066309345047765866e+00
6.066309345047765866e+00
6.067785248031614564e+00
6.069262662437113320e+00
6.070741591363026934e+00
6.072222037917657467e+00
6.072222037917657467e+00
6.073704005218888646e+00
6.078159062925509559e+00
6.079647144584918728e+00
6.079647144584918728e+00
6.081136762725405376e+00
6.081136762725405376e+00
6.094612994981869036e+00
6.097624885513974746e+00
6.097624885513974746e+00
6.109735722978890671e+00
6.109735722978890671e+00
6.123483053435000656e+00
