2.345811526940455138e+00
2.351642417990334355e+00
2.353441289845451756e+00
2.354791917225316666e+00
2.357496971219479764e+00
2.358399784165642998e+00
2.359755063777654094e+00
2.362469448474690203e+00
2.363375379456351233e+00
2.365188949828282095e+00
2.366096590651480813e+00
2.366550625286507170e+00
2.367913587164818257e+00
2.367913587164818257e+00
2.368368194082362432e+00
2.369277837896160754e+00
2.369277837896160754e+00
2.369277837896160754e+00
2.369732874973230263e+00
2.372466115527207986e+00
2.372922159482606208e+00
2.373378347641629027e+00
2.373834680095501692e+00
2.373834680095501692e+00
2.374747778253126995e+00
2.376118509986541394e+00
2.376575710130088837e+00
2.377033055209489820e+00
2.377033055209489820e+00
2.377490545316665482e+00
2.377948180543623558e+00
2.377948180543623558e+00
2.378863886725358867e+00
2.378863886725358867e+00
2.378863886725358867e+00
2.379321957864590331e+00
2.379321957864590331e+00
2.379780174492513556e+00
2.379780174492513556e+00
2.380238536701576368e+00
2.380238536701576368e+00
2.380697044584313193e+00
2.381155698233348605e+00
2.381155698233348605e+00
2.381155698233348605e+00
2.381155698233348605e+00
2.382073443201249141e+00
2.382073443201249141e+00
2.382532534705803506e+00
2.382532534705803506e+00
2.382991772348035386e+00
2.382991772348035386e+00
2.382991772348035386e+00
2.383910686417884950e+00
2.383910686417884950e+00
2.384370363031902418e+00
2.384830186156396969e+00
2.385290155884791652e+00
2.385290155884791652e+00
2.385750272310598774e+00
2.385750272310598774e+00
2.385750272310598774e+00
2.386210535527419907e+00
2.386670945628946328e+00
2.387131502708959463e+00
2.387131502708959463e+00
2.387592206861330002e+00
2.387592206861330002e+00
2.387592206861330002e+00
2.387592206861330002e+00
2.388053058180019228e+00
2.388053058180019228e+00
2.388514056759078130e+00
2.388514056759078130e+00
2.388975202692647848e+00
2.388975202692647848e+00
2.388975202692647848e+00
2.388975202692647848e+00
2.389436496074959670e+00
2.389897937000335482e+00
2.389897937000335482e+00
2.389897937000335482e+00
2.389897937000335482e+00
2.389897937000335482e+00
2.390359525563188203e+00
2.390359525563188203e+00
2.390821261858020463e+00
2.390821261858020463e+00
2.390821261858020463e+00
2.391283145979426816e+00
2.391283145979426816e+00
2.391745178022091078e+00
2.392207358080789881e+00
2.392207358080789881e+00
2.392207358080789881e+00
2.393132162625847936e+00
2.393132162625847936e+00
2.393132162625847936e+00
2.393594787302215199e+00
2.394057560374632132e+00
2.394057560374632132e+00
2.394057560374632132e+00
2.394520481938331002e+00
2.394520481938331002e+00
2.394520481938331002e+00
2.394983552088636003e+00
2.395446770920963253e+00
2.395446770920963253e+00
2.395446770920963253e+00
2.395910138530820355e+00
2.396373655013808168e+00
2.396373655013808168e+00
2.396373655013808168e+00
2.396373655013808168e+00
2.396373655013808168e+00
2.396837320465618149e+00
2.396837320465618149e+00
2.396837320465618149e+00
2.397301134982035009e+00
2.397301134982035009e+00
2.397301134982035009e+00
2.397765098658935834e+00
2.397765098658935834e+00
2.397765098658935834e+00
2.397765098658935834e+00
2.398229211592290078e+00
2.398229211592290078e+00
2.398229211592290078e+00
2.398693473878159566e+00
2.398693473878159566e+00
2.398693473878159566e+00
2.398693473878159566e+00
2.398693473878159566e+00
2.399157885612698937e+00
2.399622446892156091e+00
2.399622446892156091e+00
2.399622446892156091e+00
2.399622446892156091e+00
2.400087157812872185e+00
2.400087157812872185e+00
2.400552018471280746e+00
2.400552018471280746e+00
2.400552018471280746e+00
2.401017028963909006e+00
2.401482189387377453e+00
2.401482189387377453e+00
2.401482189387377453e+00
2.401482189387377453e+00
2.401482189387377453e+00
2.401482189387377453e+00
2.401947499838399835e+00
2.401947499838399835e+00
2.401947499838399835e+00
2.402412960413784049e+00
2.402412960413784049e+00
2.402412960413784049e+00
2.402412960413784049e+00
2.402878571210431691e+00
2.403344332325336730e+00
2.403344332325336730e+00
2.403344332325336730e+00
2.403810243855589501e+00
2.403810243855589501e+00
2.404742518550964547e+00
2.404742518550964547e+00
2.405208881910735563e+00
2.405208881910735563e+00
2.405208881910735563e+00
2.405675396075152683e+00
2.405675396075152683e+00
2.405675396075152683e+00
2.406142061141776534e+00
2.406142061141776534e+00
2.406142061141776534e+00
2.406608877208263220e+00
2.406608877208263220e+00
2.406608877208263220e+00
2.406608877208263220e+00
2.407075844372362106e+00
2.407075844372362106e+00
2.407075844372362106e+00
2.407075844372362106e+00
2.407075844372362106e+00
2.407075844372362106e+00
2.407075844372362106e+00
2.407542962731919367e+00
2.407542962731919367e+00
2.407542962731919367e+00
2.408010232384875327e+00
2.408010232384875327e+00
2.408010232384875327e+00
2.408010232384875327e+00
2.408010232384875327e+00
2.408010232384875327e+00
2.408477653429264898e+00
2.408477653429264898e+00
2.408477653429264898e+00
2.408477653429264898e+00
2.408945225963219805e+00
2.409412950084965921e+00
2.409412950084965921e+00
2.409412950084965921e+00
2.409412950084965921e+00
2.409880825892824596e+00
2.409880825892824596e+00
2.409880825892824596e+00
2.409880825892824596e+00
2.409880825892824596e+00
2.409880825892824596e+00
2.410348853485214882e+00
2.410348853485214882e+00
2.410348853485214882e+00
2.410348853485214882e+00
2.410348853485214882e+00
2.410348853485214882e+00
2.410348853485214882e+00
2.410817032960648643e+00
2.410817032960648643e+00
2.410817032960648643e+00
2.410817032960648643e+00
2.410817032960648643e+00
2.410817032960648643e+00
2.411285364417736332e+00
2.411285364417736332e+00
2.411285364417736332e+00
2.411285364417736332e+00
2.411753847955182550e+00
2.411753847955182550e+00
2.411753847955182550e+00
2.412222483671789597e+00
2.412222483671789597e+00
2.412222483671789597e+00
2.412222483671789597e+00
2.412222483671789597e+00
2.412222483671789597e+00
2.412691271666455251e+00
2.412691271666455251e+00
2.412691271666455251e+00
2.413160212038173214e+00
2.413160212038173214e+00
2.413160212038173214e+00
2.413629304886035332e+00
2.413629304886035332e+00
2.413629304886035332e+00
2.413629304886035332e+00
2.414098550309228486e+00
2.414098550309228486e+00
2.414098550309228486e+00
2.414098550309228486e+00
2.414567948407037701e+00
2.414567948407037701e+00
2.414567948407037701e+00
2.414567948407037701e+00
2.415037499278843924e+00
2.415037499278843924e+00
2.415037499278843924e+00
2.415507203024125360e+00
2.415977059742458355e+00
2.415977059742458355e+00
2.416447069533515180e+00
2.416447069533515180e+00
2.416447069533515180e+00
2.416447069533515180e+00
2.416447069533515180e+00
2.416917232497066692e+00
2.416917232497066692e+00
2.416917232497066692e+00
2.416917232497066692e+00
2.417387548732980562e+00
2.417387548732980562e+00
2.417387548732980562e+00
2.417387548732980562e+00
2.417858018341222603e+00
2.417858018341222603e+00
2.417858018341222603e+00
2.417858018341222603e+00
2.417858018341222603e+00
2.417858018341222603e+00
2.417858018341222603e+00
2.417858018341222603e+00
2.418328641421856329e+00
2.418328641421856329e+00
2.418328641421856329e+00
2.418328641421856329e+00
2.418799418075042951e+00
2.418799418075042951e+00
2.419270348401042270e+00
2.419270348401042270e+00
2.419270348401042270e+00
2.419270348401042270e+00
2.419270348401042270e+00
2.419270348401042270e+00
2.419270348401042270e+00
2.419270348401042270e+00
2.419741432500212230e+00
2.419741432500212230e+00
2.419741432500212230e+00
2.419741432500212230e+00
2.420212670473008476e+00
2.420212670473008476e+00
2.420212670473008476e+00
2.420212670473008476e+00
2.420212670473008476e+00
2.420212670473008476e+00
2.420212670473008476e+00
2.420212670473008476e+00
2.420684062419985683e+00
2.420684062419985683e+00
2.420684062419985683e+00
2.420684062419985683e+00
2.420684062419985683e+00
2.420684062419985683e+00
2.420684062419985683e+00
2.421155608441797558e+00
2.421155608441797558e+00
2.421155608441797558e+00
2.421155608441797558e+00
2.421155608441797558e+00
2.421627308639195508e+00
2.421627308639195508e+00
2.421627308639195508e+00
2.421627308639195508e+00
2.422099163113029974e+00
2.422099163113029974e+00
2.422099163113029974e+00
2.422571171964251313e+00
2.422571171964251313e+00
2.422571171964251313e+00
2.422571171964251313e+00
2.422571171964251313e+00
2.423043335293908029e+00
2.423043335293908029e+00
2.423515653203148545e+00
2.423515653203148545e+00
2.423515653203148545e+00
2.423515653203148545e+00
2.423988125793219872e+00
2.423988125793219872e+00
2.423988125793219872e+00
2.423988125793219872e+00
2.423988125793219872e+00
2.423988125793219872e+00
2.423988125793219872e+00
2.423988125793219872e+00
2.423988125793219872e+00
2.424460753165469384e+00
2.424460753165469384e+00
2.424460753165469384e+00
2.424460753165469384e+00
2.424460753165469384e+00
2.424460753165469384e+00
2.424460753165469384e+00
2.424460753165469384e+00
2.424933535421343933e+00
2.424933535421343933e+00
2.424933535421343933e+00
2.425406472662388957e+00
2.425406472662388957e+00
2.425406472662388957e+00
2.425406472662388957e+00
2.425406472662388957e+00
2.425406472662388957e+00
2.426352812506678003e+00
2.426352812506678003e+00
2.426352812506678003e+00
2.426352812506678003e+00
2.426826215313514279e+00
2.426826215313514279e+00
2.427299773512707759e+00
2.427773487206305258e+00
2.427773487206305258e+00
2.427773487206305258e+00
2.428247356496454401e+00
2.428247356496454401e+00
2.428721381485404063e+00
2.428721381485404063e+00
2.429195562275503484e+00
2.429195562275503484e+00
2.429195562275503484e+00
2.429669898969202269e+00
2.429669898969202269e+00
2.429669898969202269e+00
2.429669898969202269e+00
2.430144391669052162e+00
2.430144391669052162e+00
2.430144391669052162e+00
2.430619040477705717e+00
2.430619040477705717e+00
2.431093845497916739e+00
2.431093845497916739e+00
2.431093845497916739e+00
2.431568806832540286e+00
2.431568806832540286e+00
2.431568806832540286e+00
2.432043924584533556e+00
2.432043924584533556e+00
2.432043924584533556e+00
2.432043924584533556e+00
2.432519198856955445e+00
2.432519198856955445e+00
2.432519198856955445e+00
2.432519198856955445e+00
2.432519198856955445e+00
2.432994629752966542e+00
2.432994629752966542e+00
2.432994629752966542e+00
2.432994629752966542e+00
2.433945961828908544e+00
2.433945961828908544e+00
2.433945961828908544e+00
2.434421863215670889e+00
2.434421863215670889e+00
2.434421863215670889e+00
2.434897921639686658e+00
2.434897921639686658e+00
2.435374137204627587e+00
2.435374137204627587e+00
2.435374137204627587e+00
2.435374137204627587e+00
2.435850510014268444e+00
2.435850510014268444e+00
2.435850510014268444e+00
2.435850510014268444e+00
2.435850510014268444e+00
2.435850510014268444e+00
2.436327040172486580e+00
2.436327040172486580e+00
2.436327040172486580e+00
2.436803727783262818e+00
2.436803727783262818e+00
2.436803727783262818e+00
2.436803727783262818e+00
2.436803727783262818e+00
2.436803727783262818e+00
2.437280572950681012e+00
2.437280572950681012e+00
2.437757575778927155e+00
2.437757575778927155e+00
2.438234736372292932e+00
2.438234736372292932e+00
2.438234736372292932e+00
2.438234736372292932e+00
2.438712054835170839e+00
2.438712054835170839e+00
2.438712054835170839e+00
2.439189531272059064e+00
2.439667165787558822e+00
2.439667165787558822e+00
2.440144958486374804e+00
2.440144958486374804e+00
2.440144958486374804e+00
2.440622909473316504e+00
2.440622909473316504e+00
2.441101018853297777e+00
2.441101018853297777e+00
2.441101018853297777e+00
2.441579286731335507e+00
2.441579286731335507e+00
2.442057713212552716e+00
2.442057713212552716e+00
2.442057713212552716e+00
2.443015042405536796e+00
2.443015042405536796e+00
2.443015042405536796e+00
2.443493945328071959e+00
2.443493945328071959e+00
2.443973007275322296e+00
2.444452228352935741e+00
2.444931608666663259e+00
2.445411148322362838e+00
2.445890847425997272e+00
2.446370706083635493e+00
2.446850724401452126e+00
2.446850724401452126e+00
2.446850724401452126e+00
2.447330902485728377e+00
2.448291738379311688e+00
2.448772396401711848e+00
2.448772396401711848e+00
2.448772396401711848e+00
2.449253214616756935e+00
2.449253214616756935e+00
2.450215332052140482e+00
2.450696631486425581e+00
2.451659712323852158e+00
2.453105540112363148e+00
2.453105540112363148e+00
2.454070230914532580e+00
2.455035567210762881e+00
2.455518477689209611e+00
2.456001549865458600e+00
2.456484783847832531e+00
2.457451737664787750e+00
2.457935457716557526e+00
2.458419340008831000e+00
2.458903384650476198e+00
2.459387591750469948e+00
2.460356493761963748e+00
2.461811067947581311e+00
2.462781599461403736e+00
2.464238622013344759e+00
2.465210788519732965e+00
2.465210788519732965e+00
2.465210788519732965e+00
2.466183610566634155e+00
2.471545889235210680e+00
2.492700875877233990e+00
3.855341757168117667e+00
3.857892942697449978e+00
3.868143039391207072e+00
3.874586529516685030e+00
3.882356898610908047e+00
3.887560493218447988e+00
3.888864329765293171e+00
3.899337660994801169e+00
3.901967917039473210e+00
3.904602977207443537e+00
3.905922314328095446e+00
3.907242859080147568e+00
3.908564613676392963e+00
3.908564613676392963e+00
3.909887580335711377e+00
3.911211761283093225e+00
3.911211761283093225e+00
3.911211761283093225e+00
3.912537158749660460e+00
3.913863774972691001e+00
3.915191612195638271e+00
3.915191612195638271e+00
3.915191612195638271e+00
3.916520672668158287e+00
3.920515216173184658e+00
3.921849192265349782e+00
3.927197465455792624e+00
3.927197465455792624e+00
3.928537637443375807e+00
3.928537637443375807e+00
3.928537637443375807e+00
3.931221722014587527e+00
3.931221722014587527e+00
3.932565639243478017e+00
3.932565639243478017e+00
3.932565639243478017e+00
3.933910809542227494e+00
3.935257235249744134e+00
3.935257235249744134e+00
3.936604918711490875e+00
3.936604918711490875e+00
3.936604918711490875e+00
3.937953862279509387e+00
3.939304068312445839e+00
3.939304068312445839e+00
3.939304068312445839e+00
3.939304068312445839e+00
3.942008277240824032e+00
3.942008277240824032e+00
3.942008277240824032e+00
3.943362284886799518e+00
3.944717564498810169e+00
3.944717564498810169e+00
3.946074118468895442e+00
3.946074118468895442e+00
3.946074118468895442e+00
3.946074118468895442e+00
3.947431949195846279e+00
3.948791059085235311e+00
3.948791059085235311e+00
3.950151450549438614e+00
3.950151450549438614e+00
3.950151450549438614e+00
3.951513126007663690e+00
3.951513126007663690e+00
3.952876087885974332e+00
3.952876087885974332e+00
3.952876087885974332e+00
3.952876087885974332e+00
3.952876087885974332e+00
3.954240338617316830e+00
3.954240338617316830e+00
3.954240338617316830e+00
3.955605880641546612e+00
3.955605880641546612e+00
3.955605880641546612e+00
3.955605880641546612e+00
3.955605880641546612e+00
3.955605880641546612e+00
3.956972716405452672e+00
3.956972716405452672e+00
3.956972716405452672e+00
3.958340848362785547e+00
3.958340848362785547e+00
3.958340848362785547e+00
3.958340848362785547e+00
3.959710278974283071e+00
3.959710278974283071e+00
3.959710278974283071e+00
3.959710278974283071e+00
3.959710278974283071e+00
3.961081010707697470e+00
3.961081010707697470e+00
3.961081010707697470e+00
3.961081010707697470e+00
3.961081010707697470e+00
3.962453046037821558e+00
3.962453046037821558e+00
3.962453046037821558e+00
3.963826387446514943e+00
3.963826387446514943e+00
3.965201037422732444e+00
3.965201037422732444e+00
3.965201037422732444e+00
3.966576998462549852e+00
3.967954273069191462e+00
3.967954273069191462e+00
3.967954273069191462e+00
3.967954273069191462e+00
3.967954273069191462e+00
3.969332863753058493e+00
3.969332863753058493e+00
3.970712773031754850e+00
3.970712773031754850e+00
3.970712773031754850e+00
3.970712773031754850e+00
3.970712773031754850e+00
3.970712773031754850e+00
3.970712773031754850e+00
3.970712773031754850e+00
3.970712773031754850e+00
3.970712773031754850e+00
3.970712773031754850e+00
3.972094003430115539e+00
3.972094003430115539e+00
3.972094003430115539e+00
3.972094003430115539e+00
3.972094003430115539e+00
3.972094003430115539e+00
3.972094003430115539e+00
3.972094003430115539e+00
3.973476557480234206e+00
3.973476557480234206e+00
3.973476557480234206e+00
3.974860437721491557e+00
3.974860437721491557e+00
3.974860437721491557e+00
3.976245646700582892e+00
3.976245646700582892e+00
3.976245646700582892e+00
3.977632186971545636e+00
3.977632186971545636e+00
3.977632186971545636e+00
3.977632186971545636e+00
3.979020061095788208e+00
3.979020061095788208e+00
3.979020061095788208e+00
3.979020061095788208e+00
3.979020061095788208e+00
3.979020061095788208e+00
3.979020061095788208e+00
3.980409271642119329e+00
3.980409271642119329e+00
3.980409271642119329e+00
3.980409271642119329e+00
3.980409271642119329e+00
3.980409271642119329e+00
3.980409271642119329e+00
3.981799821186774224e+00
3.981799821186774224e+00
3.981799821186774224e+00
3.981799821186774224e+00
3.981799821186774224e+00
3.981799821186774224e+00
3.983191712313446153e+00
3.983191712313446153e+00
3.983191712313446153e+00
3.983191712313446153e+00
3.983191712313446153e+00
3.983191712313446153e+00
3.983191712313446153e+00
3.984584947613312611e+00
3.984584947613312611e+00
3.984584947613312611e+00
3.984584947613312611e+00
3.984584947613312611e+00
3.984584947613312611e+00
3.984584947613312611e+00
3.984584947613312611e+00
3.984584947613312611e+00
3.984584947613312611e+00
3.985979529685065526e+00
3.985979529685065526e+00
3.985979529685065526e+00
3.985979529685065526e+00
3.985979529685065526e+00
3.985979529685065526e+00
3.987375461134940569e+00
3.987375461134940569e+00
3.987375461134940569e+00
3.987375461134940569e+00
3.987375461134940569e+00
3.987375461134940569e+00
3.988772744576746021e+00
3.988772744576746021e+00
3.988772744576746021e+00
3.988772744576746021e+00
3.988772744576746021e+00
3.988772744576746021e+00
3.990171382631891639e+00
3.990171382631891639e+00
3.990171382631891639e+00
3.990171382631891639e+00
3.990171382631891639e+00
3.990171382631891639e+00
3.990171382631891639e+00
3.990171382631891639e+00
3.990171382631891639e+00
3.990171382631891639e+00
3.990171382631891639e+00
3.990171382631891639e+00
3.991571377929419295e+00
3.991571377929419295e+00
3.991571377929419295e+00
3.991571377929419295e+00
3.991571377929419295e+00
3.991571377929419295e+00
3.991571377929419295e+00
3.991571377929419295e+00
3.992972733106031402e+00
3.992972733106031402e+00
3.994375450806121997e+00
3.994375450806121997e+00
3.994375450806121997e+00
3.994375450806121997e+00
3.994375450806121997e+00
3.994375450806121997e+00
3.994375450806121997e+00
3.994375450806121997e+00
3.994375450806121997e+00
3.995779533681804718e+00
3.995779533681804718e+00
3.995779533681804718e+00
3.995779533681804718e+00
3.995779533681804718e+00
3.995779533681804718e+00
3.997184984392946117e+00
3.997184984392946117e+00
3.997184984392946117e+00
3.997184984392946117e+00
3.997184984392946117e+00
3.997184984392946117e+00
3.997184984392946117e+00
3.997184984392946117e+00
3.998591805607191407e+00
3.998591805607191407e+00
3.998591805607191407e+00
3.998591805607191407e+00
3.998591805607191407e+00
3.998591805607191407e+00
4.000000000000000000e+00
4.000000000000000000e+00
4.000000000000000000e+00
4.000000000000000000e+00
4.001409570254671699e+00
4.001409570254671699e+00
4.001409570254671699e+00
4.002820519062378679e+00
4.002820519062378679e+00
4.002820519062378679e+00
4.002820519062378679e+00
4.002820519062378679e+00
4.002820519062378679e+00
4.002820519062378679e+00
4.002820519062378679e+00
4.002820519062378679e+00
4.002820519062378679e+00
4.002820519062378679e+00
4.002820519062378679e+00
4.002820519062378679e+00
4.004232849122198346e+00
4.004232849122198346e+00
4.004232849122198346e+00
4.004232849122198346e+00
4.004232849122198346e+00
4.005646563141142202e+00
4.005646563141142202e+00
4.005646563141142202e+00
4.005646563141142202e+00
4.005646563141142202e+00
4.005646563141142202e+00
4.005646563141142202e+00
4.007061663834186049e+00
4.007061663834186049e+00
4.007061663834186049e+00
4.007061663834186049e+00
4.007061663834186049e+00
4.007061663834186049e+00
4.008478153924304621e+00
4.008478153924304621e+00
4.008478153924304621e+00
4.008478153924304621e+00
4.008478153924304621e+00
4.009896036142500009e+00
4.009896036142500009e+00
4.009896036142500009e+00
4.009896036142500009e+00
4.011315313227834523e+00
4.011315313227834523e+00
4.012735987927461778e+00
4.012735987927461778e+00
4.012735987927461778e+00
4.012735987927461778e+00
4.012735987927461778e+00
4.014158062996659559e+00
4.014158062996659559e+00
4.014158062996659559e+00
4.014158062996659559e+00
4.014158062996659559e+00
4.014158062996659559e+00
4.015581541198861792e+00
4.015581541198861792e+00
4.015581541198861792e+00
4.015581541198861792e+00
4.015581541198861792e+00
4.015581541198861792e+00
4.015581541198861792e+00
4.015581541198861792e+00
4.015581541198861792e+00
4.015581541198861792e+00
4.015581541198861792e+00
4.015581541198861792e+00
4.017006425305689632e+00
4.017006425305689632e+00
4.017006425305689632e+00
4.017006425305689632e+00
4.017006425305689632e+00
4.017006425305689632e+00
4.017006425305689632e+00
4.017006425305689632e+00
4.018432718096985212e+00
4.018432718096985212e+00
4.018432718096985212e+00
4.018432718096985212e+00
4.018432718096985212e+00
4.019860422360842733e+00
4.019860422360842733e+00
4.019860422360842733e+00
4.019860422360842733e+00
4.019860422360842733e+00
4.019860422360842733e+00
4.021289540893643100e+00
4.021289540893643100e+00
4.021289540893643100e+00
4.022720076500083231e+00
4.022720076500083231e+00
4.022720076500083231e+00
4.022720076500083231e+00
4.022720076500083231e+00
4.024152031993215139e+00
4.024152031993215139e+00
4.024152031993215139e+00
4.024152031993215139e+00
4.025585410194472580e+00
4.025585410194472580e+00
4.025585410194472580e+00
4.025585410194472580e+00
4.025585410194472580e+00
4.025585410194472580e+00
4.025585410194472580e+00
4.027020213933709236e+00
4.027020213933709236e+00
4.027020213933709236e+00
4.027020213933709236e+00
4.027020213933709236e+00
4.027020213933709236e+00
4.027020213933709236e+00
4.027020213933709236e+00
4.027020213933709236e+00
4.027020213933709236e+00
4.027020213933709236e+00
4.027020213933709236e+00
4.027020213933709236e+00
4.027020213933709236e+00
4.028456446049228035e+00
4.028456446049228035e+00
4.028456446049228035e+00
4.028456446049228035e+00
4.028456446049228035e+00
4.028456446049228035e+00
4.029894109387819334e+00
4.029894109387819334e+00
4.029894109387819334e+00
4.029894109387819334e+00
4.029894109387819334e+00
4.029894109387819334e+00
4.029894109387819334e+00
4.029894109387819334e+00
4.031333206804792013e+00
4.031333206804792013e+00
4.032773741164006331e+00
4.032773741164006331e+00
4.032773741164006331e+00
4.032773741164006331e+00
4.032773741164006331e+00
4.032773741164006331e+00
4.034215715337913011e+00
4.034215715337913011e+00
4.034215715337913011e+00
4.034215715337913011e+00
4.034215715337913011e+00
4.035659132207581656e+00
4.035659132207581656e+00
4.035659132207581656e+00
4.035659132207581656e+00
4.035659132207581656e+00
4.037103994662739836e+00
4.037103994662739836e+00
4.037103994662739836e+00
4.037103994662739836e+00
4.037103994662739836e+00
4.037103994662739836e+00
4.037103994662739836e+00
4.037103994662739836e+00
4.037103994662739836e+00
4.038550305601804169e+00
4.038550305601804169e+00
4.038550305601804169e+00
4.038550305601804169e+00
4.038550305601804169e+00
4.038550305601804169e+00
4.039998067931919401e+00
4.039998067931919401e+00
4.039998067931919401e+00
4.041447284568988607e+00
4.041447284568988607e+00
4.041447284568988607e+00
4.041447284568988607e+00
4.042897958437714045e+00
4.042897958437714045e+00
4.042897958437714045e+00
4.042897958437714045e+00
4.042897958437714045e+00
4.042897958437714045e+00
4.042897958437714045e+00
4.044350092471626468e+00
4.044350092471626468e+00
4.044350092471626468e+00
4.044350092471626468e+00
4.045803689613125087e+00
4.045803689613125087e+00
4.045803689613125087e+00
4.045803689613125087e+00
4.047258752813512217e+00
4.047258752813512217e+00
4.047258752813512217e+00
4.047258752813512217e+00
4.047258752813512217e+00
4.048715285033027911e+00
4.048715285033027911e+00
4.048715285033027911e+00
4.048715285033027911e+00
4.048715285033027911e+00
4.050173289240889041e+00
4.050173289240889041e+00
4.050173289240889041e+00
4.051632768415322161e+00
4.051632768415322161e+00
4.051632768415322161e+00
4.053093725543602588e+00
4.053093725543602588e+00
4.054556163622088150e+00
4.054556163622088150e+00
4.054556163622088150e+00
4.054556163622088150e+00
4.056020085656261820e+00
4.056020085656261820e+00
4.056020085656261820e+00
4.056020085656261820e+00
4.057485494660760139e+00
4.057485494660760139e+00
4.061890673780760963e+00
4.061890673780760963e+00
4.061890673780760963e+00
4.063362060997429026e+00
4.063362060997429026e+00
4.063362060997429026e+00
4.063362060997429026e+00
4.064834950396305047e+00
4.064834950396305047e+00
4.064834950396305047e+00
4.064834950396305047e+00
4.066309345047765866e+00
4.067785248031614564e+00
4.067785248031614564e+00
4.067785248031614564e+00
4.067785248031614564e+00
4.072222037917657467e+00
4.072222037917657467e+00
4.073704005218888646e+00
4.075187496394218734e+00
4.075187496394218734e+00
4.076672514580807594e+00
4.076672514580807594e+00
4.078159062925509559e+00
4.078159062925509559e+00
4.079647144584918728e+00
4.079647144584918728e+00
4.082627920523158593e+00
4.085614867844557629e+00
4.087110663770038066e+00
4.087110663770038066e+00
4.087110663770038066e+00
4.088608012156540461e+00
4.088608012156540461e+00
4.090106916229958145e+00
4.091607379226249286e+00
4.091607379226249286e+00
4.091607379226249286e+00
4.093109404391481299e+00
4.094612994981869036e+00
4.096118154263820088e+00
4.108216296781689536e+00
4.111256751101740825e+00
4.111256751101740825e+00
4.114303626660604785e+00
4.131177445225000966e+00
