9.701951523693025381e-01
9.717485718372073089e-01
9.719212772951125734e-01
9.724395177512230592e-01
9.724395177512230592e-01
9.729579444349675255e-01
9.731307947366046873e-01
9.745143431916110099e-01
9.752066152974512292e-01
9.753797352401668563e-01
9.755528759593532495e-01
9.757260374599978636e-01
9.757260374599978636e-01
9.765921568597817348e-01
9.778055982393651924e-01
9.779790303536437523e-01
9.784994518253685714e-01
9.788465037974268812e-01
9.790200610957882077e-01
9.793672383422931116e-01
9.795408583004892034e-01
9.797144991553523585e-01
9.798881609119134417e-01
9.802355471502615103e-01
9.804092716421192177e-01
9.805830170558161862e-01
9.807567833963922732e-01
9.809305706688892235e-01
9.811043788783505581e-01
9.811043788783505581e-01
9.814520581283496803e-01
9.816259291789836139e-01
9.821476680940384174e-01
9.823216230036226904e-01
9.826695957599862474e-01
9.830176524663520876e-01
9.830176524663520876e-01
9.830176524663520876e-01
9.831917123134461534e-01
9.831917123134461534e-01
9.833657931632366900e-01
9.833657931632366900e-01
9.837140178911858435e-01
9.838881617794881240e-01
9.838881617794881240e-01
9.842365126301215739e-01
9.847591966673184816e-01
9.847591966673184816e-01
9.849334667697093870e-01
9.851077579255708150e-01
9.851077579255708150e-01
9.852820701399904735e-01
9.859795296850654145e-01
9.861539472686531305e-01
9.861539472686531305e-01
9.861539472686531305e-01
9.861539472686531305e-01
9.865028457082952729e-01
9.865028457082952729e-01
9.865028457082952729e-01
9.865028457082952729e-01
9.865028457082952729e-01
9.866773265745524268e-01
9.868518285452386740e-01
9.868518285452386740e-01
9.868518285452386740e-01
9.870263516254598191e-01
9.870263516254598191e-01
9.873754611349404575e-01
9.873754611349404575e-01
9.875500475744213302e-01
9.875500475744213302e-01
9.877246551438796374e-01
9.878992838484309535e-01
9.878992838484309535e-01
9.878992838484309535e-01
9.880739336931922967e-01
9.880739336931922967e-01
9.882486046832826831e-01
9.884232968238229056e-01
9.884232968238229056e-01
9.884232968238229056e-01
9.884232968238229056e-01
9.885980101199357550e-01
9.885980101199357550e-01
9.887727445767459100e-01
9.889475001993796033e-01
9.891222769929653991e-01
9.891222769929653991e-01
9.891222769929653991e-01
9.892970749626333049e-01
9.892970749626333049e-01
9.892970749626333049e-01
9.892970749626333049e-01
9.894718941135153267e-01
9.894718941135153267e-01
9.894718941135153267e-01
9.894718941135153267e-01
9.896467344507454689e-01
9.898215959794595120e-01
9.901713826318916389e-01
9.901713826318916389e-01
9.901713826318916389e-01
9.901713826318916389e-01
9.903463077658906100e-01
9.903463077658906100e-01
9.906962216751705741e-01
9.910462204738034186e-01
9.910462204738034186e-01
9.910462204738034186e-01
9.912212517195005956e-01
9.912212517195005956e-01
9.912212517195005956e-01
9.913963042029877437e-01
9.913963042029877437e-01
9.913963042029877437e-01
9.915713779294192953e-01
9.915713779294192953e-01
9.915713779294192953e-01
9.917464729039516813e-01
9.917464729039516813e-01
9.917464729039516813e-01
9.919215891317432199e-01
9.920967266179538946e-01
9.922718853677457984e-01
9.924470653862828007e-01
9.924470653862828007e-01
9.926222666787306581e-01
9.927974892502571258e-01
9.927974892502571258e-01
9.927974892502571258e-01
9.929727331060315132e-01
9.929727331060315132e-01
9.929727331060315132e-01
9.931479982512253502e-01
9.933232846910119429e-01
9.933232846910119429e-01
9.934985924305664851e-01
9.934985924305664851e-01
9.934985924305664851e-01
9.938492718296896289e-01
9.938492718296896289e-01
9.938492718296896289e-01
9.942000364900338560e-01
9.942000364900338560e-01
9.943754508061218855e-01
9.943754508061218855e-01
9.945508864530686610e-01
9.945508864530686610e-01
9.945508864530686610e-01
9.945508864530686610e-01
9.947263434360625878e-01
9.949018217602938474e-01
9.950773214309547310e-01
9.950773214309547310e-01
9.950773214309547310e-01
9.950773214309547310e-01
9.950773214309547310e-01
9.950773214309547310e-01
9.950773214309547310e-01
9.952528424532394169e-01
9.952528424532394169e-01
9.952528424532394169e-01
9.954283848323437489e-01
9.954283848323437489e-01
9.954283848323437489e-01
9.956039485734655692e-01
9.956039485734655692e-01
9.956039485734655692e-01
9.956039485734655692e-01
9.957795336818049403e-01
9.957795336818049403e-01
9.957795336818049403e-01
9.957795336818049403e-01
9.959551401625632572e-01
9.959551401625632572e-01
9.959551401625632572e-01
9.961307680209442461e-01
9.961307680209442461e-01
9.961307680209442461e-01
9.961307680209442461e-01
9.963064172621534098e-01
9.964820878913980273e-01
9.964820878913980273e-01
9.964820878913980273e-01
9.966577799138873761e-01
9.966577799138873761e-01
9.970092281594473693e-01
9.970092281594473693e-01
9.970092281594473693e-01
9.970092281594473693e-01
9.970092281594473693e-01
9.971849843929460055e-01
9.971849843929460055e-01
9.971849843929460055e-01
9.971849843929460055e-01
9.971849843929460055e-01
9.973607620405455787e-01
9.973607620405455787e-01
9.973607620405455787e-01
9.973607620405455787e-01
9.973607620405455787e-01
9.975365611074649141e-01
9.975365611074649141e-01
9.975365611074649141e-01
9.975365611074649141e-01
9.975365611074649141e-01
9.975365611074649141e-01
9.977123815989249467e-01
9.977123815989249467e-01
9.977123815989249467e-01
9.977123815989249467e-01
9.977123815989249467e-01
9.978882235201480544e-01
9.978882235201480544e-01
9.978882235201480544e-01
9.978882235201480544e-01
9.980640868763588358e-01
9.980640868763588358e-01
9.984158779146513618e-01
9.984158779146513618e-01
9.985918056071916293e-01
9.985918056071916293e-01
9.985918056071916293e-01
9.987677547556369495e-01
9.987677547556369495e-01
9.987677547556369495e-01
9.987677547556369495e-01
9.987677547556369495e-01
9.989437253652212467e-01
9.989437253652212467e-01
9.989437253652212467e-01
9.989437253652212467e-01
9.991197174411807769e-01
9.991197174411807769e-01
9.992957309887533501e-01
9.992957309887533501e-01
9.994717660131787751e-01
9.994717660131787751e-01
9.996478225196989698e-01
9.996478225196989698e-01
9.996478225196989698e-01
9.996478225196989698e-01
9.996478225196989698e-01
9.996478225196989698e-01
9.996478225196989698e-01
1.000000000000000000e+00
1.000000000000000000e+00
1.000176120984274108e+00
1.000176120984274108e+00
1.000176120984274108e+00
1.000176120984274108e+00
1.000352263471629088e+00
1.000352263471629088e+00
1.000352263471629088e+00
1.000352263471629088e+00
1.000352263471629088e+00
1.000352263471629088e+00
1.000352263471629088e+00
1.000352263471629088e+00
1.000352263471629088e+00
1.000528427467316295e+00
1.000528427467316295e+00
1.000528427467316295e+00
1.000704612976589303e+00
1.000704612976589303e+00
1.000704612976589303e+00
1.000880820004703242e+00
1.000880820004703242e+00
1.001057048556915241e+00
1.001057048556915241e+00
1.001057048556915241e+00
1.001057048556915241e+00
1.001057048556915241e+00
1.001057048556915241e+00
1.001233298638484204e+00
1.001233298638484204e+00
1.001233298638484204e+00
1.001233298638484204e+00
1.001409570254671255e+00
1.001409570254671255e+00
1.001585863410739519e+00
1.001585863410739519e+00
1.001585863410739519e+00
1.001585863410739519e+00
1.001585863410739519e+00
1.001762178111953672e+00
1.001762178111953672e+00
1.001938514363580612e+00
1.001938514363580612e+00
1.001938514363580612e+00
1.001938514363580612e+00
1.001938514363580612e+00
1.001938514363580612e+00
1.002114872170888793e+00
1.002114872170888793e+00
1.002114872170888793e+00
1.002114872170888793e+00
1.002114872170888793e+00
1.002114872170888793e+00
1.002114872170888793e+00
1.002114872170888793e+00
1.002291251539149330e+00
1.002291251539149330e+00
1.002291251539149330e+00
1.002467652473634230e+00
1.002467652473634230e+00
1.002467652473634230e+00
1.002644074979618605e+00
1.002644074979618605e+00
1.002820519062378679e+00
1.002996984727192675e+00
1.002996984727192675e+00
1.002996984727192675e+00
1.003173471979341258e+00
1.003173471979341258e+00
1.003173471979341258e+00
1.003349980824106424e+00
1.003349980824106424e+00
1.003349980824106424e+00
1.003349980824106424e+00
1.003526511266772614e+00
1.003526511266772614e+00
1.003526511266772614e+00
1.003526511266772614e+00
1.003526511266772614e+00
1.003703063312625821e+00
1.003703063312625821e+00
1.003703063312625821e+00
1.003703063312625821e+00
1.003703063312625821e+00
1.003879636966954259e+00
1.003879636966954259e+00
1.003879636966954259e+00
1.003879636966954259e+00
1.004056232235047696e+00
1.004056232235047696e+00
1.004409487633700415e+00
1.004409487633700415e+00
1.004586147774849225e+00
1.004762829550942760e+00
1.004762829550942760e+00
1.004762829550942760e+00
1.004762829550942760e+00
1.004762829550942760e+00
1.004762829550942760e+00
1.004762829550942760e+00
1.004762829550942760e+00
1.004939532967280780e+00
1.004939532967280780e+00
1.004939532967280780e+00
1.004939532967280780e+00
1.005116258029165266e+00
1.005116258029165266e+00
1.005116258029165266e+00
1.005116258029165266e+00
1.005293004741899532e+00
1.005293004741899532e+00
1.005469773110789333e+00
1.005646563141141980e+00
1.005646563141141980e+00
1.005646563141141980e+00
1.005823374838267448e+00
1.005823374838267448e+00
1.005823374838267448e+00
1.005823374838267448e+00
1.006000208207476820e+00
1.006000208207476820e+00
1.006000208207476820e+00
1.006177063254083848e+00
1.006177063254083848e+00
1.006177063254083848e+00
1.006177063254083848e+00
1.006530838400753414e+00
1.006530838400753414e+00
1.006530838400753414e+00
1.006530838400753414e+00
1.006530838400753414e+00
1.006530838400753414e+00
1.006707758511452555e+00
1.006884700320822335e+00
1.006884700320822335e+00
1.006884700320822335e+00
1.006884700320822335e+00
1.007061663834186271e+00
1.007415655994197801e+00
1.007415655994197801e+00
1.007592684651501758e+00
1.007592684651501758e+00
1.007769735034111935e+00
1.007769735034111935e+00
1.007769735034111935e+00
1.007769735034111935e+00
1.007769735034111935e+00
1.007769735034111935e+00
1.007769735034111935e+00
1.007946807147361401e+00
1.007946807147361401e+00
1.008123900996585220e+00
1.008123900996585220e+00
1.008301016587120014e+00
1.008301016587120014e+00
1.008301016587120014e+00
1.008301016587120014e+00
1.008301016587120014e+00
1.008301016587120014e+00
1.008655313013480326e+00
1.008655313013480326e+00
1.008655313013480326e+00
1.008655313013480326e+00
1.008832493859989743e+00
1.008832493859989743e+00
1.008832493859989743e+00
1.009009696469177486e+00
1.009009696469177486e+00
1.009009696469177486e+00
1.009009696469177486e+00
1.009186920846390612e+00
1.009364166996977730e+00
1.009541434926289449e+00
1.009541434926289449e+00
1.009718724639678600e+00
1.009718724639678600e+00
1.009718724639678600e+00
1.009718724639678600e+00
1.009718724639678600e+00
1.009896036142500009e+00
1.009896036142500009e+00
1.009896036142500009e+00
1.010073369440109836e+00
1.010073369440109836e+00
1.010073369440109836e+00
1.010073369440109836e+00
1.010073369440109836e+00
1.010073369440109836e+00
1.010250724537867129e+00
1.010250724537867129e+00
1.010428101441132043e+00
1.010605500155267622e+00
1.010782920685638020e+00
1.010782920685638020e+00
1.010782920685638020e+00
1.010782920685638020e+00
1.011137827216551877e+00
1.011137827216551877e+00
1.011137827216551877e+00
1.011492821076829474e+00
1.011492821076829474e+00
1.011670350768911986e+00
1.011847902309458425e+00
1.011847902309458425e+00
1.012380688075674495e+00
1.012380688075674495e+00
1.012558327063880048e+00
1.012735987927461334e+00
1.012735987927461334e+00
1.012735987927461334e+00
1.013269101824353369e+00
1.013269101824353369e+00
1.013624620564666179e+00
1.013624620564666179e+00
1.013802412793727070e+00
1.013802412793727070e+00
1.013802412793727070e+00
1.013980226935924156e+00
1.014158062996659559e+00
1.014158062996659559e+00
1.014335920981337624e+00
1.014513800895364692e+00
1.014513800895364692e+00
1.014691702744149104e+00
1.014691702744149104e+00
1.015047572267633091e+00
1.015047572267633091e+00
1.015047572267633091e+00
1.015759574769876883e+00
1.015759574769876883e+00
1.015937630313563433e+00
1.015937630313563433e+00
1.016115707835345772e+00
1.016293807340650668e+00
1.016293807340650668e+00
1.016293807340650668e+00
1.016471928834906002e+00
1.016650072323542320e+00
1.016650072323542320e+00
1.016650072323542320e+00
1.016828237811992164e+00
1.017006425305689854e+00
1.017006425305689854e+00
1.017006425305689854e+00
1.017184634810071708e+00
1.017362866330576265e+00
1.017362866330576265e+00
1.017719395441717189e+00
1.017897693043240404e+00
1.017897693043240404e+00
1.017897693043240404e+00
1.018076012682660014e+00
1.018254354365424996e+00
1.018789511728305230e+00
1.018789511728305230e+00
1.019681882042455356e+00
1.019681882042455356e+00
1.019681882042455356e+00
1.019860422360842955e+00
1.020038984777172031e+00
1.020753455531350440e+00
1.020753455531350440e+00
1.021110823638426535e+00
1.021289540893642656e+00
1.021647041834857328e+00
1.021647041834857328e+00
1.022004631387038565e+00
1.022898993228890774e+00
1.023077932148920510e+00
1.023077932148920510e+00
1.026302633694648136e+00
1.026661379199639512e+00
1.027738151266708089e+00
1.029175098637382879e+00
1.029354817733334926e+00
1.029714323102972173e+00
