1.376118509986541394e+00
1.376575710130088614e+00
1.377719344784417821e+00
1.378634905685137024e+00
1.379551047986689483e+00
1.379551047986689483e+00
1.380467772427948603e+00
1.380697044584313193e+00
1.383221445999859966e+00
1.383451156221010780e+00
1.383680903023134734e+00
1.384370363031902418e+00
1.385750272310598774e+00
1.386670945628946328e+00
1.387361836395229586e+00
1.387592206861330002e+00
1.388283539056120786e+00
1.388975202692647848e+00
1.389205830946817821e+00
1.389667198088865963e+00
1.390359525563188203e+00
1.390590375238196952e+00
1.390590375238196952e+00
1.391052185434486388e+00
1.391976249543509070e+00
1.392207358080789881e+00
1.392207358080789881e+00
1.392669686250389338e+00
1.392900905906447884e+00
1.393594787302215199e+00
1.393594787302215199e+00
1.393826155282967605e+00
1.393826155282967605e+00
1.394057560374632132e+00
1.394751998434196061e+00
1.395215142913579509e+00
1.395678436122727684e+00
1.395678436122727684e+00
1.395678436122727684e+00
1.395678436122727684e+00
1.395910138530820355e+00
1.395910138530820355e+00
1.396837320465618149e+00
1.397069209084760733e+00
1.397301134982035009e+00
1.397533098169429167e+00
1.397533098169429167e+00
1.397533098169429167e+00
1.397533098169429167e+00
1.397997136462554524e+00
1.397997136462554524e+00
1.398229211592290078e+00
1.398229211592290078e+00
1.398229211592290078e+00
1.398229211592290078e+00
1.398461324060152666e+00
1.398693473878159343e+00
1.398925661058332048e+00
1.398925661058332048e+00
1.399157885612698937e+00
1.399157885612698937e+00
1.399157885612698937e+00
1.399390147553293717e+00
1.399622446892156313e+00
1.399622446892156313e+00
1.400087157812872407e+00
1.400087157812872407e+00
1.400319569418834398e+00
1.400552018471280968e+00
1.400552018471280968e+00
1.400552018471280968e+00
1.400552018471280968e+00
1.400552018471280968e+00
1.401017028963909228e+00
1.401017028963909228e+00
1.401017028963909228e+00
1.401249590428245817e+00
1.401249590428245817e+00
1.401947499838400057e+00
1.402180211354493000e+00
1.402180211354493000e+00
1.402412960413784271e+00
1.402412960413784271e+00
1.402412960413784271e+00
1.402645747028389955e+00
1.402645747028389955e+00
1.402878571210431469e+00
1.402878571210431469e+00
1.403111432972036221e+00
1.403111432972036221e+00
1.403344332325336952e+00
1.403344332325336952e+00
1.403577269282473283e+00
1.403577269282473283e+00
1.403577269282473283e+00
1.403577269282473283e+00
1.403810243855589723e+00
1.404043256056837441e+00
1.404043256056837441e+00
1.404276305898373156e+00
1.404509393392359140e+00
1.404742518550964325e+00
1.405208881910735563e+00
1.405208881910735563e+00
1.405208881910735563e+00
1.405208881910735563e+00
1.405208881910735563e+00
1.405208881910735563e+00
1.405442120136267903e+00
1.405442120136267903e+00
1.405675396075152683e+00
1.405675396075152683e+00
1.405908709739587481e+00
1.405908709739587481e+00
1.405908709739587481e+00
1.406142061141776756e+00
1.406375450293929852e+00
1.406375450293929852e+00
1.406375450293929852e+00
1.407075844372362328e+00
1.407075844372362328e+00
1.407075844372362328e+00
1.407309384646589612e+00
1.407542962731919589e+00
1.407542962731919589e+00
1.407542962731919589e+00
1.407776578640597798e+00
1.407776578640597798e+00
1.407776578640597798e+00
1.408010232384875327e+00
1.408243923977009926e+00
1.408243923977009926e+00
1.408243923977009926e+00
1.408243923977009926e+00
1.408243923977009926e+00
1.408243923977009926e+00
1.408243923977009926e+00
1.408711420753909982e+00
1.408711420753909982e+00
1.408945225963219805e+00
1.408945225963219805e+00
1.408945225963219805e+00
1.409179069069475876e+00
1.409179069069475876e+00
1.409179069069475876e+00
1.409179069069475876e+00
1.409412950084965699e+00
1.409412950084965699e+00
1.409412950084965699e+00
1.409646869021982329e+00
1.409646869021982329e+00
1.409646869021982329e+00
1.409646869021982329e+00
1.409646869021982329e+00
1.409646869021982329e+00
1.409880825892824818e+00
1.409880825892824818e+00
1.409880825892824818e+00
1.410114820709798655e+00
1.410114820709798655e+00
1.410114820709798655e+00
1.410348853485214660e+00
1.410348853485214660e+00
1.410348853485214660e+00
1.410348853485214660e+00
1.410582924231390312e+00
1.410582924231390312e+00
1.410582924231390312e+00
1.410582924231390312e+00
1.410582924231390312e+00
1.410582924231390312e+00
1.410817032960648643e+00
1.410817032960648643e+00
1.411051179685318901e+00
1.411051179685318901e+00
1.411051179685318901e+00
1.411051179685318901e+00
1.411285364417736332e+00
1.411519587170241730e+00
1.411519587170241730e+00
1.411519587170241730e+00
1.411753847955182772e+00
1.411753847955182772e+00
1.411753847955182772e+00
1.411988146784912246e+00
1.411988146784912246e+00
1.411988146784912246e+00
1.411988146784912246e+00
1.411988146784912246e+00
1.412222483671789819e+00
1.412222483671789819e+00
1.412456858628180267e+00
1.412456858628180267e+00
1.412456858628180267e+00
1.412456858628180267e+00
1.412456858628180267e+00
1.412456858628180267e+00
1.412691271666455251e+00
1.412691271666455251e+00
1.412925722798991757e+00
1.412925722798991757e+00
1.412925722798991757e+00
1.413160212038173436e+00
1.413160212038173436e+00
1.413160212038173436e+00
1.413160212038173436e+00
1.413394739396389710e+00
1.413394739396389710e+00
1.413394739396389710e+00
1.413629304886035332e+00
1.413629304886035332e+00
1.413629304886035332e+00
1.413629304886035332e+00
1.413629304886035332e+00
1.413629304886035332e+00
1.413629304886035332e+00
1.413629304886035332e+00
1.413863908519512602e+00
1.413863908519512602e+00
1.413863908519512602e+00
1.413863908519512602e+00
1.413863908519512602e+00
1.413863908519512602e+00
1.413863908519512602e+00
1.413863908519512602e+00
1.414098550309228708e+00
1.414098550309228708e+00
1.414333230267597274e+00
1.414333230267597274e+00
1.414567948407037701e+00
1.414567948407037701e+00
1.414567948407037701e+00
1.414802704739976047e+00
1.414802704739976047e+00
1.415037499278843924e+00
1.415037499278843924e+00
1.415272332036078939e+00
1.415272332036078939e+00
1.415272332036078939e+00
1.415272332036078939e+00
1.415272332036078939e+00
1.415272332036078939e+00
1.415507203024125360e+00
1.415507203024125360e+00
1.415507203024125360e+00
1.415507203024125360e+00
1.415507203024125360e+00
1.415742112255433227e+00
1.415742112255433227e+00
1.415742112255433227e+00
1.415977059742458355e+00
1.415977059742458355e+00
1.415977059742458355e+00
1.416212045497662775e+00
1.416212045497662775e+00
1.416212045497662775e+00
1.416212045497662775e+00
1.416212045497662775e+00
1.416212045497662775e+00
1.416447069533515180e+00
1.416447069533515180e+00
1.416682131862489591e+00
1.416682131862489591e+00
1.416682131862489591e+00
1.416682131862489591e+00
1.416917232497066692e+00
1.416917232497066692e+00
1.416917232497066692e+00
1.416917232497066692e+00
1.416917232497066692e+00
1.417152371449732717e+00
1.417152371449732717e+00
1.417387548732980562e+00
1.417387548732980562e+00
1.417387548732980562e+00
1.417622764359308896e+00
1.417622764359308896e+00
1.417622764359308896e+00
1.417622764359308896e+00
1.417622764359308896e+00
1.417858018341222603e+00
1.417858018341222603e+00
1.417858018341222603e+00
1.417858018341222603e+00
1.418093310691232567e+00
1.418093310691232567e+00
1.418328641421856107e+00
1.418328641421856107e+00
1.418328641421856107e+00
1.418564010545616538e+00
1.418564010545616538e+00
1.418799418075042951e+00
1.418799418075042951e+00
1.418799418075042951e+00
1.418799418075042951e+00
1.419034864022671094e+00
1.419034864022671094e+00
1.419034864022671094e+00
1.419034864022671094e+00
1.419270348401042270e+00
1.419505871222704663e+00
1.419505871222704663e+00
1.419741432500212230e+00
1.419977032246124704e+00
1.419977032246124704e+00
1.419977032246124704e+00
1.419977032246124704e+00
1.419977032246124704e+00
1.420212670473008476e+00
1.420212670473008476e+00
1.420212670473008476e+00
1.420212670473008476e+00
1.420212670473008476e+00
1.420212670473008476e+00
1.420212670473008476e+00
1.420448347193436156e+00
1.420448347193436156e+00
1.420448347193436156e+00
1.420448347193436156e+00
1.420684062419985905e+00
1.420684062419985905e+00
1.420684062419985905e+00
1.420919816165242766e+00
1.420919816165242766e+00
1.420919816165242766e+00
1.420919816165242766e+00
1.420919816165242766e+00
1.420919816165242766e+00
1.420919816165242766e+00
1.421155608441797558e+00
1.421627308639195286e+00
1.421627308639195286e+00
1.421863216585250944e+00
1.421863216585250944e+00
1.421863216585250944e+00
1.422099163113029974e+00
1.422099163113029974e+00
1.422099163113029974e+00
1.422335148235154278e+00
1.422335148235154278e+00
1.422571171964251313e+00
1.422571171964251313e+00
1.422571171964251313e+00
1.422571171964251313e+00
1.422571171964251313e+00
1.422571171964251313e+00
1.422807234312955860e+00
1.422807234312955860e+00
1.423043335293908029e+00
1.423043335293908029e+00
1.423043335293908029e+00
1.423279474919754817e+00
1.423515653203148545e+00
1.423515653203148545e+00
1.423751870156748645e+00
1.423751870156748645e+00
1.423988125793220094e+00
1.423988125793220094e+00
1.423988125793220094e+00
1.423988125793220094e+00
1.424224420125234536e+00
1.424224420125234536e+00
1.424224420125234536e+00
1.424697124926609160e+00
1.424697124926609160e+00
1.424697124926609160e+00
1.424933535421343711e+00
1.424933535421343711e+00
1.425169984662369549e+00
1.425169984662369549e+00
1.425406472662388957e+00
1.425406472662388957e+00
1.425642999434111324e+00
1.425642999434111324e+00
1.425879564990251591e+00
1.425879564990251591e+00
1.425879564990251591e+00
1.426116169343531359e+00
1.426116169343531359e+00
1.426352812506678003e+00
1.426352812506678003e+00
1.426589494492425558e+00
1.426589494492425558e+00
1.426589494492425558e+00
1.426589494492425558e+00
1.426826215313514501e+00
1.427062974982690857e+00
1.427062974982690857e+00
1.427062974982690857e+00
1.427299773512707759e+00
1.427299773512707759e+00
1.427299773512707759e+00
1.427299773512707759e+00
1.427773487206305258e+00
1.427773487206305258e+00
1.428010402395422762e+00
1.428010402395422762e+00
1.428010402395422762e+00
1.428010402395422762e+00
1.428247356496454623e+00
1.428247356496454623e+00
1.428484349522184838e+00
1.428721381485404063e+00
1.429432711127995859e+00
1.429432711127995859e+00
1.429669898969202269e+00
1.429669898969202269e+00
1.429907125811944901e+00
1.429907125811944901e+00
1.429907125811944901e+00
1.430144391669052162e+00
1.430144391669052162e+00
1.430144391669052162e+00
1.430144391669052162e+00
1.430381696553358672e+00
1.430619040477705717e+00
1.430856423454940352e+00
1.430856423454940352e+00
1.431093845497916517e+00
1.431093845497916517e+00
1.431093845497916517e+00
1.431331306619494370e+00
1.431331306619494370e+00
1.431331306619494370e+00
1.431568806832540286e+00
1.431568806832540286e+00
1.431806346149926856e+00
1.432043924584533778e+00
1.432043924584533778e+00
1.432281542149246079e+00
1.432281542149246079e+00
1.432756894720560892e+00
1.432756894720560892e+00
1.432756894720560892e+00
1.432994629752966542e+00
1.433470217375829137e+00
1.433470217375829137e+00
1.433708069992127410e+00
1.433945961828908322e+00
1.433945961828908322e+00
1.433945961828908322e+00
1.433945961828908322e+00
1.434183892899108637e+00
1.434421863215671111e+00
1.434421863215671111e+00
1.434659872791545165e+00
1.434659872791545165e+00
1.434659872791545165e+00
1.434897921639686658e+00
1.434897921639686658e+00
1.434897921639686658e+00
1.434897921639686658e+00
1.435136009773057886e+00
1.435136009773057886e+00
1.435850510014268444e+00
1.435850510014268444e+00
1.436327040172486580e+00
1.436565364289802194e+00
1.436565364289802194e+00
1.437280572950680790e+00
1.437519054650684858e+00
1.437757575778927377e+00
1.437996136348448140e+00
1.438234736372292932e+00
1.438712054835170839e+00
1.438950773300328612e+00
1.439428328763440845e+00
1.439667165787558822e+00
1.439906042357504079e+00
1.440144958486374804e+00
1.440144958486374804e+00
1.440144958486374804e+00
1.440383914187275405e+00
1.440383914187275405e+00
1.441101018853297777e+00
1.441340132973492061e+00
1.441818480139972714e+00
1.442057713212552716e+00
1.442057713212552716e+00
1.442775650545551791e+00
1.444452228352935741e+00
1.444452228352935741e+00
1.445650977936561166e+00
1.446610695278381487e+00
1.447571051473530268e+00
1.448772396401711626e+00
1.449012785478480225e+00
1.449734193131259730e+00
1.450937341429569871e+00
1.453105540112363370e+00
2.920515216173184658e+00
2.923852471977494538e+00
2.925858537247494340e+00
2.927867395832766118e+00
2.935930919614490708e+00
2.935930919614490708e+00
2.936604918711490875e+00
2.937279232834955955e+00
2.938628807340188942e+00
2.939304068312445839e+00
2.939304068312445839e+00
2.942685122217296723e+00
2.942685122217296723e+00
2.942685122217296723e+00
2.944039765547706189e+00
2.947431949195846279e+00
2.948111344094622499e+00
2.950151450549438614e+00
2.951513126007663690e+00
2.951513126007663690e+00
2.952194445992410543e+00
2.952876087885974332e+00
2.952876087885974332e+00
2.953558051992688060e+00
2.953558051992688060e+00
2.953558051992688060e+00
2.953558051992688060e+00
2.953558051992688060e+00
2.954240338617316830e+00
2.955605880641546612e+00
2.956289136652844096e+00
2.956289136652844096e+00
2.956289136652844096e+00
2.956289136652844096e+00
2.956289136652844096e+00
2.956972716405452672e+00
2.956972716405452672e+00
2.956972716405452672e+00
2.959025401182693749e+00
2.959710278974283071e+00
2.961081010707697470e+00
2.961081010707697470e+00
2.961766865268220528e+00
2.961766865268220528e+00
2.962453046037821558e+00
2.963139553326954001e+00
2.963139553326954001e+00
2.963139553326954001e+00
2.963826387446514943e+00
2.963826387446514943e+00
2.963826387446514943e+00
2.963826387446514943e+00
2.964513548707845558e+00
2.964513548707845558e+00
2.965201037422732444e+00
2.965201037422732444e+00
2.965201037422732444e+00
2.965888853903407618e+00
2.965888853903407618e+00
2.966576998462549852e+00
2.966576998462549852e+00
2.966576998462549852e+00
2.967265471413286004e+00
2.967265471413286004e+00
2.967265471413286004e+00
2.967265471413286004e+00
2.967954273069191462e+00
2.967954273069191462e+00
2.968643403744291032e+00
2.968643403744291032e+00
2.970022653410420599e+00
2.970022653410420599e+00
2.970022653410420599e+00
2.970022653410420599e+00
2.971403222932891719e+00
2.971403222932891719e+00
2.972094003430115539e+00
2.972094003430115539e+00
2.972094003430115539e+00
2.972094003430115539e+00
2.972094003430115539e+00
2.972785114840164944e+00
2.973476557480234206e+00
2.973476557480234206e+00
2.974168331667974119e+00
2.974168331667974119e+00
2.974168331667974119e+00
2.974168331667974119e+00
2.974860437721491557e+00
2.974860437721491557e+00
2.974860437721491557e+00
2.974860437721491557e+00
2.974860437721491557e+00
2.974860437721491557e+00
2.974860437721491557e+00
2.974860437721491557e+00
2.974860437721491557e+00
2.975552875959353027e+00
2.975552875959353027e+00
2.976245646700582892e+00
2.976245646700582892e+00
2.976245646700582892e+00
2.976245646700582892e+00
2.976245646700582892e+00
2.976938750264665146e+00
2.976938750264665146e+00
2.976938750264665146e+00
2.977632186971545636e+00
2.977632186971545636e+00
2.977632186971545636e+00
2.977632186971545636e+00
2.978325957141630287e+00
2.978325957141630287e+00
2.978325957141630287e+00
2.978325957141630287e+00
2.978325957141630287e+00
2.979020061095788208e+00
2.979020061095788208e+00
2.979020061095788208e+00
2.979020061095788208e+00
2.979020061095788208e+00
2.979714499155352136e+00
2.979714499155352136e+00
2.980409271642119329e+00
2.980409271642119329e+00
2.980409271642119329e+00
2.980409271642119329e+00
2.981104378878350669e+00
2.981104378878350669e+00
2.981104378878350669e+00
2.981799821186774224e+00
2.981799821186774224e+00
2.981799821186774224e+00
2.981799821186774224e+00
2.982495598890585242e+00
2.982495598890585242e+00
2.982495598890585242e+00
2.983191712313446153e+00
2.983191712313446153e+00
2.983191712313446153e+00
2.983191712313446153e+00
2.983888161779488346e+00
2.983888161779488346e+00
2.983888161779488346e+00
2.983888161779488346e+00
2.983888161779488346e+00
2.984584947613312611e+00
2.984584947613312611e+00
2.984584947613312611e+00
2.984584947613312611e+00
2.984584947613312611e+00
2.984584947613312611e+00
2.984584947613312611e+00
2.984584947613312611e+00
2.984584947613312611e+00
2.985282070139990473e+00
2.985282070139990473e+00
2.985979529685065526e+00
2.985979529685065526e+00
2.985979529685065526e+00
2.985979529685065526e+00
2.985979529685065526e+00
2.986677326574552538e+00
2.986677326574552538e+00
2.986677326574552538e+00
2.986677326574552538e+00
2.986677326574552538e+00
2.986677326574552538e+00
2.986677326574552538e+00
2.987375461134940569e+00
2.987375461134940569e+00
2.987375461134940569e+00
2.987375461134940569e+00
2.987375461134940569e+00
2.987375461134940569e+00
2.988073933693192075e+00
2.988073933693192075e+00
2.988073933693192075e+00
2.988073933693192075e+00
2.988073933693192075e+00
2.988073933693192075e+00
2.988772744576746021e+00
2.988772744576746021e+00
2.988772744576746021e+00
2.988772744576746021e+00
2.988772744576746021e+00
2.988772744576746021e+00
2.988772744576746021e+00
2.988772744576746021e+00
2.989471894113515216e+00
2.989471894113515216e+00
2.989471894113515216e+00
2.989471894113515216e+00
2.989471894113515216e+00
2.989471894113515216e+00
2.990171382631891639e+00
2.990171382631891639e+00
2.990171382631891639e+00
2.990171382631891639e+00
2.990171382631891639e+00
2.990171382631891639e+00
2.990171382631891639e+00
2.991571377929419295e+00
2.991571377929419295e+00
2.991571377929419295e+00
2.991571377929419295e+00
2.991571377929419295e+00
2.991571377929419295e+00
2.991571377929419295e+00
2.991571377929419295e+00
2.991571377929419295e+00
2.992271885367745909e+00
2.992271885367745909e+00
2.992271885367745909e+00
2.992271885367745909e+00
2.992271885367745909e+00
2.992972733106031402e+00
2.992972733106031402e+00
2.992972733106031402e+00
2.992972733106031402e+00
2.992972733106031402e+00
2.993673921475066280e+00
2.994375450806121997e+00
2.994375450806121997e+00
2.994375450806121997e+00
2.995077321430954953e+00
2.995077321430954953e+00
2.995077321430954953e+00
2.995077321430954953e+00
2.995779533681804718e+00
2.995779533681804718e+00
2.995779533681804718e+00
2.995779533681804718e+00
2.995779533681804718e+00
2.995779533681804718e+00
2.996482087891398027e+00
2.996482087891398027e+00
2.996482087891398027e+00
2.996482087891398027e+00
2.996482087891398027e+00
2.997184984392946117e+00
2.997184984392946117e+00
2.997184984392946117e+00
2.997184984392946117e+00
2.997184984392946117e+00
2.997184984392946117e+00
2.997184984392946117e+00
2.997184984392946117e+00
2.997888223520147832e+00
2.997888223520147832e+00
2.997888223520147832e+00
2.997888223520147832e+00
2.997888223520147832e+00
2.997888223520147832e+00
2.998591805607191407e+00
2.998591805607191407e+00
2.998591805607191407e+00
2.998591805607191407e+00
2.999295730988753572e+00
2.999295730988753572e+00
2.999295730988753572e+00
3.000000000000000000e+00
3.000000000000000000e+00
3.000000000000000000e+00
3.000000000000000000e+00
3.000704612976589303e+00
3.000704612976589303e+00
3.000704612976589303e+00
3.000704612976589303e+00
3.000704612976589303e+00
3.000704612976589303e+00
3.000704612976589303e+00
3.001409570254671255e+00
3.001409570254671255e+00
3.001409570254671255e+00
3.001409570254671255e+00
3.001409570254671255e+00
3.001409570254671255e+00
3.001409570254671255e+00
3.002114872170889015e+00
3.002114872170889015e+00
3.002114872170889015e+00
3.002114872170889015e+00
3.002114872170889015e+00
3.002820519062378679e+00
3.002820519062378679e+00
3.002820519062378679e+00
3.002820519062378679e+00
3.002820519062378679e+00
3.002820519062378679e+00
3.003526511266772836e+00
3.003526511266772836e+00
3.003526511266772836e+00
3.003526511266772836e+00
3.003526511266772836e+00
3.003526511266772836e+00
3.003526511266772836e+00
3.004232849122198346e+00
3.004232849122198346e+00
3.004232849122198346e+00
3.004232849122198346e+00
3.004939532967280780e+00
3.004939532967280780e+00
3.004939532967280780e+00
3.004939532967280780e+00
3.004939532967280780e+00
3.004939532967280780e+00
3.004939532967280780e+00
3.004939532967280780e+00
3.004939532967280780e+00
3.004939532967280780e+00
3.005646563141142202e+00
3.005646563141142202e+00
3.006353939983403389e+00
3.006353939983403389e+00
3.006353939983403389e+00
3.006353939983403389e+00
3.006353939983403389e+00
3.006353939983403389e+00
3.006353939983403389e+00
3.007061663834186049e+00
3.007061663834186049e+00
3.007061663834186049e+00
3.007061663834186049e+00
3.007061663834186049e+00
3.007769735034111935e+00
3.007769735034111935e+00
3.007769735034111935e+00
3.007769735034111935e+00
3.007769735034111935e+00
3.007769735034111935e+00
3.008478153924304621e+00
3.008478153924304621e+00
3.008478153924304621e+00
3.008478153924304621e+00
3.008478153924304621e+00
3.008478153924304621e+00
3.008478153924304621e+00
3.008478153924304621e+00
3.009186920846390834e+00
3.009186920846390834e+00
3.009186920846390834e+00
3.009896036142500009e+00
3.009896036142500009e+00
3.009896036142500009e+00
3.009896036142500009e+00
3.009896036142500009e+00
3.009896036142500009e+00
3.009896036142500009e+00
3.009896036142500009e+00
3.009896036142500009e+00
3.010605500155267400e+00
3.010605500155267400e+00
3.011315313227834078e+00
3.011315313227834078e+00
3.011315313227834078e+00
3.011315313227834078e+00
3.011315313227834078e+00
3.011315313227834078e+00
3.011315313227834078e+00
3.012025475703846933e+00
3.012025475703846933e+00
3.012025475703846933e+00
3.012025475703846933e+00
3.012025475703846933e+00
3.012735987927461334e+00
3.012735987927461334e+00
3.012735987927461334e+00
3.012735987927461334e+00
3.012735987927461334e+00
3.012735987927461334e+00
3.012735987927461334e+00
3.012735987927461334e+00
3.012735987927461334e+00
3.012735987927461334e+00
3.013446850243341135e+00
3.013446850243341135e+00
3.013446850243341135e+00
3.013446850243341135e+00
3.013446850243341135e+00
3.013446850243341135e+00
3.013446850243341135e+00
3.014158062996659559e+00
3.014158062996659559e+00
3.014158062996659559e+00
3.014869626533100977e+00
3.014869626533100977e+00
3.014869626533100977e+00
3.014869626533100977e+00
3.014869626533100977e+00
3.014869626533100977e+00
3.014869626533100977e+00
3.014869626533100977e+00
3.015581541198861792e+00
3.015581541198861792e+00
3.016293807340650446e+00
3.016293807340650446e+00
3.016293807340650446e+00
3.017006425305690076e+00
3.017006425305690076e+00
3.017006425305690076e+00
3.017006425305690076e+00
3.017006425305690076e+00
3.018432718096985212e+00
3.018432718096985212e+00
3.018432718096985212e+00
3.019146393620264490e+00
3.019146393620264490e+00
3.019146393620264490e+00
3.019860422360842733e+00
3.019860422360842733e+00
3.019860422360842733e+00
3.019860422360842733e+00
3.019860422360842733e+00
3.019860422360842733e+00
3.020574804668526792e+00
3.021289540893642656e+00
3.021289540893642656e+00
3.021289540893642656e+00
3.021289540893642656e+00
3.021289540893642656e+00
3.022004631387038565e+00
3.022004631387038565e+00
3.022004631387038565e+00
3.022004631387038565e+00
3.022720076500083675e+00
3.022720076500083675e+00
3.022720076500083675e+00
3.022720076500083675e+00
3.023435876584670279e+00
3.023435876584670279e+00
3.023435876584670279e+00
3.023435876584670279e+00
3.024152031993215139e+00
3.024152031993215139e+00
3.024868543078660377e+00
3.024868543078660377e+00
3.024868543078660377e+00
3.025585410194473024e+00
3.025585410194473024e+00
3.025585410194473024e+00
3.025585410194473024e+00
3.025585410194473024e+00
3.026302633694648136e+00
3.026302633694648136e+00
3.027020213933709236e+00
3.027738151266708311e+00
3.027738151266708311e+00
3.028456446049228035e+00
3.029175098637383101e+00
3.029175098637383101e+00
3.029175098637383101e+00
3.029175098637383101e+00
3.029894109387819334e+00
3.029894109387819334e+00
3.029894109387819334e+00
3.030613478657717241e+00
3.030613478657717241e+00
3.030613478657717241e+00
3.031333206804791569e+00
3.031333206804791569e+00
3.031333206804791569e+00
3.031333206804791569e+00
3.031333206804791569e+00
3.032053294187292192e+00
3.032773741164006331e+00
3.032773741164006331e+00
3.034215715337913011e+00
3.034215715337913011e+00
3.034215715337913011e+00
3.034215715337913011e+00
3.034215715337913011e+00
3.034937243255372508e+00
3.034937243255372508e+00
3.034937243255372508e+00
3.035659132207581656e+00
3.035659132207581656e+00
3.035659132207581656e+00
3.035659132207581656e+00
3.036381382556027297e+00
3.037103994662739392e+00
3.037103994662739392e+00
3.037826968890291912e+00
3.037826968890291912e+00
3.037826968890291912e+00
3.038550305601804169e+00
3.038550305601804169e+00
3.038550305601804169e+00
3.039274005160942149e+00
3.039998067931918957e+00
3.039998067931918957e+00
3.040722494279497479e+00
3.040722494279497479e+00
3.041447284568988607e+00
3.041447284568988607e+00
3.041447284568988607e+00
3.042172439166256126e+00
3.044350092471626024e+00
3.044350092471626024e+00
3.045076707969679664e+00
3.045803689613124643e+00
3.046531037771152306e+00
3.046531037771152306e+00
3.047986835110513493e+00
3.047986835110513493e+00
3.048715285033027911e+00
3.049444102952488134e+00
3.049444102952488134e+00
3.050173289240889041e+00
3.050173289240889041e+00
3.050902844270792169e+00
3.050902844270792169e+00
3.051632768415322161e+00
3.051632768415322161e+00
3.053093725543602144e+00
3.053824759276441370e+00
3.054556163622088594e+00
3.054556163622088594e+00
3.055287938956514182e+00
3.055287938956514182e+00
3.056020085656261376e+00
3.056020085656261376e+00
3.058218757721469672e+00
3.059686402854031151e+00
3.061155542533828822e+00
3.064098317732413257e+00
3.064098317732413257e+00
3.065571959373196265e+00
3.069262662437113764e+00
3.070741591363026934e+00
3.073704005218888646e+00
3.074445560126445542e+00
3.076672514580807594e+00
3.084867551049349732e+00
