2.908564613676392963e+00
2.917850958646128312e+00
2.917850958646128312e+00
2.923852471977494538e+00
2.927197465455792624e+00
2.932565639243478017e+00
2.934583865323452390e+00
2.941331749659428674e+00
2.941331749659428674e+00
2.942008277240824032e+00
2.946074118468895442e+00
2.947431949195846279e+00
2.950151450549438614e+00
2.950151450549438614e+00
2.950832127627830204e+00
2.952194445992410543e+00
2.952194445992410543e+00
2.953558051992688060e+00
2.954922948065059618e+00
2.955605880641546612e+00
2.957656620206308595e+00
2.957656620206308595e+00
2.957656620206308595e+00
2.958340848362785547e+00
2.958340848362785547e+00
2.958340848362785547e+00
2.959025401182693749e+00
2.960395482046241700e+00
2.962453046037821558e+00
2.962453046037821558e+00
2.963139553326954001e+00
2.963139553326954001e+00
2.963139553326954001e+00
2.963826387446514943e+00
2.963826387446514943e+00
2.964513548707845558e+00
2.965888853903407618e+00
2.966576998462549852e+00
2.966576998462549852e+00
2.967265471413286004e+00
2.967265471413286004e+00
2.967265471413286004e+00
2.968643403744291032e+00
2.968643403744291032e+00
2.969332863753058493e+00
2.969332863753058493e+00
2.970022653410420599e+00
2.970712773031754850e+00
2.970712773031754850e+00
2.972094003430115539e+00
2.972094003430115539e+00
2.972094003430115539e+00
2.972094003430115539e+00
2.973476557480234206e+00
2.974168331667974119e+00
2.975552875959353027e+00
2.975552875959353027e+00
2.976245646700582892e+00
2.976245646700582892e+00
2.976938750264665146e+00
2.976938750264665146e+00
2.977632186971545636e+00
2.977632186971545636e+00
2.978325957141630287e+00
2.978325957141630287e+00
2.979020061095788208e+00
2.979714499155352136e+00
2.979714499155352136e+00
2.979714499155352136e+00
2.979714499155352136e+00
2.980409271642119329e+00
2.980409271642119329e+00
2.980409271642119329e+00
2.981799821186774224e+00
2.981799821186774224e+00
2.981799821186774224e+00
2.981799821186774224e+00
2.982495598890585242e+00
2.983191712313446153e+00
2.983888161779488346e+00
2.983888161779488346e+00
2.984584947613312611e+00
2.984584947613312611e+00
2.984584947613312611e+00
2.985979529685065526e+00
2.985979529685065526e+00
2.985979529685065526e+00
2.985979529685065526e+00
2.986677326574552538e+00
2.986677326574552538e+00
2.986677326574552538e+00
2.986677326574552538e+00
2.987375461134940569e+00
2.987375461134940569e+00
2.987375461134940569e+00
2.988073933693192075e+00
2.988073933693192075e+00
2.988772744576746021e+00
2.988772744576746021e+00
2.988772744576746021e+00
2.989471894113515216e+00
2.990171382631891639e+00
2.990171382631891639e+00
2.990871210460743779e+00
2.990871210460743779e+00
2.990871210460743779e+00
2.990871210460743779e+00
2.991571377929419295e+00
2.991571377929419295e+00
2.991571377929419295e+00
2.991571377929419295e+00
2.991571377929419295e+00
2.991571377929419295e+00
2.992271885367745909e+00
2.992271885367745909e+00
2.992271885367745909e+00
2.992972733106031402e+00
2.993673921475066280e+00
2.993673921475066280e+00
2.993673921475066280e+00
2.993673921475066280e+00
2.994375450806121997e+00
2.994375450806121997e+00
2.995077321430954953e+00
2.995077321430954953e+00
2.995779533681804718e+00
2.995779533681804718e+00
2.995779533681804718e+00
2.996482087891398027e+00
2.996482087891398027e+00
2.996482087891398027e+00
2.996482087891398027e+00
2.997184984392946117e+00
2.997184984392946117e+00
2.997184984392946117e+00
2.997184984392946117e+00
2.997888223520147832e+00
2.998591805607191407e+00
2.999295730988753572e+00
2.999295730988753572e+00
3.000000000000000000e+00
3.000000000000000000e+00
3.000704612976589303e+00
3.000704612976589303e+00
3.000704612976589303e+00
3.001409570254671255e+00
3.002820519062378679e+00
3.003526511266772836e+00
3.003526511266772836e+00
3.004232849122198346e+00
3.004232849122198346e+00
3.006353939983403389e+00
3.006353939983403389e+00
3.006353939983403389e+00
3.006353939983403389e+00
3.006353939983403389e+00
3.007061663834186049e+00
3.007061663834186049e+00
3.007769735034111935e+00
3.007769735034111935e+00
3.009186920846390834e+00
3.009186920846390834e+00
3.009186920846390834e+00
3.009896036142500009e+00
3.011315313227834078e+00
3.011315313227834078e+00
3.011315313227834078e+00
3.011315313227834078e+00
3.012025475703846933e+00
3.012025475703846933e+00
3.012025475703846933e+00
3.012735987927461334e+00
3.012735987927461334e+00
3.012735987927461334e+00
3.012735987927461334e+00
3.013446850243341135e+00
3.013446850243341135e+00
3.014158062996659559e+00
3.014869626533100977e+00
3.014869626533100977e+00
3.014869626533100977e+00
3.015581541198861792e+00
3.015581541198861792e+00
3.015581541198861792e+00
3.015581541198861792e+00
3.015581541198861792e+00
3.015581541198861792e+00
3.016293807340650446e+00
3.016293807340650446e+00
3.016293807340650446e+00
3.018432718096985212e+00
3.018432718096985212e+00
3.019146393620264490e+00
3.020574804668526792e+00
3.020574804668526792e+00
3.020574804668526792e+00
3.020574804668526792e+00
3.021289540893642656e+00
3.021289540893642656e+00
3.022004631387038565e+00
3.022720076500083675e+00
3.022720076500083675e+00
3.022720076500083675e+00
3.022720076500083675e+00
3.023435876584670279e+00
3.023435876584670279e+00
3.023435876584670279e+00
3.024868543078660377e+00
3.024868543078660377e+00
3.026302633694648136e+00
3.026302633694648136e+00
3.026302633694648136e+00
3.026302633694648136e+00
3.027020213933709236e+00
3.027738151266708311e+00
3.029175098637383101e+00
3.029894109387819334e+00
3.029894109387819334e+00
3.029894109387819334e+00
3.030613478657717241e+00
3.030613478657717241e+00
3.030613478657717241e+00
3.031333206804791569e+00
3.031333206804791569e+00
3.032053294187292192e+00
3.032053294187292192e+00
3.032773741164006331e+00
3.033494548094259002e+00
3.033494548094259002e+00
3.033494548094259002e+00
3.034215715337913011e+00
3.036381382556027297e+00
3.036381382556027297e+00
3.037103994662739392e+00
3.037103994662739392e+00
3.037826968890291912e+00
3.039274005160942149e+00
3.039274005160942149e+00
3.039274005160942149e+00
3.042172439166256126e+00
3.043623842750329711e+00
3.045803689613124643e+00
3.047258752813511773e+00
3.047258752813511773e+00
3.050902844270792169e+00
3.050902844270792169e+00
3.050902844270792169e+00
3.051632768415322161e+00
3.053093725543602144e+00
3.053824759276441370e+00
3.056020085656261376e+00
3.058218757721469672e+00
3.059686402854031151e+00
3.060420785685306733e+00
3.067785248031614564e+00
3.082627920523158593e+00
3.087110663770038510e+00
3.313499472816781477e+00
3.341788517248205359e+00
3.344469276844357353e+00
3.348948308821071418e+00
3.350743822482685541e+00
3.351642417990334355e+00
3.354341567591289763e+00
3.356143810225275192e+00
3.357045776519667957e+00
3.357045776519667957e+00
3.357948307072023297e+00
3.357948307072023297e+00
3.361564086009528385e+00
3.362469448474690203e+00
3.363375379456351233e+00
3.365188949828282095e+00
3.365188949828282095e+00
3.367004802857042289e+00
3.367913587164818257e+00
3.367913587164818257e+00
3.368822944296021582e+00
3.369732874973230263e+00
3.370643379920390537e+00
3.370643379920390537e+00
3.371554459862818653e+00
3.371554459862818653e+00
3.374291156935534719e+00
3.374291156935534719e+00
3.374291156935534719e+00
3.374291156935534719e+00
3.375204544139763119e+00
3.375204544139763119e+00
3.375204544139763119e+00
3.377033055209489820e+00
3.377948180543623558e+00
3.378863886725358867e+00
3.379780174492513556e+00
3.379780174492513556e+00
3.380697044584313193e+00
3.382532534705803506e+00
3.383451156221010780e+00
3.383451156221010780e+00
3.384370363031902418e+00
3.384370363031902418e+00
3.385290155884791652e+00
3.385290155884791652e+00
3.386210535527419907e+00
3.387131502708959463e+00
3.387131502708959463e+00
3.388053058180019228e+00
3.388053058180019228e+00
3.388975202692647848e+00
3.388975202692647848e+00
3.389897937000335482e+00
3.389897937000335482e+00
3.391745178022091078e+00
3.392669686250389116e+00
3.393594787302215199e+00
3.393594787302215199e+00
3.395446770920963253e+00
3.395446770920963253e+00
3.395446770920963253e+00
3.395446770920963253e+00
3.395446770920963253e+00
3.395446770920963253e+00
3.396373655013808168e+00
3.396373655013808168e+00
3.396373655013808168e+00
3.397301134982035009e+00
3.397301134982035009e+00
3.397301134982035009e+00
3.398229211592290078e+00
3.398229211592290078e+00
3.399157885612698937e+00
3.399157885612698937e+00
3.401017028963909006e+00
3.401017028963909006e+00
3.401947499838399835e+00
3.403810243855589501e+00
3.403810243855589501e+00
3.404742518550964547e+00
3.404742518550964547e+00
3.404742518550964547e+00
3.404742518550964547e+00
3.405675396075152683e+00
3.406608877208263220e+00
3.407542962731919367e+00
3.408477653429264898e+00
3.409412950084965921e+00
3.410348853485214882e+00
3.411285364417736332e+00
3.411285364417736332e+00
3.411285364417736332e+00
3.411285364417736332e+00
3.412222483671789597e+00
3.412222483671789597e+00
3.413160212038173214e+00
3.413160212038173214e+00
3.413160212038173214e+00
3.413160212038173214e+00
3.414098550309228486e+00
3.414098550309228486e+00
3.414098550309228486e+00
3.414098550309228486e+00
3.415037499278843924e+00
3.415977059742458355e+00
3.415977059742458355e+00
3.415977059742458355e+00
3.416917232497066692e+00
3.416917232497066692e+00
3.417858018341222603e+00
3.417858018341222603e+00
3.418799418075042951e+00
3.418799418075042951e+00
3.418799418075042951e+00
3.419741432500212230e+00
3.419741432500212230e+00
3.419741432500212230e+00
3.420684062419985683e+00
3.420684062419985683e+00
3.420684062419985683e+00
3.421627308639195508e+00
3.421627308639195508e+00
3.422571171964251313e+00
3.422571171964251313e+00
3.422571171964251313e+00
3.422571171964251313e+00
3.424460753165469384e+00
3.424460753165469384e+00
3.425406472662388957e+00
3.426352812506678003e+00
3.426352812506678003e+00
3.426352812506678003e+00
3.427299773512707759e+00
3.427299773512707759e+00
3.427299773512707759e+00
3.427299773512707759e+00
3.429195562275503484e+00
3.429195562275503484e+00
3.429195562275503484e+00
3.429195562275503484e+00
3.431093845497916739e+00
3.431093845497916739e+00
3.431093845497916739e+00
3.432043924584533556e+00
3.432994629752966542e+00
3.432994629752966542e+00
3.432994629752966542e+00
3.432994629752966542e+00
3.433945961828908544e+00
3.433945961828908544e+00
3.433945961828908544e+00
3.434897921639686658e+00
3.434897921639686658e+00
3.435850510014268444e+00
3.435850510014268444e+00
3.436803727783262818e+00
3.436803727783262818e+00
3.437757575778927155e+00
3.437757575778927155e+00
3.438712054835170839e+00
3.438712054835170839e+00
3.440622909473316504e+00
3.440622909473316504e+00
3.440622909473316504e+00
3.440622909473316504e+00
3.441579286731335507e+00
3.441579286731335507e+00
3.442536298402175898e+00
3.442536298402175898e+00
3.443493945328071959e+00
3.443493945328071959e+00
3.444452228352935741e+00
3.444452228352935741e+00
3.445411148322362838e+00
3.445411148322362838e+00
3.445411148322362838e+00
3.446370706083635493e+00
3.446370706083635493e+00
3.448291738379311688e+00
3.448291738379311688e+00
3.448291738379311688e+00
3.449253214616756935e+00
3.450215332052140482e+00
3.450215332052140482e+00
3.451178091541248882e+00
3.451178091541248882e+00
3.452141493941583317e+00
3.453105540112363148e+00
3.454070230914532580e+00
3.455035567210762881e+00
3.455035567210762881e+00
3.456001549865458600e+00
3.456001549865458600e+00
3.457935457716557526e+00
3.457935457716557526e+00
3.459871961417900099e+00
3.461811067947581311e+00
3.461811067947581311e+00
3.461811067947581311e+00
3.462781599461403736e+00
3.464724623379196622e+00
3.465697117545369466e+00
3.469593662900932074e+00
3.470569445853849189e+00
3.471545889235210680e+00
3.472522993939604063e+00
3.479381319443719978e+00
3.482330611866188086e+00
3.483315050690389825e+00
3.484300161715957689e+00
3.497168195933255674e+00
3.504144973112829131e+00
3.512159966176948700e+00
4.810175441119982409e+00
4.825074317499320919e+00
4.827572491354517936e+00
4.870716983055033644e+00
4.881058927276492376e+00
4.881058927276492376e+00
4.886257833950812035e+00
4.886257833950812035e+00
4.888864329765293171e+00
4.891475543221830868e+00
4.894091491428842033e+00
4.899337660994801169e+00
4.904602977207443537e+00
4.904602977207443537e+00
4.904602977207443537e+00
4.907242859080147568e+00
4.907242859080147568e+00
4.909887580335711377e+00
4.909887580335711377e+00
4.912537158749660904e+00
4.912537158749660904e+00
4.912537158749660904e+00
4.912537158749660904e+00
4.915191612195638271e+00
4.915191612195638271e+00
4.915191612195638271e+00
4.915191612195638271e+00
4.917850958646128312e+00
4.917850958646128312e+00
4.917850958646128312e+00
4.917850958646128312e+00
4.920515216173185102e+00
4.923184402949169147e+00
4.923184402949169147e+00
4.923184402949169147e+00
4.925858537247494340e+00
4.925858537247494340e+00
4.928537637443375807e+00
4.928537637443375807e+00
4.931221722014587527e+00
4.931221722014587527e+00
4.933910809542227938e+00
4.933910809542227938e+00
4.933910809542227938e+00
4.933910809542227938e+00
4.936604918711490875e+00
4.939304068312446283e+00
4.942008277240824476e+00
4.942008277240824476e+00
4.944717564498810169e+00
4.944717564498810169e+00
4.944717564498810169e+00
4.944717564498810169e+00
4.944717564498810169e+00
4.944717564498810169e+00
4.947431949195846279e+00
4.947431949195846279e+00
4.947431949195846279e+00
4.947431949195846279e+00
4.947431949195846279e+00
4.950151450549438614e+00
4.952876087885973888e+00
4.952876087885973888e+00
4.952876087885973888e+00
4.952876087885973888e+00
4.952876087885973888e+00
4.955605880641546612e+00
4.955605880641546612e+00
4.955605880641546612e+00
4.958340848362785103e+00
4.958340848362785103e+00
4.958340848362785103e+00
4.958340848362785103e+00
4.958340848362785103e+00
4.958340848362785103e+00
4.958340848362785103e+00
4.961081010707697914e+00
4.961081010707697914e+00
4.961081010707697914e+00
4.961081010707697914e+00
4.961081010707697914e+00
4.963826387446514943e+00
4.963826387446514943e+00
4.963826387446514943e+00
4.963826387446514943e+00
4.963826387446514943e+00
4.963826387446514943e+00
4.963826387446514943e+00
4.966576998462549852e+00
4.966576998462549852e+00
4.966576998462549852e+00
4.966576998462549852e+00
4.966576998462549852e+00
4.969332863753058938e+00
4.969332863753058938e+00
4.969332863753058938e+00
4.972094003430115094e+00
4.972094003430115094e+00
4.974860437721491557e+00
4.974860437721491557e+00
4.974860437721491557e+00
4.974860437721491557e+00
4.977632186971545636e+00
4.977632186971545636e+00
4.977632186971545636e+00
4.980409271642119329e+00
4.980409271642119329e+00
4.980409271642119329e+00
4.980409271642119329e+00
4.983191712313446153e+00
4.983191712313446153e+00
4.985979529685065081e+00
4.985979529685065081e+00
4.985979529685065081e+00
4.985979529685065081e+00
4.985979529685065081e+00
4.985979529685065081e+00
4.985979529685065081e+00
4.988772744576746021e+00
4.988772744576746021e+00
4.988772744576746021e+00
4.988772744576746021e+00
4.988772744576746021e+00
4.991571377929418851e+00
4.991571377929418851e+00
4.994375450806121997e+00
4.994375450806121997e+00
4.994375450806121997e+00
4.997184984392945672e+00
4.997184984392945672e+00
4.997184984392945672e+00
4.997184984392945672e+00
4.997184984392945672e+00
5.000000000000000000e+00
5.000000000000000000e+00
5.002820519062378679e+00
5.002820519062378679e+00
5.002820519062378679e+00
5.002820519062378679e+00
5.002820519062378679e+00
5.002820519062378679e+00
5.002820519062378679e+00
5.005646563141142202e+00
5.005646563141142202e+00
5.005646563141142202e+00
5.005646563141142202e+00
5.005646563141142202e+00
5.005646563141142202e+00
5.008478153924304621e+00
5.008478153924304621e+00
5.008478153924304621e+00
5.008478153924304621e+00
5.008478153924304621e+00
5.008478153924304621e+00
5.011315313227834523e+00
5.011315313227834523e+00
5.014158062996659559e+00
5.014158062996659559e+00
5.014158062996659559e+00
5.014158062996659559e+00
5.014158062996659559e+00
5.014158062996659559e+00
5.014158062996659559e+00
5.017006425305689632e+00
5.017006425305689632e+00
5.017006425305689632e+00
5.017006425305689632e+00
5.017006425305689632e+00
5.017006425305689632e+00
5.017006425305689632e+00
5.019860422360842733e+00
5.019860422360842733e+00
5.019860422360842733e+00
5.019860422360842733e+00
5.019860422360842733e+00
5.022720076500083231e+00
5.022720076500083231e+00
5.022720076500083231e+00
5.022720076500083231e+00
5.022720076500083231e+00
5.022720076500083231e+00
5.025585410194472580e+00
5.025585410194472580e+00
5.025585410194472580e+00
5.025585410194472580e+00
5.025585410194472580e+00
5.025585410194472580e+00
5.025585410194472580e+00
5.028456446049228035e+00
5.028456446049228035e+00
5.028456446049228035e+00
5.028456446049228035e+00
5.028456446049228035e+00
5.031333206804792013e+00
5.031333206804792013e+00
5.034215715337913011e+00
5.034215715337913011e+00
5.034215715337913011e+00
5.037103994662739836e+00
5.037103994662739836e+00
5.037103994662739836e+00
5.037103994662739836e+00
5.037103994662739836e+00
5.039998067931919401e+00
5.039998067931919401e+00
5.039998067931919401e+00
5.039998067931919401e+00
5.039998067931919401e+00
5.039998067931919401e+00
5.042897958437714045e+00
5.042897958437714045e+00
5.042897958437714045e+00
5.042897958437714045e+00
5.045803689613125087e+00
5.045803689613125087e+00
5.048715285033027911e+00
5.048715285033027911e+00
5.051632768415322161e+00
5.051632768415322161e+00
5.051632768415322161e+00
5.054556163622088150e+00
5.054556163622088150e+00
5.054556163622088150e+00
5.057485494660760139e+00
5.057485494660760139e+00
5.060420785685306733e+00
5.060420785685306733e+00
5.060420785685306733e+00
5.060420785685306733e+00
5.063362060997429026e+00
5.063362060997429026e+00
5.066309345047765866e+00
5.066309345047765866e+00
5.066309345047765866e+00
5.066309345047765866e+00
5.069262662437113320e+00
5.069262662437113320e+00
5.069262662437113320e+00
5.069262662437113320e+00
5.069262662437113320e+00
5.069262662437113320e+00
5.072222037917657467e+00
5.072222037917657467e+00
5.075187496394218734e+00
5.075187496394218734e+00
5.078159062925509559e+00
5.081136762725405376e+00
5.081136762725405376e+00
5.081136762725405376e+00
5.084120621164227138e+00
5.084120621164227138e+00
5.084120621164227138e+00
5.084120621164227138e+00
5.084120621164227138e+00
5.084120621164227138e+00
5.087110663770038066e+00
5.087110663770038066e+00
5.090106916229958145e+00
5.090106916229958145e+00
5.090106916229958145e+00
5.090106916229958145e+00
5.093109404391481299e+00
5.099133192019251304e+00
5.099133192019251304e+00
5.099133192019251304e+00
5.102154543994488201e+00
5.105182236692056286e+00
5.105182236692056286e+00
5.108216296781689536e+00
5.108216296781689536e+00
5.108216296781689536e+00
5.111256751101740825e+00
5.114303626660604785e+00
5.117356950638158430e+00
5.117356950638158430e+00
5.117356950638158430e+00
5.120416750387216887e+00
5.123483053435000656e+00
5.126555887484623319e+00
5.129635280416595222e+00
5.129635280416595222e+00
5.145131616739763381e+00
5.154509949055625206e+00
5.163949644941930650e+00
5.170277264913941018e+00
5.183016376744618903e+00
