3.762790039244978679e+00
3.773587807211214340e+00
3.777205097131889122e+00
3.786895780358093155e+00
3.791765641660211461e+00
3.795428855750796249e+00
3.802783306889947923e+00
3.802783306889947923e+00
3.804012701971491328e+00
3.805243145577752006e+00
3.808940785468343471e+00
3.813885760458357588e+00
3.813885760458357588e+00
3.818847743134433426e+00
3.826322863696580256e+00
3.828823202348228261e+00
3.831327881867769403e+00
3.841390311785521927e+00
3.841390311785521927e+00
3.842653064637157279e+00
3.852795075057771079e+00
3.856616786010179432e+00
3.859170229226998927e+00
3.863008887919770373e+00
3.869429437194573218e+00
3.873295527156809914e+00
3.875878688170812492e+00
3.878466482659968406e+00
3.879762122658040546e+00
3.879762122658040546e+00
3.888864329765293171e+00
3.942008277240824032e+00
3.970712773031754850e+00
3.984584947613312611e+00
3.997184984392946117e+00
4.008478153924304621e+00
4.012735987927461778e+00
4.019860422360842733e+00
4.019860422360842733e+00
4.024152031993215139e+00
4.028456446049228035e+00
4.029894109387819334e+00
4.029894109387819334e+00
4.032773741164006331e+00
4.038550305601804169e+00
4.039998067931919401e+00
4.041447284568988607e+00
4.044350092471626468e+00
4.047258752813512217e+00
4.048715285033027911e+00
4.050173289240889041e+00
4.050173289240889041e+00
4.053093725543602588e+00
4.057485494660760139e+00
4.058952393659419400e+00
4.063362060997429026e+00
4.064834950396305047e+00
4.066309345047765866e+00
4.069262662437113320e+00
4.070741591363026934e+00
4.075187496394218734e+00
4.076672514580807594e+00
4.078159062925509559e+00
4.079647144584918728e+00
4.079647144584918728e+00
4.081136762725405376e+00
4.081136762725405376e+00
4.082627920523158593e+00
4.082627920523158593e+00
4.082627920523158593e+00
4.084120621164227138e+00
4.084120621164227138e+00
4.087110663770038066e+00
4.087110663770038066e+00
4.087110663770038066e+00
4.091607379226249286e+00
4.093109404391481299e+00
4.093109404391481299e+00
4.093109404391481299e+00
4.097624885513974746e+00
4.097624885513974746e+00
4.099133192019251304e+00
4.099133192019251304e+00
4.102154543994488201e+00
4.102154543994488201e+00
4.105182236692056286e+00
4.105182236692056286e+00
4.105182236692056286e+00
4.106698469139436369e+00
4.109735722978890671e+00
4.112779384531615179e+00
4.114303626660604785e+00
4.117356950638158430e+00
4.117356950638158430e+00
4.117356950638158430e+00
4.121949087271462808e+00
4.121949087271462808e+00
4.123483053435000656e+00
4.123483053435000656e+00
4.125018652346225778e+00
4.126555887484623319e+00
4.131177445225000966e+00
4.131177445225000966e+00
4.131177445225000966e+00
4.138913094004606386e+00
4.142019004872428134e+00
4.145131616739763381e+00
4.146690444596325520e+00
4.149813162354226037e+00
4.159222076404945234e+00
4.167109985835258712e+00
4.168692756197949656e+00
4.170277264913941018e+00
4.173451512709084987e+00
4.184616704186461256e+00
4.184616704186461256e+00
4.189428365258852871e+00
4.197483634878777181e+00
4.282323576933603881e+00
4.297827314634452556e+00
4.304771708504249617e+00
4.322280358358991492e+00
4.336441895782726874e+00
4.340004107570022640e+00
4.347155026998020588e+00
4.347155026998020588e+00
4.347155026998020588e+00
4.350743822482685097e+00
4.356143810225275637e+00
4.359755063777654094e+00
4.359755063777654094e+00
4.368822944296021582e+00
4.368822944296021582e+00
4.368822944296021582e+00
4.368822944296021582e+00
4.372466115527208430e+00
4.374291156935534275e+00
4.376118509986541838e+00
4.377948180543623558e+00
4.379780174492513112e+00
4.383451156221010336e+00
4.385290155884791652e+00
4.387131502708959019e+00
4.390821261858020463e+00
4.392669686250389560e+00
4.392669686250389560e+00
4.394520481938331002e+00
4.394520481938331002e+00
4.396373655013808168e+00
4.398229211592290078e+00
4.398229211592290078e+00
4.398229211592290078e+00
4.398229211592290078e+00
4.398229211592290078e+00
4.398229211592290078e+00
4.400087157812872185e+00
4.400087157812872185e+00
4.400087157812872185e+00
4.400087157812872185e+00
4.400087157812872185e+00
4.401947499838399835e+00
4.401947499838399835e+00
4.401947499838399835e+00
4.401947499838399835e+00
4.401947499838399835e+00
4.401947499838399835e+00
4.403810243855589945e+00
4.403810243855589945e+00
4.403810243855589945e+00
4.405675396075152683e+00
4.405675396075152683e+00
4.407542962731919367e+00
4.407542962731919367e+00
4.411285364417736332e+00
4.413160212038173214e+00
4.415037499278843924e+00
4.416917232497066692e+00
4.418799418075042951e+00
4.418799418075042951e+00
4.420684062419986127e+00
4.420684062419986127e+00
4.420684062419986127e+00
4.420684062419986127e+00
4.422571171964251313e+00
4.424460753165469384e+00
4.426352812506678447e+00
4.428247356496454401e+00
4.430144391669052162e+00
4.432043924584533556e+00
4.432043924584533556e+00
4.432043924584533556e+00
4.433945961828908544e+00
4.433945961828908544e+00
4.433945961828908544e+00
4.433945961828908544e+00
4.437757575778927155e+00
4.437757575778927155e+00
4.437757575778927155e+00
4.439667165787558822e+00
4.439667165787558822e+00
4.443493945328071959e+00
4.449253214616756935e+00
4.449253214616756935e+00
4.451178091541248882e+00
4.451178091541248882e+00
4.453105540112363592e+00
4.455035567210763325e+00
4.456968179744762004e+00
4.460841188891969011e+00
4.464724623379196622e+00
4.466670267694166085e+00
4.468618539483688146e+00
4.468618539483688146e+00
4.468618539483688146e+00
4.470569445853849189e+00
4.472522993939604063e+00
4.474479190904930626e+00
4.478399560276272950e+00
4.480363747156786758e+00
4.480363747156786758e+00
4.486272404047563001e+00
4.488247346232620671e+00
4.496174262004249300e+00
4.500154112916794347e+00
4.502148163048881990e+00
4.504144973112828687e+00
4.508146903670325223e+00
4.512159966176948700e+00
4.514170691298095228e+00
4.524266569033602359e+00
4.563288457862785918e+00
4.563288457862785918e+00
4.588489011987928912e+00
4.588489011987928912e+00
4.603395218818141288e+00
4.607682577221239306e+00
4.609831043799816896e+00
4.611982714654865312e+00
4.618457048815415078e+00
4.618457048815415078e+00
4.622789469611448432e+00
4.627134939887412202e+00
4.629312593192782543e+00
4.631493538492308382e+00
4.638056226264758664e+00
4.640250439677670258e+00
4.642447995381916215e+00
4.649060818453569333e+00
4.653486266834364393e+00
4.655704092084183010e+00
4.657925332000861118e+00
4.660149997115375697e+00
4.660149997115375697e+00
4.660149997115375697e+00
4.662378098007492255e+00
4.664609645306074803e+00
4.680327879053005624e+00
4.684850437743699914e+00
4.689387218340471897e+00
4.698503805017450574e+00
4.698503805017450574e+00
4.698503805017450574e+00
4.703083793120710787e+00
4.712287620450550385e+00
4.714597781137751298e+00
4.714597781137751298e+00
4.721550541779518717e+00
4.723875594725762461e+00
4.730873320850582431e+00
4.730873320850582431e+00
4.733213459305098958e+00
4.737905154629820537e+00
4.737905154629820537e+00
4.740256736309218510e+00
4.740256736309218510e+00
4.740256736309218510e+00
4.740256736309218510e+00
4.742612157307347864e+00
4.742612157307347864e+00
4.744971430181270655e+00
4.744971430181270655e+00
4.747334567549751583e+00
4.747334567549751583e+00
4.752072486556414788e+00
4.756826016527049283e+00
4.759208667838042750e+00
4.761595260674921448e+00
4.766380323240298367e+00
4.773587807211214340e+00
4.775998325801895206e+00
4.775998325801895206e+00
4.775998325801895206e+00
4.788111705453996336e+00
4.792985679822467482e+00
4.792985679822467482e+00
4.795428855750796693e+00
4.797876176169538986e+00
4.802783306889947923e+00
4.802783306889947923e+00
4.805243145577752450e+00
4.805243145577752450e+00
4.805243145577752450e+00
4.805243145577752450e+00
4.805243145577752450e+00
4.810175441119982409e+00
4.812647926799503928e+00
4.815124657091716109e+00
4.815124657091716109e+00
4.817605646595470859e+00
4.817605646595470859e+00
4.817605646595470859e+00
4.817605646595470859e+00
4.820090909985065508e+00
4.822580462010763291e+00
4.825074317499320919e+00
4.825074317499320919e+00
4.827572491354517936e+00
4.827572491354517936e+00
4.830074998557687849e+00
4.830074998557687849e+00
4.830074998557687849e+00
4.832581854168262581e+00
4.832581854168262581e+00
4.837608671243095237e+00
4.840128663221610950e+00
4.842653064637157279e+00
4.842653064637157279e+00
4.847715157693418320e+00
4.850252880495317775e+00
4.852795075057771079e+00
4.852795075057771079e+00
4.855341757168117667e+00
4.857892942697449534e+00
4.860448647601206318e+00
4.860448647601206318e+00
4.865573679779074290e+00
4.868143039391207516e+00
4.868143039391207516e+00
4.870716983055033644e+00
4.870716983055033644e+00
4.873295527156809470e+00
4.873295527156809470e+00
4.873295527156809470e+00
4.875878688170812048e+00
4.875878688170812048e+00
4.878466482659968406e+00
4.878466482659968406e+00
4.878466482659968406e+00
4.881058927276492376e+00
4.881058927276492376e+00
4.883656038762532070e+00
4.883656038762532070e+00
4.883656038762532070e+00
4.883656038762532070e+00
4.886257833950812035e+00
4.888864329765293171e+00
4.896712191587978324e+00
4.899337660994801169e+00
4.901967917039473654e+00
4.907242859080147568e+00
4.909887580335711377e+00
4.912537158749660904e+00
4.912537158749660904e+00
4.912537158749660904e+00
4.917850958646128312e+00
4.917850958646128312e+00
4.920515216173185102e+00
4.925858537247494340e+00
4.928537637443375807e+00
4.931221722014587527e+00
4.933910809542227938e+00
4.936604918711490875e+00
4.939304068312446283e+00
4.947431949195846279e+00
4.950151450549438614e+00
4.952876087885973888e+00
4.955605880641546612e+00
4.961081010707697914e+00
4.963826387446514943e+00
4.972094003430115094e+00
4.977632186971545636e+00
4.977632186971545636e+00
4.980409271642119329e+00
4.983191712313446153e+00
4.994375450806121997e+00
4.994375450806121997e+00
5.000000000000000000e+00
5.000000000000000000e+00
5.002820519062378679e+00
5.002820519062378679e+00
5.019860422360842733e+00
5.025585410194472580e+00
5.028456446049228035e+00
5.028456446049228035e+00
5.031333206804792013e+00
5.031333206804792013e+00
5.037103994662739836e+00
5.039998067931919401e+00
5.045803689613125087e+00
5.051632768415322161e+00
5.063362060997429026e+00
5.063362060997429026e+00
5.081136762725405376e+00
5.084120621164227138e+00
5.105182236692056286e+00
5.117356950638158430e+00
5.129635280416595222e+00
5.235128409263909433e+00
5.278900811292814410e+00
5.292640867919117476e+00
5.299560281858908262e+00
5.303032473765712851e+00
5.310002028580554700e+00
5.320519900494553589e+00
5.320519900494553589e+00
5.324042967058250753e+00
5.324042967058250753e+00
5.327574658028504828e+00
5.338221902228013072e+00
5.341788517248205359e+00
5.352541573545079423e+00
5.352541573545079423e+00
5.367004802857041845e+00
5.367004802857041845e+00
5.367004802857041845e+00
5.377948180543623558e+00
5.377948180543623558e+00
5.377948180543623558e+00
5.377948180543623558e+00
5.381614497741393777e+00
5.385290155884791652e+00
5.385290155884791652e+00
5.388975202692647848e+00
5.392669686250389560e+00
5.392669686250389560e+00
5.392669686250389560e+00
5.396373655013808168e+00
5.396373655013808168e+00
5.396373655013808168e+00
5.400087157812872185e+00
5.403810243855589945e+00
5.407542962731919367e+00
5.407542962731919367e+00
5.411285364417736332e+00
5.411285364417736332e+00
5.415037499278843924e+00
5.415037499278843924e+00
5.415037499278843924e+00
5.415037499278843924e+00
5.418799418075042951e+00
5.418799418075042951e+00
5.422571171964251313e+00
5.422571171964251313e+00
5.426352812506678447e+00
5.426352812506678447e+00
5.430144391669052162e+00
5.430144391669052162e+00
5.433945961828908544e+00
5.437757575778927155e+00
5.437757575778927155e+00
5.437757575778927155e+00
5.441579286731335507e+00
5.449253214616756935e+00
5.449253214616756935e+00
5.453105540112363592e+00
5.460841188891969011e+00
5.464724623379196622e+00
5.464724623379196622e+00
5.464724623379196622e+00
5.468618539483688146e+00
5.468618539483688146e+00
5.468618539483688146e+00
5.472522993939604063e+00
5.476438043942986944e+00
5.484300161715957245e+00
5.496174262004249300e+00
5.500154112916794347e+00
5.504144973112828687e+00
5.516184222735743603e+00
5.516184222735743603e+00
5.520219735970900210e+00
5.520219735970900210e+00
5.524266569033602359e+00
5.524266569033602359e+00
5.524266569033602359e+00
5.528324785607955150e+00
5.532394449917002355e+00
5.536475626728819321e+00
5.536475626728819321e+00
5.540568381362702688e+00
5.548788888167671018e+00
5.548788888167671018e+00
5.582147485114101748e+00
5.655704092084183010e+00
5.860448647601206318e+00
5.870716983055033644e+00
5.886257833950812035e+00
5.901967917039473654e+00
5.928537637443375807e+00
5.950151450549438614e+00
5.955605880641546612e+00
5.955605880641546612e+00
5.977632186971545636e+00
5.977632186971545636e+00
5.977632186971545636e+00
5.983191712313446153e+00
5.994375450806121997e+00
6.000000000000000000e+00
6.005646563141142202e+00
6.051632768415322161e+00
6.057485494660760139e+00
6.069262662437113320e+00
6.081136762725405376e+00
6.087110663770038066e+00
6.111256751101740825e+00
6.117356950638158430e+00
