3.566414558849505756e+00
3.569547448334468687e+00
3.570593258486019828e+00
3.571639827295708614e+00
3.576884089852899518e+00
3.576884089852899518e+00
3.578987144220774130e+00
3.578987144220774130e+00
3.580039822152111029e+00
3.583202472393939964e+00
3.585314764192785386e+00
3.588489011987928912e+00
3.588489011987928912e+00
3.589548648496005079e+00
3.595922863758766130e+00
3.595922863758766130e+00
3.596987976425003453e+00
3.598053876023462827e+00
3.599120563717815635e+00
3.599120563717815635e+00
3.599120563717815635e+00
3.600188040674315637e+00
3.600188040674315637e+00
3.601256308061806521e+00
3.602325367051732563e+00
3.602325367051732563e+00
3.603395218818141288e+00
3.604465864537696795e+00
3.604465864537696795e+00
3.604465864537696795e+00
3.606609542556013626e+00
3.606609542556013626e+00
3.606609542556013626e+00
3.607682577221239750e+00
3.607682577221239750e+00
3.607682577221239750e+00
3.607682577221239750e+00
3.608756410572557805e+00
3.608756410572557805e+00
3.608756410572557805e+00
3.609831043799816452e+00
3.609831043799816452e+00
3.609831043799816452e+00
3.610906478095525785e+00
3.610906478095525785e+00
3.611982714654865312e+00
3.611982714654865312e+00
3.613059754675689295e+00
3.613059754675689295e+00
3.613059754675689295e+00
3.613059754675689295e+00
3.614137599358539177e+00
3.614137599358539177e+00
3.614137599358539177e+00
3.614137599358539177e+00
3.614137599358539177e+00
3.614137599358539177e+00
3.614137599358539177e+00
3.615216249906647139e+00
3.615216249906647139e+00
3.615216249906647139e+00
3.616295707525947645e+00
3.616295707525947645e+00
3.616295707525947645e+00
3.617375973425083657e+00
3.617375973425083657e+00
3.618457048815415078e+00
3.618457048815415078e+00
3.618457048815415078e+00
3.618457048815415078e+00
3.619538934911026740e+00
3.619538934911026740e+00
3.619538934911026740e+00
3.619538934911026740e+00
3.620621632928737732e+00
3.620621632928737732e+00
3.621705144088108064e+00
3.621705144088108064e+00
3.621705144088108064e+00
3.622789469611447988e+00
3.622789469611447988e+00
3.623874610723825551e+00
3.623874610723825551e+00
3.623874610723825551e+00
3.624960568653075477e+00
3.624960568653075477e+00
3.624960568653075477e+00
3.626047344629806712e+00
3.626047344629806712e+00
3.626047344629806712e+00
3.626047344629806712e+00
3.626047344629806712e+00
3.627134939887412202e+00
3.627134939887412202e+00
3.627134939887412202e+00
3.627134939887412202e+00
3.628223355662075988e+00
3.628223355662075988e+00
3.628223355662075988e+00
3.629312593192782543e+00
3.629312593192782543e+00
3.629312593192782543e+00
3.630402653721323425e+00
3.630402653721323425e+00
3.630402653721323425e+00
3.630402653721323425e+00
3.630402653721323425e+00
3.630402653721323425e+00
3.630402653721323425e+00
3.631493538492308382e+00
3.631493538492308382e+00
3.631493538492308382e+00
3.631493538492308382e+00
3.631493538492308382e+00
3.631493538492308382e+00
3.631493538492308382e+00
3.631493538492308382e+00
3.631493538492308382e+00
3.631493538492308382e+00
3.631493538492308382e+00
3.631493538492308382e+00
3.632585248753172458e+00
3.632585248753172458e+00
3.632585248753172458e+00
3.632585248753172458e+00
3.633677785754183986e+00
3.633677785754183986e+00
3.633677785754183986e+00
3.633677785754183986e+00
3.633677785754183986e+00
3.633677785754183986e+00
3.633677785754183986e+00
3.633677785754183986e+00
3.633677785754183986e+00
3.633677785754183986e+00
3.634771150748455248e+00
3.634771150748455248e+00
3.634771150748455248e+00
3.634771150748455248e+00
3.634771150748455248e+00
3.635865344991948245e+00
3.635865344991948245e+00
3.635865344991948245e+00
3.635865344991948245e+00
3.635865344991948245e+00
3.636960369743485799e+00
3.636960369743485799e+00
3.636960369743485799e+00
3.636960369743485799e+00
3.636960369743485799e+00
3.636960369743485799e+00
3.636960369743485799e+00
3.636960369743485799e+00
3.636960369743485799e+00
3.638056226264758664e+00
3.638056226264758664e+00
3.638056226264758664e+00
3.638056226264758664e+00
3.638056226264758664e+00
3.638056226264758664e+00
3.638056226264758664e+00
3.639152915820335288e+00
3.639152915820335288e+00
3.639152915820335288e+00
3.639152915820335288e+00
3.639152915820335288e+00
3.639152915820335288e+00
3.640250439677670258e+00
3.640250439677670258e+00
3.640250439677670258e+00
3.640250439677670258e+00
3.640250439677670258e+00
3.640250439677670258e+00
3.640250439677670258e+00
3.640250439677670258e+00
3.640250439677670258e+00
3.640250439677670258e+00
3.640250439677670258e+00
3.641348799107113177e+00
3.641348799107113177e+00
3.641348799107113177e+00
3.642447995381916215e+00
3.642447995381916215e+00
3.642447995381916215e+00
3.642447995381916215e+00
3.642447995381916215e+00
3.642447995381916215e+00
3.642447995381916215e+00
3.642447995381916215e+00
3.642447995381916215e+00
3.642447995381916215e+00
3.642447995381916215e+00
3.642447995381916215e+00
3.643548029778245656e+00
3.643548029778245656e+00
3.643548029778245656e+00
3.643548029778245656e+00
3.643548029778245656e+00
3.643548029778245656e+00
3.644648903575187227e+00
3.644648903575187227e+00
3.644648903575187227e+00
3.644648903575187227e+00
3.644648903575187227e+00
3.644648903575187227e+00
3.644648903575187227e+00
3.644648903575187227e+00
3.644648903575187227e+00
3.644648903575187227e+00
3.645750618054758974e+00
3.645750618054758974e+00
3.645750618054758974e+00
3.645750618054758974e+00
3.645750618054758974e+00
3.645750618054758974e+00
3.645750618054758974e+00
3.645750618054758974e+00
3.645750618054758974e+00
3.646853174501917483e+00
3.646853174501917483e+00
3.646853174501917483e+00
3.646853174501917483e+00
3.646853174501917483e+00
3.646853174501917483e+00
3.646853174501917483e+00
3.646853174501917483e+00
3.647956574204566760e+00
3.647956574204566760e+00
3.647956574204566760e+00
3.647956574204566760e+00
3.647956574204566760e+00
3.647956574204566760e+00
3.647956574204566760e+00
3.647956574204566760e+00
3.647956574204566760e+00
3.647956574204566760e+00
3.649060818453569333e+00
3.649060818453569333e+00
3.649060818453569333e+00
3.649060818453569333e+00
3.649060818453569333e+00
3.649060818453569333e+00
3.649060818453569333e+00
3.649060818453569333e+00
3.650165908542753357e+00
3.650165908542753357e+00
3.650165908542753357e+00
3.650165908542753357e+00
3.650165908542753357e+00
3.650165908542753357e+00
3.650165908542753357e+00
3.650165908542753357e+00
3.651271845768922386e+00
3.651271845768922386e+00
3.651271845768922386e+00
3.651271845768922386e+00
3.651271845768922386e+00
3.651271845768922386e+00
3.651271845768922386e+00
3.651271845768922386e+00
3.651271845768922386e+00
3.652378631431865585e+00
3.652378631431865585e+00
3.652378631431865585e+00
3.652378631431865585e+00
3.652378631431865585e+00
3.652378631431865585e+00
3.652378631431865585e+00
3.652378631431865585e+00
3.652378631431865585e+00
3.652378631431865585e+00
3.652378631431865585e+00
3.653486266834364393e+00
3.653486266834364393e+00
3.653486266834364393e+00
3.653486266834364393e+00
3.654594753282204511e+00
3.654594753282204511e+00
3.654594753282204511e+00
3.654594753282204511e+00
3.654594753282204511e+00
3.654594753282204511e+00
3.654594753282204511e+00
3.654594753282204511e+00
3.654594753282204511e+00
3.654594753282204511e+00
3.654594753282204511e+00
3.654594753282204511e+00
3.654594753282204511e+00
3.654594753282204511e+00
3.654594753282204511e+00
3.655704092084183010e+00
3.655704092084183010e+00
3.655704092084183010e+00
3.655704092084183010e+00
3.655704092084183010e+00
3.655704092084183010e+00
3.655704092084183010e+00
3.655704092084183010e+00
3.655704092084183010e+00
3.655704092084183010e+00
3.655704092084183010e+00
3.655704092084183010e+00
3.656814284552118988e+00
3.656814284552118988e+00
3.656814284552118988e+00
3.656814284552118988e+00
3.656814284552118988e+00
3.657925332000861562e+00
3.657925332000861562e+00
3.657925332000861562e+00
3.657925332000861562e+00
3.657925332000861562e+00
3.657925332000861562e+00
3.659037235748300532e+00
3.659037235748300532e+00
3.659037235748300532e+00
3.659037235748300532e+00
3.659037235748300532e+00
3.659037235748300532e+00
3.659037235748300532e+00
3.659037235748300532e+00
3.660149997115375253e+00
3.660149997115375253e+00
3.660149997115375253e+00
3.660149997115375253e+00
3.660149997115375253e+00
3.660149997115375253e+00
3.660149997115375253e+00
3.660149997115375253e+00
3.660149997115375253e+00
3.661263617426083528e+00
3.661263617426083528e+00
3.661263617426083528e+00
3.661263617426083528e+00
3.661263617426083528e+00
3.661263617426083528e+00
3.661263617426083528e+00
3.662378098007492255e+00
3.662378098007492255e+00
3.662378098007492255e+00
3.662378098007492255e+00
3.662378098007492255e+00
3.662378098007492255e+00
3.662378098007492255e+00
3.662378098007492255e+00
3.662378098007492255e+00
3.662378098007492255e+00
3.662378098007492255e+00
3.662378098007492255e+00
3.662378098007492255e+00
3.663493440189745876e+00
3.663493440189745876e+00
3.663493440189745876e+00
3.663493440189745876e+00
3.663493440189745876e+00
3.663493440189745876e+00
3.663493440189745876e+00
3.663493440189745876e+00
3.663493440189745876e+00
3.663493440189745876e+00
3.663493440189745876e+00
3.663493440189745876e+00
3.664609645306075247e+00
3.664609645306075247e+00
3.664609645306075247e+00
3.664609645306075247e+00
3.664609645306075247e+00
3.664609645306075247e+00
3.664609645306075247e+00
3.665726714692809196e+00
3.665726714692809196e+00
3.665726714692809196e+00
3.665726714692809196e+00
3.665726714692809196e+00
3.665726714692809196e+00
3.665726714692809196e+00
3.665726714692809196e+00
3.665726714692809196e+00
3.665726714692809196e+00
3.665726714692809196e+00
3.665726714692809196e+00
3.665726714692809196e+00
3.666844649689383395e+00
3.666844649689383395e+00
3.666844649689383395e+00
3.666844649689383395e+00
3.666844649689383395e+00
3.666844649689383395e+00
3.666844649689383395e+00
3.667963451638349248e+00
3.667963451638349248e+00
3.667963451638349248e+00
3.667963451638349248e+00
3.667963451638349248e+00
3.667963451638349248e+00
3.667963451638349248e+00
3.667963451638349248e+00
3.667963451638349248e+00
3.667963451638349248e+00
3.667963451638349248e+00
3.667963451638349248e+00
3.667963451638349248e+00
3.669083121885383214e+00
3.669083121885383214e+00
3.669083121885383214e+00
3.669083121885383214e+00
3.669083121885383214e+00
3.669083121885383214e+00
3.669083121885383214e+00
3.669083121885383214e+00
3.669083121885383214e+00
3.669083121885383214e+00
3.669083121885383214e+00
3.669083121885383214e+00
3.669083121885383214e+00
3.669083121885383214e+00
3.669083121885383214e+00
3.670203661779298354e+00
3.670203661779298354e+00
3.670203661779298354e+00
3.670203661779298354e+00
3.670203661779298354e+00
3.670203661779298354e+00
3.670203661779298354e+00
3.670203661779298354e+00
3.670203661779298354e+00
3.670203661779298354e+00
3.670203661779298354e+00
3.671325072672052769e+00
3.671325072672052769e+00
3.671325072672052769e+00
3.671325072672052769e+00
3.671325072672052769e+00
3.671325072672052769e+00
3.671325072672052769e+00
3.671325072672052769e+00
3.671325072672052769e+00
3.671325072672052769e+00
3.671325072672052769e+00
3.672447355918759371e+00
3.672447355918759371e+00
3.672447355918759371e+00
3.672447355918759371e+00
3.672447355918759371e+00
3.672447355918759371e+00
3.672447355918759371e+00
3.672447355918759371e+00
3.672447355918759371e+00
3.673570512877696981e+00
3.673570512877696981e+00
3.673570512877696981e+00
3.673570512877696981e+00
3.673570512877696981e+00
3.673570512877696981e+00
3.673570512877696981e+00
3.673570512877696981e+00
3.673570512877696981e+00
3.673570512877696981e+00
3.673570512877696981e+00
3.673570512877696981e+00
3.673570512877696981e+00
3.673570512877696981e+00
3.673570512877696981e+00
3.673570512877696981e+00
3.673570512877696981e+00
3.674694544910317440e+00
3.674694544910317440e+00
3.674694544910317440e+00
3.674694544910317440e+00
3.674694544910317440e+00
3.674694544910317440e+00
3.674694544910317440e+00
3.674694544910317440e+00
3.674694544910317440e+00
3.675819453381258928e+00
3.675819453381258928e+00
3.675819453381258928e+00
3.675819453381258928e+00
3.675819453381258928e+00
3.675819453381258928e+00
3.675819453381258928e+00
3.675819453381258928e+00
3.675819453381258928e+00
3.675819453381258928e+00
3.675819453381258928e+00
3.675819453381258928e+00
3.676945239658353515e+00
3.676945239658353515e+00
3.676945239658353515e+00
3.676945239658353515e+00
3.676945239658353515e+00
3.676945239658353515e+00
3.678071905112637818e+00
3.678071905112637818e+00
3.678071905112637818e+00
3.678071905112637818e+00
3.678071905112637818e+00
3.678071905112637818e+00
3.678071905112637818e+00
3.678071905112637818e+00
3.678071905112637818e+00
3.678071905112637818e+00
3.678071905112637818e+00
3.679199451118362774e+00
3.679199451118362774e+00
3.679199451118362774e+00
3.679199451118362774e+00
3.679199451118362774e+00
3.679199451118362774e+00
3.679199451118362774e+00
3.679199451118362774e+00
3.679199451118362774e+00
3.679199451118362774e+00
3.680327879053005624e+00
3.680327879053005624e+00
3.680327879053005624e+00
3.680327879053005624e+00
3.680327879053005624e+00
3.680327879053005624e+00
3.680327879053005624e+00
3.680327879053005624e+00
3.680327879053005624e+00
3.680327879053005624e+00
3.680327879053005624e+00
3.680327879053005624e+00
3.680327879053005624e+00
3.681457190297276139e+00
3.681457190297276139e+00
3.681457190297276139e+00
3.681457190297276139e+00
3.681457190297276139e+00
3.681457190297276139e+00
3.681457190297276139e+00
3.681457190297276139e+00
3.681457190297276139e+00
3.681457190297276139e+00
3.682587386235130822e+00
3.682587386235130822e+00
3.682587386235130822e+00
3.682587386235130822e+00
3.682587386235130822e+00
3.682587386235130822e+00
3.682587386235130822e+00
3.682587386235130822e+00
3.682587386235130822e+00
3.682587386235130822e+00
3.682587386235130822e+00
3.683718468253779577e+00
3.683718468253779577e+00
3.683718468253779577e+00
3.683718468253779577e+00
3.683718468253779577e+00
3.683718468253779577e+00
3.683718468253779577e+00
3.683718468253779577e+00
3.683718468253779577e+00
3.683718468253779577e+00
3.683718468253779577e+00
3.683718468253779577e+00
3.683718468253779577e+00
3.683718468253779577e+00
3.683718468253779577e+00
3.683718468253779577e+00
3.684850437743699469e+00
3.684850437743699469e+00
3.684850437743699469e+00
3.684850437743699469e+00
3.684850437743699469e+00
3.684850437743699469e+00
3.684850437743699469e+00
3.684850437743699469e+00
3.684850437743699469e+00
3.684850437743699469e+00
3.684850437743699469e+00
3.684850437743699469e+00
3.685983296098641837e+00
3.685983296098641837e+00
3.685983296098641837e+00
3.685983296098641837e+00
3.685983296098641837e+00
3.685983296098641837e+00
3.685983296098641837e+00
3.685983296098641837e+00
3.685983296098641837e+00
3.685983296098641837e+00
3.685983296098641837e+00
3.687117044715644720e+00
3.687117044715644720e+00
3.687117044715644720e+00
3.687117044715644720e+00
3.687117044715644720e+00
3.687117044715644720e+00
3.687117044715644720e+00
3.687117044715644720e+00
3.687117044715644720e+00
3.687117044715644720e+00
3.687117044715644720e+00
3.687117044715644720e+00
3.688251684995041302e+00
3.688251684995041302e+00
3.688251684995041302e+00
3.688251684995041302e+00
3.688251684995041302e+00
3.688251684995041302e+00
3.688251684995041302e+00
3.688251684995041302e+00
3.688251684995041302e+00
3.688251684995041302e+00
3.689387218340471897e+00
3.689387218340471897e+00
3.689387218340471897e+00
3.689387218340471897e+00
3.689387218340471897e+00
3.689387218340471897e+00
3.689387218340471897e+00
3.689387218340471897e+00
3.689387218340471897e+00
3.689387218340471897e+00
3.689387218340471897e+00
3.690523646158894167e+00
3.690523646158894167e+00
3.690523646158894167e+00
3.690523646158894167e+00
3.690523646158894167e+00
3.690523646158894167e+00
3.690523646158894167e+00
3.690523646158894167e+00
3.690523646158894167e+00
3.690523646158894167e+00
3.690523646158894167e+00
3.690523646158894167e+00
3.691660969860592889e+00
3.691660969860592889e+00
3.691660969860592889e+00
3.691660969860592889e+00
3.691660969860592889e+00
3.691660969860592889e+00
3.691660969860592889e+00
3.691660969860592889e+00
3.691660969860592889e+00
3.691660969860592889e+00
3.691660969860592889e+00
3.692799190859190617e+00
3.692799190859190617e+00
3.692799190859190617e+00
3.692799190859190617e+00
3.692799190859190617e+00
3.692799190859190617e+00
3.692799190859190617e+00
3.692799190859190617e+00
3.692799190859190617e+00
3.692799190859190617e+00
3.693938310571658779e+00
3.693938310571658779e+00
3.693938310571658779e+00
3.693938310571658779e+00
3.693938310571658779e+00
3.693938310571658779e+00
3.693938310571658779e+00
3.693938310571658779e+00
3.693938310571658779e+00
3.693938310571658779e+00
3.693938310571658779e+00
3.693938310571658779e+00
3.693938310571658779e+00
3.695078330418327450e+00
3.695078330418327450e+00
3.695078330418327450e+00
3.695078330418327450e+00
3.695078330418327450e+00
3.695078330418327450e+00
3.695078330418327450e+00
3.695078330418327450e+00
3.695078330418327450e+00
3.695078330418327450e+00
3.695078330418327450e+00
3.695078330418327450e+00
3.695078330418327450e+00
3.696219251822896901e+00
3.696219251822896901e+00
3.696219251822896901e+00
3.696219251822896901e+00
3.696219251822896901e+00
3.697361076212447806e+00
3.697361076212447806e+00
3.697361076212447806e+00
3.697361076212447806e+00
3.697361076212447806e+00
3.697361076212447806e+00
3.697361076212447806e+00
3.697361076212447806e+00
3.697361076212447806e+00
3.697361076212447806e+00
3.697361076212447806e+00
3.697361076212447806e+00
3.697361076212447806e+00
3.697361076212447806e+00
3.697361076212447806e+00
3.698503805017451018e+00
3.698503805017451018e+00
3.698503805017451018e+00
3.698503805017451018e+00
3.698503805017451018e+00
3.698503805017451018e+00
3.698503805017451018e+00
3.698503805017451018e+00
3.699647439671780003e+00
3.699647439671780003e+00
3.699647439671780003e+00
3.699647439671780003e+00
3.699647439671780003e+00
3.699647439671780003e+00
3.699647439671780003e+00
3.700791981612721049e+00
3.700791981612721049e+00
3.700791981612721049e+00
3.700791981612721049e+00
3.700791981612721049e+00
3.700791981612721049e+00
3.700791981612721049e+00
3.700791981612721049e+00
3.700791981612721049e+00
3.700791981612721049e+00
3.700791981612721049e+00
3.700791981612721049e+00
3.701937432280983487e+00
3.701937432280983487e+00
3.701937432280983487e+00
3.701937432280983487e+00
3.701937432280983487e+00
3.701937432280983487e+00
3.701937432280983487e+00
3.701937432280983487e+00
3.701937432280983487e+00
3.701937432280983487e+00
3.701937432280983487e+00
3.703083793120710787e+00
3.703083793120710787e+00
3.703083793120710787e+00
3.703083793120710787e+00
3.703083793120710787e+00
3.703083793120710787e+00
3.703083793120710787e+00
3.703083793120710787e+00
3.703083793120710787e+00
3.704231065579492110e+00
3.704231065579492110e+00
3.704231065579492110e+00
3.704231065579492110e+00
3.704231065579492110e+00
3.704231065579492110e+00
3.704231065579492110e+00
3.705379251108372962e+00
3.705379251108372962e+00
3.705379251108372962e+00
3.705379251108372962e+00
3.705379251108372962e+00
3.705379251108372962e+00
3.705379251108372962e+00
3.705379251108372962e+00
3.705379251108372962e+00
3.705379251108372962e+00
3.705379251108372962e+00
3.706528351161865409e+00
3.706528351161865409e+00
3.706528351161865409e+00
3.706528351161865409e+00
3.706528351161865409e+00
3.707678367197960956e+00
3.707678367197960956e+00
3.707678367197960956e+00
3.707678367197960956e+00
3.707678367197960956e+00
3.707678367197960956e+00
3.707678367197960956e+00
3.707678367197960956e+00
3.707678367197960956e+00
3.707678367197960956e+00
3.707678367197960956e+00
3.707678367197960956e+00
3.707678367197960956e+00
3.707678367197960956e+00
3.707678367197960956e+00
3.707678367197960956e+00
3.707678367197960956e+00
3.707678367197960956e+00
3.708829300678139429e+00
3.708829300678139429e+00
3.708829300678139429e+00
3.708829300678139429e+00
3.708829300678139429e+00
3.708829300678139429e+00
3.708829300678139429e+00
3.708829300678139429e+00
3.709981153067381854e+00
3.709981153067381854e+00
3.709981153067381854e+00
3.709981153067381854e+00
3.709981153067381854e+00
3.709981153067381854e+00
3.709981153067381854e+00
3.709981153067381854e+00
3.709981153067381854e+00
3.709981153067381854e+00
3.711133925834180225e+00
3.711133925834180225e+00
3.711133925834180225e+00
3.711133925834180225e+00
3.711133925834180225e+00
3.711133925834180225e+00
3.711133925834180225e+00
3.711133925834180225e+00
3.711133925834180225e+00
3.711133925834180225e+00
3.711133925834180225e+00
3.711133925834180225e+00
3.712287620450550385e+00
3.712287620450550385e+00
3.712287620450550385e+00
3.712287620450550385e+00
3.712287620450550385e+00
3.712287620450550385e+00
3.712287620450550385e+00
3.712287620450550385e+00
3.712287620450550385e+00
3.712287620450550385e+00
3.713442238392042682e+00
3.713442238392042682e+00
3.713442238392042682e+00
3.713442238392042682e+00
3.713442238392042682e+00
3.713442238392042682e+00
3.713442238392042682e+00
3.713442238392042682e+00
3.713442238392042682e+00
3.714597781137751742e+00
3.714597781137751742e+00
3.714597781137751742e+00
3.714597781137751742e+00
3.714597781137751742e+00
3.714597781137751742e+00
3.715754250170329787e+00
3.715754250170329787e+00
3.715754250170329787e+00
3.715754250170329787e+00
3.715754250170329787e+00
3.715754250170329787e+00
3.715754250170329787e+00
3.715754250170329787e+00
3.716911646975998185e+00
3.716911646975998185e+00
3.716911646975998185e+00
3.716911646975998185e+00
3.716911646975998185e+00
3.716911646975998185e+00
3.718069973044556775e+00
3.718069973044556775e+00
3.718069973044556775e+00
3.718069973044556775e+00
3.718069973044556775e+00
3.718069973044556775e+00
3.719229229869397635e+00
3.719229229869397635e+00
3.719229229869397635e+00
3.719229229869397635e+00
3.719229229869397635e+00
3.719229229869397635e+00
3.720389418947514848e+00
3.720389418947514848e+00
3.720389418947514848e+00
3.720389418947514848e+00
3.720389418947514848e+00
3.720389418947514848e+00
3.720389418947514848e+00
3.721550541779518717e+00
3.721550541779518717e+00
3.721550541779518717e+00
3.721550541779518717e+00
3.721550541779518717e+00
3.721550541779518717e+00
3.722712599869643313e+00
3.722712599869643313e+00
3.722712599869643313e+00
3.722712599869643313e+00
3.722712599869643313e+00
3.722712599869643313e+00
3.722712599869643313e+00
3.722712599869643313e+00
3.722712599869643313e+00
3.722712599869643313e+00
3.722712599869643313e+00
3.722712599869643313e+00
3.722712599869643313e+00
3.723875594725762461e+00
3.723875594725762461e+00
3.723875594725762461e+00
3.723875594725762461e+00
3.723875594725762461e+00
3.723875594725762461e+00
3.723875594725762461e+00
3.723875594725762461e+00
3.725039527859398625e+00
3.725039527859398625e+00
3.725039527859398625e+00
3.725039527859398625e+00
3.725039527859398625e+00
3.725039527859398625e+00
3.725039527859398625e+00
3.725039527859398625e+00
3.725039527859398625e+00
3.726204400785735338e+00
3.726204400785735338e+00
3.726204400785735338e+00
3.726204400785735338e+00
3.726204400785735338e+00
3.726204400785735338e+00
3.727370215023630085e+00
3.727370215023630085e+00
3.727370215023630085e+00
3.727370215023630085e+00
3.727370215023630085e+00
3.727370215023630085e+00
3.728536972095625401e+00
3.728536972095625401e+00
3.728536972095625401e+00
3.729704673527959979e+00
3.729704673527959979e+00
3.729704673527959979e+00
3.729704673527959979e+00
3.730873320850581987e+00
3.730873320850581987e+00
3.730873320850581987e+00
3.732042915597161059e+00
3.732042915597161059e+00
3.732042915597161059e+00
3.733213459305098514e+00
3.733213459305098514e+00
3.733213459305098514e+00
3.733213459305098514e+00
3.733213459305098514e+00
3.733213459305098514e+00
3.733213459305098514e+00
3.734384953515542449e+00
3.734384953515542449e+00
3.734384953515542449e+00
3.734384953515542449e+00
3.734384953515542449e+00
3.735557399773397957e+00
3.735557399773397957e+00
3.735557399773397957e+00
3.735557399773397957e+00
3.736730799627338229e+00
3.736730799627338229e+00
3.737905154629820537e+00
3.737905154629820537e+00
3.737905154629820537e+00
3.739080466337095121e+00
3.739080466337095121e+00
3.739080466337095121e+00
3.739080466337095121e+00
3.739080466337095121e+00
3.739080466337095121e+00
3.739080466337095121e+00
3.740256736309218510e+00
3.740256736309218510e+00
3.740256736309218510e+00
3.740256736309218510e+00
3.740256736309218510e+00
3.741433966110067288e+00
3.741433966110067288e+00
3.741433966110067288e+00
3.742612157307348308e+00
3.742612157307348308e+00
3.742612157307348308e+00
3.742612157307348308e+00
3.743791311472613348e+00
3.743791311472613348e+00
3.743791311472613348e+00
3.744971430181270655e+00
3.744971430181270655e+00
3.744971430181270655e+00
3.744971430181270655e+00
3.746152515012596940e+00
3.746152515012596940e+00
3.747334567549751583e+00
3.747334567549751583e+00
3.748517589379787740e+00
3.749701582093667440e+00
3.749701582093667440e+00
3.750886547286271799e+00
3.752072486556414344e+00
3.752072486556414344e+00
3.752072486556414344e+00
3.752072486556414344e+00
3.754447293744318070e+00
3.754447293744318070e+00
3.754447293744318070e+00
3.755636164879489591e+00
3.755636164879489591e+00
3.756826016527049283e+00
3.758016850305671230e+00
3.758016850305671230e+00
3.759208667838043194e+00
3.760401470750876385e+00
3.761595260674921004e+00
3.763985808099915342e+00
3.763985808099915342e+00
3.766380323240297923e+00
3.768778819288814752e+00
3.768778819288814752e+00
3.769979564294366092e+00
3.771181309504119117e+00
3.774792563056498018e+00
3.775998325801894762e+00
3.777205097131889122e+00
3.778412878735195157e+00
3.779621672304771973e+00
3.785680879199234017e+00
3.786895780358093155e+00
3.797876176169539431e+00
3.804012701971491328e+00
3.808940785468343471e+00
3.828823202348228261e+00
