5.633677785754183986e+00
5.633677785754183986e+00
5.642447995381916215e+00
5.646853174501917039e+00
5.655704092084183010e+00
5.655704092084183010e+00
5.669083121885383214e+00
5.687117044715644276e+00
5.687117044715644276e+00
5.691660969860592445e+00
5.696219251822896901e+00
5.696219251822896901e+00
5.700791981612721493e+00
5.705379251108372962e+00
5.705379251108372962e+00
5.709981153067381854e+00
5.714597781137751298e+00
5.714597781137751298e+00
5.714597781137751298e+00
5.714597781137751298e+00
5.719229229869397635e+00
5.719229229869397635e+00
5.719229229869397635e+00
5.719229229869397635e+00
5.723875594725762461e+00
5.723875594725762461e+00
5.723875594725762461e+00
5.728536972095625401e+00
5.728536972095625401e+00
5.728536972095625401e+00
5.733213459305098958e+00
5.733213459305098958e+00
5.733213459305098958e+00
5.737905154629820537e+00
5.737905154629820537e+00
5.742612157307347864e+00
5.742612157307347864e+00
5.747334567549751583e+00
5.747334567549751583e+00
5.747334567549751583e+00
5.747334567549751583e+00
5.752072486556414788e+00
5.752072486556414788e+00
5.752072486556414788e+00
5.756826016527049283e+00
5.756826016527049283e+00
5.756826016527049283e+00
5.756826016527049283e+00
5.756826016527049283e+00
5.761595260674921448e+00
5.761595260674921448e+00
5.771181309504119561e+00
5.771181309504119561e+00
5.771181309504119561e+00
5.771181309504119561e+00
5.775998325801895206e+00
5.775998325801895206e+00
5.780831479537838824e+00
5.785680879199234461e+00
5.785680879199234461e+00
5.785680879199234461e+00
5.785680879199234461e+00
5.790546634371049883e+00
5.790546634371049883e+00
5.790546634371049883e+00
5.790546634371049883e+00
5.790546634371049883e+00
5.795428855750796693e+00
5.795428855750796693e+00
5.795428855750796693e+00
5.795428855750796693e+00
5.795428855750796693e+00
5.800327655163635576e+00
5.800327655163635576e+00
5.800327655163635576e+00
5.800327655163635576e+00
5.800327655163635576e+00
5.800327655163635576e+00
5.805243145577752450e+00
5.805243145577752450e+00
5.805243145577752450e+00
5.805243145577752450e+00
5.805243145577752450e+00
5.810175441119982409e+00
5.810175441119982409e+00
5.810175441119982409e+00
5.810175441119982409e+00
5.810175441119982409e+00
5.810175441119982409e+00
5.810175441119982409e+00
5.810175441119982409e+00
5.810175441119982409e+00
5.815124657091716109e+00
5.815124657091716109e+00
5.815124657091716109e+00
5.815124657091716109e+00
5.815124657091716109e+00
5.815124657091716109e+00
5.815124657091716109e+00
5.815124657091716109e+00
5.815124657091716109e+00
5.820090909985065508e+00
5.820090909985065508e+00
5.820090909985065508e+00
5.825074317499320919e+00
5.825074317499320919e+00
5.825074317499320919e+00
5.830074998557687849e+00
5.830074998557687849e+00
5.830074998557687849e+00
5.830074998557687849e+00
5.830074998557687849e+00
5.835093073324312485e+00
5.835093073324312485e+00
5.835093073324312485e+00
5.835093073324312485e+00
5.840128663221610950e+00
5.840128663221610950e+00
5.840128663221610950e+00
5.840128663221610950e+00
5.845181890947896086e+00
5.845181890947896086e+00
5.850252880495317775e+00
5.850252880495317775e+00
5.850252880495317775e+00
5.855341757168117667e+00
5.855341757168117667e+00
5.855341757168117667e+00
5.855341757168117667e+00
5.855341757168117667e+00
5.860448647601206318e+00
5.860448647601206318e+00
5.860448647601206318e+00
5.860448647601206318e+00
5.860448647601206318e+00
5.860448647601206318e+00
5.865573679779074290e+00
5.865573679779074290e+00
5.865573679779074290e+00
5.865573679779074290e+00
5.865573679779074290e+00
5.865573679779074290e+00
5.870716983055033644e+00
5.870716983055033644e+00
5.870716983055033644e+00
5.870716983055033644e+00
5.870716983055033644e+00
5.875878688170812048e+00
5.881058927276492376e+00
5.881058927276492376e+00
5.881058927276492376e+00
5.881058927276492376e+00
5.881058927276492376e+00
5.881058927276492376e+00
5.881058927276492376e+00
5.886257833950812035e+00
5.886257833950812035e+00
5.886257833950812035e+00
5.886257833950812035e+00
5.891475543221830868e+00
5.891475543221830868e+00
5.891475543221830868e+00
5.891475543221830868e+00
5.896712191587978324e+00
5.896712191587978324e+00
5.896712191587978324e+00
5.901967917039473654e+00
5.901967917039473654e+00
5.901967917039473654e+00
5.901967917039473654e+00
5.907242859080147568e+00
5.907242859080147568e+00
5.907242859080147568e+00
5.907242859080147568e+00
5.912537158749660904e+00
5.912537158749660904e+00
5.912537158749660904e+00
5.917850958646128312e+00
5.917850958646128312e+00
5.917850958646128312e+00
5.917850958646128312e+00
5.923184402949169147e+00
5.923184402949169147e+00
5.923184402949169147e+00
5.923184402949169147e+00
5.923184402949169147e+00
5.923184402949169147e+00
5.928537637443375807e+00
5.928537637443375807e+00
5.928537637443375807e+00
5.928537637443375807e+00
5.933910809542227938e+00
5.933910809542227938e+00
5.933910809542227938e+00
5.939304068312446283e+00
5.944717564498810169e+00
5.944717564498810169e+00
5.944717564498810169e+00
5.950151450549438614e+00
5.950151450549438614e+00
5.950151450549438614e+00
5.955605880641546612e+00
5.955605880641546612e+00
5.955605880641546612e+00
5.961081010707697914e+00
5.961081010707697914e+00
5.961081010707697914e+00
5.961081010707697914e+00
5.961081010707697914e+00
5.966576998462549852e+00
5.966576998462549852e+00
5.966576998462549852e+00
5.966576998462549852e+00
5.966576998462549852e+00
5.972094003430115094e+00
5.972094003430115094e+00
5.972094003430115094e+00
5.972094003430115094e+00
5.972094003430115094e+00
5.972094003430115094e+00
5.977632186971545636e+00
5.977632186971545636e+00
5.977632186971545636e+00
5.977632186971545636e+00
5.977632186971545636e+00
5.977632186971545636e+00
5.983191712313446153e+00
5.983191712313446153e+00
5.983191712313446153e+00
5.988772744576746021e+00
5.988772744576746021e+00
5.988772744576746021e+00
5.994375450806121997e+00
5.994375450806121997e+00
5.994375450806121997e+00
5.994375450806121997e+00
5.994375450806121997e+00
5.994375450806121997e+00
5.994375450806121997e+00
5.994375450806121997e+00
5.994375450806121997e+00
5.994375450806121997e+00
6.000000000000000000e+00
6.000000000000000000e+00
6.000000000000000000e+00
6.005646563141142202e+00
6.005646563141142202e+00
6.005646563141142202e+00
6.005646563141142202e+00
6.011315313227834523e+00
6.011315313227834523e+00
6.011315313227834523e+00
6.017006425305689632e+00
6.017006425305689632e+00
6.017006425305689632e+00
6.017006425305689632e+00
6.017006425305689632e+00
6.017006425305689632e+00
6.017006425305689632e+00
6.017006425305689632e+00
6.017006425305689632e+00
6.022720076500083231e+00
6.022720076500083231e+00
6.022720076500083231e+00
6.022720076500083231e+00
6.022720076500083231e+00
6.022720076500083231e+00
6.022720076500083231e+00
6.022720076500083231e+00
6.028456446049228035e+00
6.028456446049228035e+00
6.028456446049228035e+00
6.028456446049228035e+00
6.028456446049228035e+00
6.028456446049228035e+00
6.028456446049228035e+00
6.028456446049228035e+00
6.034215715337913011e+00
6.034215715337913011e+00
6.034215715337913011e+00
6.034215715337913011e+00
6.034215715337913011e+00
6.039998067931919401e+00
6.039998067931919401e+00
6.039998067931919401e+00
6.039998067931919401e+00
6.039998067931919401e+00
6.045803689613125087e+00
6.045803689613125087e+00
6.045803689613125087e+00
6.045803689613125087e+00
6.045803689613125087e+00
6.045803689613125087e+00
6.045803689613125087e+00
6.051632768415322161e+00
6.051632768415322161e+00
6.051632768415322161e+00
6.051632768415322161e+00
6.051632768415322161e+00
6.057485494660760139e+00
6.057485494660760139e+00
6.057485494660760139e+00
6.063362060997429026e+00
6.063362060997429026e+00
6.063362060997429026e+00
6.063362060997429026e+00
6.063362060997429026e+00
6.063362060997429026e+00
6.063362060997429026e+00
6.069262662437113320e+00
6.069262662437113320e+00
6.069262662437113320e+00
6.069262662437113320e+00
6.069262662437113320e+00
6.069262662437113320e+00
6.069262662437113320e+00
6.069262662437113320e+00
6.069262662437113320e+00
6.069262662437113320e+00
6.069262662437113320e+00
6.075187496394218734e+00
6.075187496394218734e+00
6.075187496394218734e+00
6.075187496394218734e+00
6.075187496394218734e+00
6.075187496394218734e+00
6.075187496394218734e+00
6.075187496394218734e+00
6.075187496394218734e+00
6.081136762725405376e+00
6.081136762725405376e+00
6.081136762725405376e+00
6.081136762725405376e+00
6.081136762725405376e+00
6.081136762725405376e+00
6.081136762725405376e+00
6.081136762725405376e+00
6.087110663770038066e+00
6.087110663770038066e+00
6.087110663770038066e+00
6.087110663770038066e+00
6.087110663770038066e+00
6.087110663770038066e+00
6.087110663770038066e+00
6.087110663770038066e+00
6.093109404391481299e+00
6.093109404391481299e+00
6.093109404391481299e+00
6.093109404391481299e+00
6.093109404391481299e+00
6.093109404391481299e+00
6.093109404391481299e+00
6.099133192019251304e+00
6.099133192019251304e+00
6.099133192019251304e+00
6.099133192019251304e+00
6.099133192019251304e+00
6.099133192019251304e+00
6.099133192019251304e+00
6.099133192019251304e+00
6.099133192019251304e+00
6.099133192019251304e+00
6.105182236692056286e+00
6.105182236692056286e+00
6.105182236692056286e+00
6.105182236692056286e+00
6.105182236692056286e+00
6.105182236692056286e+00
6.105182236692056286e+00
6.105182236692056286e+00
6.105182236692056286e+00
6.105182236692056286e+00
6.105182236692056286e+00
6.105182236692056286e+00
6.111256751101740825e+00
6.111256751101740825e+00
6.111256751101740825e+00
6.111256751101740825e+00
6.117356950638158430e+00
6.117356950638158430e+00
6.117356950638158430e+00
6.117356950638158430e+00
6.117356950638158430e+00
6.117356950638158430e+00
6.117356950638158430e+00
6.117356950638158430e+00
6.117356950638158430e+00
6.117356950638158430e+00
6.117356950638158430e+00
6.123483053435000656e+00
6.123483053435000656e+00
6.123483053435000656e+00
6.123483053435000656e+00
6.123483053435000656e+00
6.123483053435000656e+00
6.129635280416595222e+00
6.129635280416595222e+00
6.129635280416595222e+00
6.129635280416595222e+00
6.129635280416595222e+00
6.129635280416595222e+00
6.129635280416595222e+00
6.129635280416595222e+00
6.135813855345720214e+00
6.135813855345720214e+00
6.135813855345720214e+00
6.135813855345720214e+00
6.135813855345720214e+00
6.142019004872428134e+00
6.142019004872428134e+00
6.142019004872428134e+00
6.142019004872428134e+00
6.142019004872428134e+00
6.142019004872428134e+00
6.148250958583942882e+00
6.148250958583942882e+00
6.148250958583942882e+00
6.148250958583942882e+00
6.148250958583942882e+00
6.148250958583942882e+00
6.154509949055625206e+00
6.154509949055625206e+00
6.154509949055625206e+00
6.154509949055625206e+00
6.154509949055625206e+00
6.154509949055625206e+00
6.154509949055625206e+00
6.160796211903056374e+00
6.160796211903056374e+00
6.160796211903056374e+00
6.160796211903056374e+00
6.160796211903056374e+00
6.160796211903056374e+00
6.160796211903056374e+00
6.167109985835258712e+00
6.167109985835258712e+00
6.167109985835258712e+00
6.167109985835258712e+00
6.167109985835258712e+00
6.167109985835258712e+00
6.173451512709084987e+00
6.173451512709084987e+00
6.173451512709084987e+00
6.173451512709084987e+00
6.179821037584812160e+00
6.179821037584812160e+00
6.179821037584812160e+00
6.179821037584812160e+00
6.179821037584812160e+00
6.179821037584812160e+00
6.179821037584812160e+00
6.179821037584812160e+00
6.179821037584812160e+00
6.179821037584812160e+00
6.186218808782962597e+00
6.186218808782962597e+00
6.186218808782962597e+00
6.186218808782962597e+00
6.186218808782962597e+00
6.186218808782962597e+00
6.186218808782962597e+00
6.192645077942396270e+00
6.192645077942396270e+00
6.192645077942396270e+00
6.192645077942396270e+00
6.199100100079695252e+00
6.199100100079695252e+00
6.199100100079695252e+00
6.199100100079695252e+00
6.199100100079695252e+00
6.205584133649893808e+00
6.205584133649893808e+00
6.205584133649893808e+00
6.212097440608568277e+00
6.212097440608568277e+00
6.212097440608568277e+00
6.212097440608568277e+00
6.212097440608568277e+00
6.212097440608568277e+00
6.212097440608568277e+00
6.218640286475340062e+00
6.218640286475340062e+00
6.218640286475340062e+00
6.225212940398826333e+00
6.231815675223074003e+00
6.231815675223074003e+00
6.231815675223074003e+00
6.245112497836531773e+00
6.245112497836531773e+00
6.245112497836531773e+00
6.251807150410539471e+00
6.251807150410539471e+00
6.251807150410539471e+00
6.265290379774161700e+00
6.265290379774161700e+00
6.265290379774161700e+00
6.265290379774161700e+00
6.272079545436801240e+00
6.272079545436801240e+00
6.278900811292814410e+00
6.285754482333877569e+00
6.292640867919117476e+00
6.292640867919117476e+00
6.292640867919117476e+00
6.299560281858908262e+00
6.306513042500674793e+00
6.320519900494553589e+00
6.320519900494553589e+00
6.334664082814823516e+00
6.392669686250389560e+00
7.081136762725405376e+00
7.105182236692056286e+00
7.167109985835258712e+00
7.179821037584812160e+00
7.192645077942396270e+00
7.205584133649893808e+00
7.205584133649893808e+00
7.205584133649893808e+00
7.205584133649893808e+00
7.218640286475340062e+00
7.218640286475340062e+00
7.218640286475340062e+00
7.231815675223074003e+00
7.231815675223074003e+00
7.245112497836531773e+00
7.245112497836531773e+00
7.245112497836531773e+00
7.258533013598853501e+00
7.258533013598853501e+00
7.258533013598853501e+00
7.258533013598853501e+00
7.272079545436801240e+00
7.272079545436801240e+00
7.272079545436801240e+00
7.272079545436801240e+00
7.272079545436801240e+00
7.285754482333877569e+00
7.285754482333877569e+00
7.285754482333877569e+00
7.285754482333877569e+00
7.285754482333877569e+00
7.285754482333877569e+00
7.299560281858908262e+00
7.299560281858908262e+00
7.299560281858908262e+00
7.313499472816781477e+00
7.313499472816781477e+00
7.313499472816781477e+00
7.313499472816781477e+00
7.313499472816781477e+00
7.313499472816781477e+00
7.327574658028504828e+00
7.327574658028504828e+00
7.327574658028504828e+00
7.327574658028504828e+00
7.341788517248205359e+00
7.341788517248205359e+00
7.341788517248205359e+00
7.341788517248205359e+00
7.341788517248205359e+00
7.341788517248205359e+00
7.341788517248205359e+00
7.341788517248205359e+00
7.356143810225275637e+00
7.356143810225275637e+00
7.356143810225275637e+00
7.356143810225275637e+00
7.356143810225275637e+00
7.356143810225275637e+00
7.356143810225275637e+00
7.356143810225275637e+00
7.356143810225275637e+00
7.370643379920390537e+00
7.370643379920390537e+00
7.370643379920390537e+00
7.370643379920390537e+00
7.370643379920390537e+00
7.370643379920390537e+00
7.370643379920390537e+00
7.385290155884791652e+00
7.385290155884791652e+00
7.385290155884791652e+00
7.385290155884791652e+00
7.385290155884791652e+00
7.385290155884791652e+00
7.385290155884791652e+00
7.385290155884791652e+00
7.385290155884791652e+00
7.385290155884791652e+00
7.385290155884791652e+00
7.385290155884791652e+00
7.400087157812872185e+00
7.400087157812872185e+00
7.400087157812872185e+00
7.400087157812872185e+00
7.400087157812872185e+00
7.400087157812872185e+00
7.400087157812872185e+00
7.400087157812872185e+00
7.400087157812872185e+00
7.400087157812872185e+00
7.400087157812872185e+00
7.400087157812872185e+00
7.400087157812872185e+00
7.400087157812872185e+00
7.400087157812872185e+00
7.415037499278843924e+00
7.415037499278843924e+00
7.415037499278843924e+00
7.415037499278843924e+00
7.415037499278843924e+00
7.415037499278843924e+00
7.415037499278843924e+00
7.415037499278843924e+00
7.415037499278843924e+00
7.430144391669052162e+00
7.430144391669052162e+00
7.430144391669052162e+00
7.430144391669052162e+00
7.430144391669052162e+00
7.430144391669052162e+00
7.430144391669052162e+00
7.430144391669052162e+00
7.430144391669052162e+00
7.430144391669052162e+00
7.445411148322362394e+00
7.445411148322362394e+00
7.445411148322362394e+00
7.445411148322362394e+00
7.445411148322362394e+00
7.445411148322362394e+00
7.445411148322362394e+00
7.445411148322362394e+00
7.445411148322362394e+00
7.445411148322362394e+00
7.445411148322362394e+00
7.445411148322362394e+00
7.445411148322362394e+00
7.445411148322362394e+00
7.460841188891969011e+00
7.460841188891969011e+00
7.460841188891969011e+00
7.460841188891969011e+00
7.460841188891969011e+00
7.460841188891969011e+00
7.460841188891969011e+00
7.476438043942986944e+00
7.476438043942986944e+00
7.476438043942986944e+00
7.476438043942986944e+00
7.476438043942986944e+00
7.476438043942986944e+00
7.476438043942986944e+00
7.476438043942986944e+00
7.476438043942986944e+00
7.476438043942986944e+00
7.476438043942986944e+00
7.476438043942986944e+00
7.492205359801303644e+00
7.492205359801303644e+00
7.492205359801303644e+00
7.492205359801303644e+00
7.492205359801303644e+00
7.492205359801303644e+00
7.492205359801303644e+00
7.492205359801303644e+00
7.492205359801303644e+00
7.492205359801303644e+00
7.492205359801303644e+00
7.492205359801303644e+00
7.492205359801303644e+00
7.492205359801303644e+00
7.492205359801303644e+00
7.492205359801303644e+00
7.492205359801303644e+00
7.492205359801303644e+00
7.508146903670325223e+00
7.508146903670325223e+00
7.508146903670325223e+00
7.508146903670325223e+00
7.508146903670325223e+00
7.508146903670325223e+00
7.508146903670325223e+00
7.508146903670325223e+00
7.508146903670325223e+00
7.508146903670325223e+00
7.508146903670325223e+00
7.524266569033602359e+00
7.524266569033602359e+00
7.524266569033602359e+00
7.524266569033602359e+00
7.524266569033602359e+00
7.524266569033602359e+00
7.524266569033602359e+00
7.524266569033602359e+00
7.524266569033602359e+00
7.524266569033602359e+00
7.524266569033602359e+00
7.524266569033602359e+00
7.524266569033602359e+00
7.524266569033602359e+00
7.540568381362702688e+00
7.540568381362702688e+00
7.540568381362702688e+00
7.540568381362702688e+00
7.540568381362702688e+00
7.540568381362702688e+00
7.540568381362702688e+00
7.540568381362702688e+00
7.540568381362702688e+00
7.540568381362702688e+00
7.540568381362702688e+00
7.540568381362702688e+00
7.540568381362702688e+00
7.540568381362702688e+00
7.540568381362702688e+00
7.540568381362702688e+00
7.540568381362702688e+00
7.540568381362702688e+00
7.540568381362702688e+00
7.540568381362702688e+00
7.540568381362702688e+00
7.540568381362702688e+00
7.540568381362702688e+00
7.540568381362702688e+00
7.540568381362702688e+00
7.540568381362702688e+00
7.540568381362702688e+00
7.540568381362702688e+00
7.540568381362702688e+00
7.540568381362702688e+00
7.557056504151272058e+00
7.557056504151272058e+00
7.557056504151272058e+00
7.557056504151272058e+00
7.557056504151272058e+00
7.557056504151272058e+00
7.557056504151272058e+00
7.557056504151272058e+00
7.557056504151272058e+00
7.557056504151272058e+00
7.557056504151272058e+00
7.557056504151272058e+00
7.557056504151272058e+00
7.557056504151272058e+00
7.557056504151272058e+00
7.557056504151272058e+00
7.573735245297902097e+00
7.573735245297902097e+00
7.573735245297902097e+00
7.573735245297902097e+00
7.573735245297902097e+00
7.573735245297902097e+00
7.573735245297902097e+00
7.573735245297902097e+00
7.573735245297902097e+00
7.573735245297902097e+00
7.573735245297902097e+00
7.573735245297902097e+00
7.573735245297902097e+00
7.573735245297902097e+00
7.573735245297902097e+00
7.573735245297902097e+00
7.573735245297902097e+00
7.573735245297902097e+00
7.590609063862298278e+00
7.590609063862298278e+00
7.590609063862298278e+00
7.590609063862298278e+00
7.590609063862298278e+00
7.590609063862298278e+00
7.590609063862298278e+00
7.590609063862298278e+00
7.590609063862298278e+00
7.590609063862298278e+00
7.590609063862298278e+00
7.590609063862298278e+00
7.590609063862298278e+00
7.590609063862298278e+00
7.590609063862298278e+00
7.607682577221239306e+00
7.607682577221239306e+00
7.607682577221239306e+00
7.607682577221239306e+00
7.607682577221239306e+00
7.607682577221239306e+00
7.607682577221239306e+00
7.607682577221239306e+00
7.607682577221239306e+00
7.607682577221239306e+00
7.607682577221239306e+00
7.607682577221239306e+00
7.607682577221239306e+00
7.607682577221239306e+00
7.624960568653075477e+00
7.624960568653075477e+00
7.624960568653075477e+00
7.624960568653075477e+00
7.624960568653075477e+00
7.624960568653075477e+00
7.624960568653075477e+00
7.624960568653075477e+00
7.624960568653075477e+00
7.624960568653075477e+00
7.624960568653075477e+00
7.624960568653075477e+00
7.624960568653075477e+00
7.624960568653075477e+00
7.624960568653075477e+00
7.624960568653075477e+00
7.642447995381916215e+00
7.642447995381916215e+00
7.642447995381916215e+00
7.642447995381916215e+00
7.642447995381916215e+00
7.642447995381916215e+00
7.642447995381916215e+00
7.642447995381916215e+00
7.642447995381916215e+00
7.642447995381916215e+00
7.642447995381916215e+00
7.642447995381916215e+00
7.642447995381916215e+00
7.642447995381916215e+00
7.642447995381916215e+00
7.660149997115375697e+00
7.660149997115375697e+00
7.660149997115375697e+00
7.660149997115375697e+00
7.660149997115375697e+00
7.660149997115375697e+00
7.660149997115375697e+00
7.660149997115375697e+00
7.660149997115375697e+00
7.660149997115375697e+00
7.660149997115375697e+00
7.660149997115375697e+00
7.660149997115375697e+00
7.660149997115375697e+00
7.660149997115375697e+00
7.660149997115375697e+00
7.660149997115375697e+00
7.660149997115375697e+00
7.678071905112637374e+00
7.678071905112637374e+00
7.678071905112637374e+00
7.678071905112637374e+00
7.678071905112637374e+00
7.678071905112637374e+00
7.678071905112637374e+00
7.678071905112637374e+00
7.678071905112637374e+00
7.678071905112637374e+00
7.678071905112637374e+00
7.678071905112637374e+00
7.678071905112637374e+00
7.696219251822896901e+00
7.696219251822896901e+00
7.696219251822896901e+00
7.696219251822896901e+00
7.696219251822896901e+00
7.696219251822896901e+00
7.696219251822896901e+00
7.696219251822896901e+00
7.696219251822896901e+00
7.696219251822896901e+00
7.696219251822896901e+00
7.696219251822896901e+00
7.696219251822896901e+00
7.696219251822896901e+00
7.696219251822896901e+00
7.696219251822896901e+00
7.696219251822896901e+00
7.696219251822896901e+00
7.696219251822896901e+00
7.696219251822896901e+00
7.696219251822896901e+00
7.714597781137751298e+00
7.714597781137751298e+00
7.714597781137751298e+00
7.714597781137751298e+00
7.714597781137751298e+00
7.714597781137751298e+00
7.714597781137751298e+00
7.714597781137751298e+00
7.714597781137751298e+00
7.714597781137751298e+00
7.714597781137751298e+00
7.714597781137751298e+00
7.714597781137751298e+00
7.714597781137751298e+00
7.714597781137751298e+00
7.714597781137751298e+00
7.714597781137751298e+00
7.714597781137751298e+00
7.714597781137751298e+00
7.714597781137751298e+00
7.714597781137751298e+00
7.733213459305098958e+00
7.733213459305098958e+00
7.733213459305098958e+00
7.733213459305098958e+00
7.733213459305098958e+00
7.733213459305098958e+00
7.733213459305098958e+00
7.733213459305098958e+00
7.752072486556414788e+00
7.752072486556414788e+00
7.752072486556414788e+00
7.752072486556414788e+00
7.752072486556414788e+00
7.752072486556414788e+00
7.752072486556414788e+00
7.752072486556414788e+00
7.752072486556414788e+00
7.752072486556414788e+00
7.752072486556414788e+00
7.752072486556414788e+00
7.752072486556414788e+00
7.771181309504119561e+00
7.771181309504119561e+00
7.771181309504119561e+00
7.771181309504119561e+00
7.771181309504119561e+00
7.771181309504119561e+00
7.771181309504119561e+00
7.771181309504119561e+00
7.771181309504119561e+00
7.771181309504119561e+00
7.771181309504119561e+00
7.771181309504119561e+00
7.771181309504119561e+00
7.790546634371049883e+00
7.790546634371049883e+00
7.790546634371049883e+00
7.790546634371049883e+00
7.790546634371049883e+00
7.790546634371049883e+00
7.790546634371049883e+00
7.790546634371049883e+00
7.790546634371049883e+00
7.790546634371049883e+00
7.790546634371049883e+00
7.790546634371049883e+00
7.810175441119982409e+00
7.810175441119982409e+00
7.810175441119982409e+00
7.810175441119982409e+00
7.810175441119982409e+00
7.810175441119982409e+00
7.810175441119982409e+00
7.810175441119982409e+00
7.830074998557687849e+00
7.830074998557687849e+00
7.830074998557687849e+00
7.830074998557687849e+00
7.830074998557687849e+00
7.830074998557687849e+00
7.830074998557687849e+00
7.830074998557687849e+00
7.830074998557687849e+00
7.830074998557687849e+00
7.830074998557687849e+00
7.850252880495317775e+00
7.850252880495317775e+00
7.850252880495317775e+00
7.850252880495317775e+00
7.850252880495317775e+00
7.850252880495317775e+00
7.850252880495317775e+00
7.850252880495317775e+00
7.850252880495317775e+00
7.850252880495317775e+00
7.850252880495317775e+00
7.850252880495317775e+00
7.850252880495317775e+00
7.850252880495317775e+00
7.850252880495317775e+00
7.850252880495317775e+00
7.850252880495317775e+00
7.870716983055033644e+00
7.870716983055033644e+00
7.870716983055033644e+00
7.870716983055033644e+00
7.870716983055033644e+00
7.870716983055033644e+00
7.870716983055033644e+00
7.870716983055033644e+00
7.870716983055033644e+00
7.891475543221830868e+00
7.891475543221830868e+00
7.891475543221830868e+00
7.891475543221830868e+00
7.891475543221830868e+00
7.891475543221830868e+00
7.891475543221830868e+00
7.891475543221830868e+00
7.891475543221830868e+00
7.912537158749660904e+00
7.912537158749660904e+00
7.912537158749660904e+00
7.912537158749660904e+00
7.912537158749660904e+00
7.912537158749660904e+00
7.933910809542227938e+00
7.933910809542227938e+00
7.933910809542227938e+00
7.933910809542227938e+00
7.933910809542227938e+00
7.933910809542227938e+00
7.933910809542227938e+00
7.933910809542227938e+00
7.933910809542227938e+00
7.955605880641546612e+00
7.955605880641546612e+00
7.955605880641546612e+00
7.977632186971545636e+00
7.977632186971545636e+00
7.977632186971545636e+00
8.000000000000000000e+00
8.000000000000000000e+00
8.069262662437113320e+00
8.142019004872427246e+00
8.167109985835258712e+00
