2.774190059376457462e+00
2.775395318461501226e+00
2.788111705453996336e+00
2.791765641660211461e+00
2.799101394961555744e+00
2.802169001987802943e+00
2.807090780887987247e+00
2.820090909985065508e+00
2.822580462010763291e+00
2.848349170026578836e+00
2.850888009293112368e+00
2.857254723248471073e+00
2.859170229226998927e+00
2.875232464177526648e+00
2.913863774972691001e+00
2.929208190576939153e+00
3.005646563141142202e+00
3.021289540893642656e+00
3.025585410194473024e+00
3.025585410194473024e+00
3.038550305601804169e+00
3.039274005160942149e+00
3.039274005160942149e+00
3.050902844270792169e+00
3.050902844270792169e+00
3.051632768415322161e+00
3.051632768415322161e+00
3.052363062048172537e+00
3.058218757721469672e+00
3.060420785685306733e+00
3.061155542533828822e+00
3.061155542533828822e+00
3.061890673780761407e+00
3.064834950396305047e+00
3.070001937390973712e+00
3.071481624742109950e+00
3.071481624742109950e+00
3.072222037917657911e+00
3.072222037917657911e+00
3.072962831279705487e+00
3.073704005218888646e+00
3.073704005218888646e+00
3.074445560126445542e+00
3.075187496394219178e+00
3.075929814414655628e+00
3.075929814414655628e+00
3.077415597286336180e+00
3.078159062925510003e+00
3.078159062925510003e+00
3.079647144584918728e+00
3.080391761396746197e+00
3.081136762725405376e+00
3.081882148968227320e+00
3.081882148968227320e+00
3.081882148968227320e+00
3.083374077788764378e+00
3.083374077788764378e+00
3.084120621164226694e+00
3.084867551049349732e+00
3.085614867844557185e+00
3.086362571950896694e+00
3.087110663770038510e+00
3.087110663770038510e+00
3.087859143704279052e+00
3.089357269530374150e+00
3.089357269530374150e+00
3.089357269530374150e+00
3.091607379226249730e+00
3.091607379226249730e+00
3.093109404391481299e+00
3.093861003804619703e+00
3.093861003804619703e+00
3.093861003804619703e+00
3.095365378331849548e+00
3.098378841653887772e+00
3.098378841653887772e+00
3.099133192019251304e+00
3.099133192019251304e+00
3.100643077076889131e+00
3.100643077076889131e+00
3.101398612596062421e+00
3.102154543994488645e+00
3.102910871687243777e+00
3.103667596090057934e+00
3.103667596090057934e+00
3.103667596090057934e+00
3.105182236692056286e+00
3.105940153725978092e+00
3.106698469139436369e+00
3.106698469139436369e+00
3.108975809850502703e+00
3.108975809850502703e+00
3.109735722978890671e+00
3.111256751101740825e+00
3.114303626660604785e+00
3.114303626660604785e+00
3.115066352050238407e+00
3.115829480891564973e+00
3.116593013611630436e+00
3.116593013611630436e+00
3.120416750387216887e+00
3.120416750387216887e+00
3.120416750387216887e+00
3.121949087271463252e+00
3.121949087271463252e+00
3.122715866476804880e+00
3.125018652346225334e+00
3.125787065169125523e+00
3.128864815756954521e+00
3.128864815756954521e+00
3.130406156759216074e+00
3.130406156759216074e+00
3.131177445225000966e+00
3.132721260290338261e+00
3.134266729148241115e+00
3.138137659940848589e+00
3.140465213617347207e+00
3.140465213617347207e+00
3.142019004872427690e+00
3.145131616739763381e+00
3.149813162354225593e+00
3.186218808782963041e+00
3.348948308821071418e+00
3.357948307072023297e+00
3.357948307072023297e+00
3.375204544139763119e+00
3.376118509986541394e+00
3.379780174492513556e+00
3.379780174492513556e+00
3.380697044584313193e+00
3.382532534705803506e+00
3.384370363031902418e+00
3.385290155884791652e+00
3.385290155884791652e+00
3.387131502708959463e+00
3.387131502708959463e+00
3.388053058180019228e+00
3.388053058180019228e+00
3.388975202692647848e+00
3.391745178022091078e+00
3.392669686250389116e+00
3.392669686250389116e+00
3.395446770920963253e+00
3.396373655013808168e+00
3.398229211592290078e+00
3.399157885612698937e+00
3.400087157812872185e+00
3.401017028963909006e+00
3.401017028963909006e+00
3.402878571210431691e+00
3.406608877208263220e+00
3.407542962731919367e+00
3.410348853485214882e+00
3.410348853485214882e+00
3.411285364417736332e+00
3.414098550309228486e+00
3.415977059742458355e+00
3.421627308639195508e+00
3.421627308639195508e+00
3.421627308639195508e+00
3.424460753165469384e+00
3.427299773512707759e+00
3.432994629752966542e+00
3.433945961828908544e+00
3.434897921639686658e+00
3.438712054835170839e+00
3.438712054835170839e+00
3.441579286731335507e+00
3.441579286731335507e+00
3.442536298402175898e+00
3.445411148322362838e+00
3.446370706083635493e+00
3.452141493941583317e+00
3.460841188891968567e+00
3.464724623379196622e+00
3.470569445853849189e+00
3.473500760863434067e+00
3.473500760863434067e+00
3.480363747156787202e+00
3.490224995673063102e+00
3.599120563717815635e+00
3.603395218818141288e+00
3.616295707525947645e+00
3.620621632928737732e+00
3.624960568653075477e+00
3.627134939887412202e+00
3.628223355662075988e+00
3.635865344991948245e+00
3.635865344991948245e+00
3.635865344991948245e+00
3.635865344991948245e+00
3.641348799107113177e+00
3.643548029778245656e+00
3.644648903575187227e+00
3.644648903575187227e+00
3.645750618054758974e+00
3.646853174501917483e+00
3.646853174501917483e+00
3.649060818453569333e+00
3.649060818453569333e+00
3.649060818453569333e+00
3.651271845768922386e+00
3.653486266834364393e+00
3.653486266834364393e+00
3.653486266834364393e+00
3.654594753282204511e+00
3.655704092084183010e+00
3.655704092084183010e+00
3.657925332000861562e+00
3.659037235748300532e+00
3.660149997115375253e+00
3.664609645306075247e+00
3.665726714692809196e+00
3.670203661779298354e+00
3.671325072672052769e+00
3.673570512877696981e+00
3.674694544910317440e+00
3.676945239658353515e+00
3.678071905112637818e+00
3.680327879053005624e+00
3.680327879053005624e+00
3.683718468253779577e+00
3.684850437743699469e+00
3.685983296098641837e+00
3.687117044715644720e+00
3.687117044715644720e+00
3.688251684995041302e+00
3.691660969860592889e+00
3.692799190859190617e+00
3.693938310571658779e+00
3.697361076212447806e+00
3.699647439671780003e+00
3.700791981612721049e+00
3.701937432280983487e+00
3.703083793120710787e+00
3.703083793120710787e+00
3.704231065579492110e+00
3.711133925834180225e+00
3.711133925834180225e+00
3.714597781137751742e+00
3.716911646975998185e+00
3.718069973044556775e+00
3.721550541779518717e+00
3.726204400785735338e+00
3.728536972095625401e+00
3.732042915597161059e+00
3.735557399773397957e+00
3.736730799627338229e+00
3.737905154629820537e+00
3.739080466337095121e+00
3.740256736309218510e+00
3.741433966110067288e+00
3.746152515012596940e+00
3.750886547286271799e+00
3.759208667838043194e+00
3.760401470750876385e+00
3.762790039244978679e+00
3.765182568882675884e+00
3.766380323240297923e+00
3.773587807211214340e+00
3.773587807211214340e+00
3.773587807211214340e+00
3.773587807211214340e+00
3.780831479537838380e+00
3.780831479537838380e+00
3.785680879199234017e+00
3.788111705453996336e+00
3.790546634371050327e+00
3.790546634371050327e+00
3.794206750602842959e+00
3.794206750602842959e+00
3.795428855750796249e+00
3.797876176169539431e+00
3.799101394961555744e+00
3.801554958547638030e+00
3.802783306889947923e+00
3.804012701971491328e+00
3.804012701971491328e+00
3.804012701971491328e+00
3.805243145577752006e+00
3.805243145577752006e+00
3.805243145577752006e+00
3.806474639498784729e+00
3.807707185529233040e+00
3.807707185529233040e+00
3.807707185529233040e+00
3.808940785468343471e+00
3.810175441119982853e+00
3.810175441119982853e+00
3.810175441119982853e+00
3.812647926799503484e+00
3.812647926799503484e+00
3.815124657091716109e+00
3.815124657091716109e+00
3.820090909985065508e+00
3.820090909985065508e+00
3.821335148993528108e+00
3.821335148993528108e+00
3.821335148993528108e+00
3.823826850892510176e+00
3.823826850892510176e+00
3.823826850892510176e+00
3.825074317499321364e+00
3.826322863696580256e+00
3.827572491354517492e+00
3.827572491354517492e+00
3.827572491354517492e+00
3.828823202348228261e+00
3.828823202348228261e+00
3.831327881867769403e+00
3.831327881867769403e+00
3.831327881867769403e+00
3.832581854168262581e+00
3.832581854168262581e+00
3.833836917353886875e+00
3.833836917353886875e+00
3.835093073324312041e+00
3.835093073324312041e+00
3.836350323984174970e+00
3.836350323984174970e+00
3.836350323984174970e+00
3.836350323984174970e+00
3.836350323984174970e+00
3.837608671243095237e+00
3.837608671243095237e+00
3.838868117015693748e+00
3.840128663221610505e+00
3.840128663221610505e+00
3.840128663221610505e+00
3.842653064637157279e+00
3.843916923711318212e+00
3.843916923711318212e+00
3.845181890947896086e+00
3.845181890947896086e+00
3.845181890947896086e+00
3.845181890947896086e+00
3.846447968291887953e+00
3.846447968291887953e+00
3.848983461107752024e+00
3.848983461107752024e+00
3.851523417821722806e+00
3.852795075057771079e+00
3.852795075057771079e+00
3.852795075057771079e+00
3.855341757168117667e+00
3.856616786010179432e+00
3.856616786010179432e+00
3.856616786010179432e+00
3.857892942697449978e+00
3.859170229226998927e+00
3.859170229226998927e+00
3.861728199827779040e+00
3.861728199827779040e+00
3.863008887919770373e+00
3.864290713895600415e+00
3.864290713895600415e+00
3.864290713895600415e+00
3.864290713895600415e+00
3.865573679779073846e+00
3.866857787599399021e+00
3.866857787599399021e+00
3.868143039391207072e+00
3.870716983055033644e+00
3.870716983055033644e+00
3.874586529516685030e+00
3.875878688170812492e+00
3.875878688170812492e+00
3.877172005192333071e+00
3.879762122658040546e+00
3.883656038762531626e+00
3.886257833950811591e+00
3.887560493218447988e+00
3.887560493218447988e+00
3.887560493218447988e+00
3.891475543221830868e+00
3.891475543221830868e+00
3.892782924408617617e+00
3.903284845511464152e+00
3.907242859080147568e+00
3.909887580335711377e+00
3.917850958646128312e+00
3.919182472391672611e+00
3.920515216173184658e+00
3.927197465455792624e+00
3.931221722014587527e+00
3.946074118468895442e+00
3.948791059085235311e+00
3.952876087885974332e+00
3.955605880641546612e+00
3.967954273069191462e+00
3.974860437721491557e+00
3.987375461134940569e+00
3.995779533681804718e+00
4.008478153924304621e+00
4.008478153924304621e+00
4.009896036142500009e+00
4.015581541198861792e+00
4.017006425305689632e+00
4.018432718096985212e+00
4.019860422360842733e+00
4.024152031993215139e+00
4.031333206804792013e+00
4.037103994662739836e+00
4.037103994662739836e+00
4.038550305601804169e+00
4.045803689613125087e+00
4.050173289240889041e+00
4.078159062925509559e+00
4.275486146880050242e+00
4.299560281858908262e+00
4.320519900494553589e+00
4.320519900494553589e+00
4.322280358358991492e+00
4.332888457924972236e+00
4.334664082814823516e+00
4.336441895782726874e+00
4.340004107570022640e+00
4.341788517248205359e+00
4.354341567591290207e+00
4.357948307072023297e+00
4.361564086009527941e+00
4.363375379456351233e+00
4.363375379456351233e+00
4.368822944296021582e+00
4.368822944296021582e+00
4.368822944296021582e+00
4.370643379920390537e+00
4.374291156935534275e+00
4.376118509986541838e+00
4.379780174492513112e+00
4.381614497741393777e+00
4.381614497741393777e+00
4.381614497741393777e+00
4.383451156221010336e+00
4.383451156221010336e+00
4.383451156221010336e+00
4.390821261858020463e+00
4.392669686250389560e+00
4.392669686250389560e+00
4.394520481938331002e+00
4.394520481938331002e+00
4.396373655013808168e+00
4.401947499838399835e+00
4.403810243855589945e+00
4.403810243855589945e+00
4.403810243855589945e+00
4.403810243855589945e+00
4.405675396075152683e+00
4.405675396075152683e+00
4.405675396075152683e+00
4.407542962731919367e+00
4.409412950084965921e+00
4.411285364417736332e+00
4.415037499278843924e+00
4.415037499278843924e+00
4.416917232497066692e+00
4.418799418075042951e+00
4.420684062419986127e+00
4.424460753165469384e+00
4.424460753165469384e+00
4.426352812506678447e+00
4.428247356496454401e+00
4.428247356496454401e+00
4.432043924584533556e+00
4.432043924584533556e+00
4.432043924584533556e+00
4.433945961828908544e+00
4.435850510014268444e+00
4.439667165787558822e+00
4.441579286731335507e+00
4.443493945328071959e+00
4.445411148322362394e+00
4.445411148322362394e+00
4.445411148322362394e+00
4.451178091541248882e+00
4.460841188891969011e+00
4.462781599461403736e+00
4.466670267694166085e+00
4.466670267694166085e+00
4.468618539483688146e+00
4.468618539483688146e+00
4.474479190904930626e+00
4.486272404047563001e+00
4.488247346232620671e+00
4.490224995673062658e+00
4.496174262004249300e+00
4.498162815097702882e+00
4.500154112916794347e+00
4.557056504151272058e+00
4.870716983055033644e+00
4.899337660994801169e+00
4.947431949195846279e+00
4.950151450549438614e+00
4.958340848362785103e+00
4.961081010707697914e+00
4.963826387446514943e+00
4.977632186971545636e+00
4.991571377929418851e+00
4.997184984392945672e+00
5.002820519062378679e+00
5.002820519062378679e+00
5.019860422360842733e+00
5.048715285033027911e+00
5.048715285033027911e+00
5.078159062925509559e+00
5.090106916229958145e+00
