2.576884089852899518e+00
2.596455321797985771e+00
2.603395218818141288e+00
2.608756410572557805e+00
2.613598576359222214e+00
2.614676823824128249e+00
2.618457048815415078e+00
2.618997890449073829e+00
2.622789469611447988e+00
2.626591039771303926e+00
2.631493538492308382e+00
2.634224364673731777e+00
2.634771150748455248e+00
2.634771150748455248e+00
2.636412753475422921e+00
2.636412753475422921e+00
2.638056226264758664e+00
2.639152915820335288e+00
2.640799514866368103e+00
2.640799514866368103e+00
2.641348799107113177e+00
2.641348799107113177e+00
2.641898292559152761e+00
2.641898292559152761e+00
2.642447995381916215e+00
2.642447995381916215e+00
2.642447995381916215e+00
2.642997907735015861e+00
2.643548029778245656e+00
2.645199655649403958e+00
2.645199655649403958e+00
2.645750618054758974e+00
2.645750618054758974e+00
2.646301790951965049e+00
2.646301790951965049e+00
2.646301790951965049e+00
2.646301790951965049e+00
2.647404768865696312e+00
2.647404768865696312e+00
2.647404768865696312e+00
2.647956574204566760e+00
2.647956574204566760e+00
2.647956574204566760e+00
2.648508590679979235e+00
2.649613257687158274e+00
2.650718771182547950e+00
2.650718771182547950e+00
2.651271845768922386e+00
2.651271845768922386e+00
2.651271845768922386e+00
2.651825132464443513e+00
2.651825132464443513e+00
2.651825132464443513e+00
2.652378631431865585e+00
2.652378631431865585e+00
2.653486266834364393e+00
2.653486266834364393e+00
2.654040403595887554e+00
2.654594753282204511e+00
2.654594753282204511e+00
2.654594753282204511e+00
2.655149316057008768e+00
2.655704092084183010e+00
2.656259081527799548e+00
2.656814284552118988e+00
2.656814284552118988e+00
2.658481176754756703e+00
2.658481176754756703e+00
2.659593509146705337e+00
2.659593509146705337e+00
2.660149997115375253e+00
2.661820750099888944e+00
2.662378098007492255e+00
2.662378098007492255e+00
2.662378098007492255e+00
2.662378098007492255e+00
2.663493440189745876e+00
2.663493440189745876e+00
2.664051434797702900e+00
2.664051434797702900e+00
2.664051434797702900e+00
2.664609645306075247e+00
2.664609645306075247e+00
2.664609645306075247e+00
2.664609645306075247e+00
2.664609645306075247e+00
2.664609645306075247e+00
2.665168071881999889e+00
2.665726714692809196e+00
2.665726714692809196e+00
2.666285573906030049e+00
2.666844649689383395e+00
2.667403942210786028e+00
2.667403942210786028e+00
2.667403942210786028e+00
2.667403942210786028e+00
2.667963451638349248e+00
2.667963451638349248e+00
2.668523178140380203e+00
2.668523178140380203e+00
2.669083121885383214e+00
2.669083121885383214e+00
2.669083121885383214e+00
2.669083121885383214e+00
2.669083121885383214e+00
2.669083121885383214e+00
2.669643283042057114e+00
2.669643283042057114e+00
2.669643283042057114e+00
2.669643283042057114e+00
2.669643283042057114e+00
2.670203661779298354e+00
2.670203661779298354e+00
2.670203661779298354e+00
2.670203661779298354e+00
2.671886105166343839e+00
2.671886105166343839e+00
2.672447355918759371e+00
2.672447355918759371e+00
2.672447355918759371e+00
2.672447355918759371e+00
2.673008825099183028e+00
2.673008825099183028e+00
2.673008825099183028e+00
2.673008825099183028e+00
2.673570512877696981e+00
2.673570512877696981e+00
2.673570512877696981e+00
2.674132419424581464e+00
2.674132419424581464e+00
2.674132419424581464e+00
2.674694544910317440e+00
2.674694544910317440e+00
2.675256889505583491e+00
2.675256889505583491e+00
2.675256889505583491e+00
2.675819453381258928e+00
2.675819453381258928e+00
2.676382236708422457e+00
2.676382236708422457e+00
2.676945239658353515e+00
2.676945239658353515e+00
2.676945239658353515e+00
2.677508462402531819e+00
2.677508462402531819e+00
2.678071905112637818e+00
2.678635567960553576e+00
2.679199451118362774e+00
2.679763554758351152e+00
2.679763554758351152e+00
2.679763554758351152e+00
2.680327879053005624e+00
2.680327879053005624e+00
2.680327879053005624e+00
2.680892424175016497e+00
2.680892424175016497e+00
2.681457190297276139e+00
2.681457190297276139e+00
2.682022177592881196e+00
2.682022177592881196e+00
2.682022177592881196e+00
2.682022177592881196e+00
2.682587386235130822e+00
2.683152816397527562e+00
2.683152816397527562e+00
2.683718468253779577e+00
2.683718468253779577e+00
2.683718468253779577e+00
2.683718468253779577e+00
2.683718468253779577e+00
2.684284341977797972e+00
2.684850437743699469e+00
2.684850437743699469e+00
2.684850437743699469e+00
2.685416755725805515e+00
2.685416755725805515e+00
2.686550059036942439e+00
2.687117044715644720e+00
2.687117044715644720e+00
2.687684253309893911e+00
2.687684253309893911e+00
2.688251684995041302e+00
2.688251684995041302e+00
2.688819339946645126e+00
2.688819339946645126e+00
2.688819339946645126e+00
2.689387218340471897e+00
2.689387218340471897e+00
2.690523646158894167e+00
2.690523646158894167e+00
2.691092195936060971e+00
2.691660969860592889e+00
2.691660969860592889e+00
2.692229968109296934e+00
2.692799190859190617e+00
2.692799190859190617e+00
2.693368638287498840e+00
2.693368638287498840e+00
2.693368638287498840e+00
2.693938310571658779e+00
2.694508207889315887e+00
2.695078330418327450e+00
2.696219251822896901e+00
2.696790051055224957e+00
2.697361076212447806e+00
2.697361076212447806e+00
2.697932327473480552e+00
2.697932327473480552e+00
2.697932327473480552e+00
2.698503805017451018e+00
2.698503805017451018e+00
2.698503805017451018e+00
2.698503805017451018e+00
2.699075509023699748e+00
2.699075509023699748e+00
2.699647439671780003e+00
2.700219597141460426e+00
2.700219597141460426e+00
2.700791981612721049e+00
2.700791981612721049e+00
2.700791981612721049e+00
2.700791981612721049e+00
2.701364593265758618e+00
2.702510498839020503e+00
2.702510498839020503e+00
2.702510498839020503e+00
2.703083793120710787e+00
2.703083793120710787e+00
2.703083793120710787e+00
2.703657315307110398e+00
2.703657315307110398e+00
2.703657315307110398e+00
2.704231065579492110e+00
2.704805044119344526e+00
2.704805044119344526e+00
2.704805044119344526e+00
2.705379251108372962e+00
2.705379251108372962e+00
2.705953686728499896e+00
2.707103244590827629e+00
2.708253719166060947e+00
2.708253719166060947e+00
2.709981153067381854e+00
2.710557424311668129e+00
2.711133925834180225e+00
2.711133925834180225e+00
2.712287620450550385e+00
2.714597781137751742e+00
2.714597781137751742e+00
2.714597781137751742e+00
2.715175899775377211e+00
2.715754250170329787e+00
2.716332832508499440e+00
2.716911646975998185e+00
2.719229229869397635e+00
2.720969863550351420e+00
2.722712599869643313e+00
2.722712599869643313e+00
2.729120704671215591e+00
2.730288878857217938e+00
2.733213459305098514e+00
2.733213459305098514e+00
2.736143980403917375e+00
2.736143980403917375e+00
2.736143980403917375e+00
2.736730799627338229e+00
2.743201613920610349e+00
2.743791311472613348e+00
2.743791311472613348e+00
2.744971430181270655e+00
2.749109464276659143e+00
2.749109464276659143e+00
2.750293943030295285e+00
2.750886547286271799e+00
2.751479395061570798e+00
2.752665821971270965e+00
2.753853225364134794e+00
2.755636164879489591e+00
2.755636164879489591e+00
2.755636164879489591e+00
2.755636164879489591e+00
2.756230968038147822e+00
2.756826016527049283e+00
2.758016850305671230e+00
2.758016850305671230e+00
2.758612636001063656e+00
2.759208667838043194e+00
2.759208667838043194e+00
2.760401470750876385e+00
2.760401470750876385e+00
2.761595260674921004e+00
2.762192526276864513e+00
2.762790039244978679e+00
2.763985808099915342e+00
2.763985808099915342e+00
2.765182568882675884e+00
2.765781321761529465e+00
2.765781321761529465e+00
2.766380323240297923e+00
2.766979573525503167e+00
2.770580311769583748e+00
2.770580311769583748e+00
2.772384056585776246e+00
2.772384056585776246e+00
2.773587807211214340e+00
2.774190059376457462e+00
2.774792563056498018e+00
2.774792563056498018e+00
2.775395318461501226e+00
2.775395318461501226e+00
2.776601585288371865e+00
2.776601585288371865e+00
2.776601585288371865e+00
2.777205097131889122e+00
2.777205097131889122e+00
2.777808861543667796e+00
2.777808861543667796e+00
2.777808861543667796e+00
2.780226449107126019e+00
2.780831479537838380e+00
2.780831479537838380e+00
2.780831479537838380e+00
2.781436763809729040e+00
2.781436763809729040e+00
2.782648094729665900e+00
2.782648094729665900e+00
2.782648094729665900e+00
2.783254141804694104e+00
2.783254141804694104e+00
2.785073812057565323e+00
2.785680879199234017e+00
2.785680879199234017e+00
2.787503614806051910e+00
2.788720052517992265e+00
2.788720052517992265e+00
2.789937516759768865e+00
2.790546634371050327e+00
2.790546634371050327e+00
2.792985679822467482e+00
2.792985679822467482e+00
2.794817673771357480e+00
2.796040296760537558e+00
2.796651997020237257e+00
2.797263956749832303e+00
2.799101394961555744e+00
2.799101394961555744e+00
2.799101394961555744e+00
2.800327655163635576e+00
2.800327655163635576e+00
2.801554958547638030e+00
2.802169001987802943e+00
2.807090780887987247e+00
2.808940785468343471e+00
2.808940785468343471e+00
2.811411154292652093e+00
2.812647926799503484e+00
2.812647926799503484e+00
2.812647926799503484e+00
2.813885760458357588e+00
2.815124657091716109e+00
2.815744504594651421e+00
2.816364618526781438e+00
2.818847743134433426e+00
2.818847743134433426e+00
2.820712895353996608e+00
2.821957671135178369e+00
2.823203521852401199e+00
2.823826850892510176e+00
2.826322863696580256e+00
2.826322863696580256e+00
2.830074998557687849e+00
2.830701304207154489e+00
2.831327881867769403e+00
2.832581854168262581e+00
2.832581854168262581e+00
2.833209249281820163e+00
2.833836917353886875e+00
2.834464858622076200e+00
2.835093073324312041e+00
2.835093073324312041e+00
2.835093073324312041e+00
2.835093073324312041e+00
2.836350323984174970e+00
2.836350323984174970e+00
2.836979360419206397e+00
2.836979360419206397e+00
2.837608671243095237e+00
2.837608671243095237e+00
2.837608671243095237e+00
2.838238256695325035e+00
2.838238256695325035e+00
2.838868117015693748e+00
2.838868117015693748e+00
2.839498252444313309e+00
2.840759349588327431e+00
2.840759349588327431e+00
2.841390311785521927e+00
2.842021550054568024e+00
2.842653064637157279e+00
2.845814790734702893e+00
2.845814790734702893e+00
2.845814790734702893e+00
2.847715157693417876e+00
2.847715157693417876e+00
2.848349170026578836e+00
2.849618031182152400e+00
2.849618031182152400e+00
2.849618031182152400e+00
2.850252880495317775e+00
2.850252880495317775e+00
2.850888009293112368e+00
2.852159106327662563e+00
2.852159106327662563e+00
2.852795075057771079e+00
2.853431324259214197e+00
2.854067854179484165e+00
2.859170229226998927e+00
2.859809296808164092e+00
2.859809296808164092e+00
2.859809296808164092e+00
2.860448647601206318e+00
2.861088281857256721e+00
2.861728199827779040e+00
2.861728199827779040e+00
2.861728199827779040e+00
2.861728199827779040e+00
2.862368401764571857e+00
2.862368401764571857e+00
2.863008887919770373e+00
2.865573679779073846e+00
2.866215590820092807e+00
2.866215590820092807e+00
2.867500270371490689e+00
2.867500270371490689e+00
2.868143039391207072e+00
2.870716983055033644e+00
2.870716983055033644e+00
2.871361187147402294e+00
2.871361187147402294e+00
2.872005679023605929e+00
2.872005679023605929e+00
2.875232464177526648e+00
2.875232464177526648e+00
2.875232464177526648e+00
2.875878688170812492e+00
2.875878688170812492e+00
2.876525201755859573e+00
2.876525201755859573e+00
2.876525201755859573e+00
2.876525201755859573e+00
2.876525201755859573e+00
2.877172005192333071e+00
2.877172005192333071e+00
2.877172005192333071e+00
2.879114157212210312e+00
2.879114157212210312e+00
2.879762122658040546e+00
2.881058927276492376e+00
2.881707766973010010e+00
2.881707766973010010e+00
2.883656038762531626e+00
2.883656038762531626e+00
2.883656038762531626e+00
2.884306047802988715e+00
2.884956349838290190e+00
2.884956349838290190e+00
2.886909016557619445e+00
2.886909016557619445e+00
2.886909016557619445e+00
2.887560493218447988e+00
2.888212264198988244e+00
2.888864329765293171e+00
2.888864329765293171e+00
2.888864329765293171e+00
2.892129085720386072e+00
2.892129085720386072e+00
2.892129085720386072e+00
2.894091491428842478e+00
2.894746220299116768e+00
2.895401246435631126e+00
2.896056570108442862e+00
2.896712191587977880e+00
2.899337660994801169e+00
2.900652189596807151e+00
2.901309903326406481e+00
2.901967917039473210e+00
2.902626231009777680e+00
2.903284845511464152e+00
2.904602977207443537e+00
2.905922314328095446e+00
2.905922314328095446e+00
2.907903585009208758e+00
2.908564613676392963e+00
2.909887580335711377e+00
2.916520672668158287e+00
2.917185662327725915e+00
2.917850958646128312e+00
2.917850958646128312e+00
2.925858537247494340e+00
2.929879055523177289e+00
2.929879055523177289e+00
2.935257235249744134e+00
2.939304068312445839e+00
2.952194445992410543e+00
3.067047107805285222e+00
3.076672514580807594e+00
3.079647144584918728e+00
3.081882148968227320e+00
3.081882148968227320e+00
3.086362571950896694e+00
3.087859143704279052e+00
3.087859143704279052e+00
3.089357269530374150e+00
3.089357269530374150e+00
3.094612994981869036e+00
3.095365378331849548e+00
3.096118154263819644e+00
3.096871323187680769e+00
3.097624885513974302e+00
3.098378841653887772e+00
3.099133192019251304e+00
3.099887937022543394e+00
3.101398612596062421e+00
3.105940153725978092e+00
3.108216296781689980e+00
3.108216296781689980e+00
3.108216296781689980e+00
3.108975809850502703e+00
3.109735722978890671e+00
3.110496036588524138e+00
3.110496036588524138e+00
3.110496036588524138e+00
3.111256751101740825e+00
3.112779384531615179e+00
3.112779384531615179e+00
3.115066352050238407e+00
3.115829480891564973e+00
3.117356950638158875e+00
3.118886039324903603e+00
3.119651191843973326e+00
3.119651191843973326e+00
3.119651191843973326e+00
3.119651191843973326e+00
3.121182715385771633e+00
3.121182715385771633e+00
3.121949087271463252e+00
3.121949087271463252e+00
3.122715866476804880e+00
3.123483053435000212e+00
3.123483053435000212e+00
3.123483053435000212e+00
3.125018652346225334e+00
3.126555887484623319e+00
3.126555887484623319e+00
3.126555887484623319e+00
3.127325119729394309e+00
3.128094762340813073e+00
3.128864815756954521e+00
3.128864815756954521e+00
3.129635280416595666e+00
3.129635280416595666e+00
3.133493787773797834e+00
3.134266729148241115e+00
3.134266729148241115e+00
3.135813855345719769e+00
3.135813855345719769e+00
3.136588041058362197e+00
3.136588041058362197e+00
3.137362642441206440e+00
3.138137659940848589e+00
3.138137659940848589e+00
3.138913094004606386e+00
3.140465213617347207e+00
3.140465213617347207e+00
3.141241900064579262e+00
3.141241900064579262e+00
3.141241900064579262e+00
3.142019004872427690e+00
3.143574471374469326e+00
3.143574471374469326e+00
3.145131616739763381e+00
3.145910820129425911e+00
3.146690444596325520e+00
3.147470490595804193e+00
3.147470490595804193e+00
3.148250958583942438e+00
3.148250958583942438e+00
3.149813162354225593e+00
3.150594899052241438e+00
3.151377059570661832e+00
3.151377059570661832e+00
3.151377059570661832e+00
3.152159644369286973e+00
3.152159644369286973e+00
3.152942653908664461e+00
3.153726088650093740e+00
3.156864088888650333e+00
3.157649656586192233e+00
3.158435652269425020e+00
3.158435652269425020e+00
3.159222076404945678e+00
3.159222076404945678e+00
3.159222076404945678e+00
3.160008929460114135e+00
3.160796211903055930e+00
3.162372066828595063e+00
3.163949644941930206e+00
3.163949644941930206e+00
3.164739081372511365e+00
3.164739081372511365e+00
3.164739081372511365e+00
3.165528950015778165e+00
3.165528950015778165e+00
3.165528950015778165e+00
3.165528950015778165e+00
3.166319251345258046e+00
3.167901153960865912e+00
3.168692756197949212e+00
3.168692756197949212e+00
3.171070172348513516e+00
3.171863515805892764e+00
3.173451512709084987e+00
3.173451512709084987e+00
3.173451512709084987e+00
3.173451512709084987e+00
3.174246167116887118e+00
3.175041259471477417e+00
3.175041259471477417e+00
3.176632759953764928e+00
3.176632759953764928e+00
3.177429169049831970e+00
3.179023307378758822e+00
3.179821037584812160e+00
3.179821037584812160e+00
3.179821037584812160e+00
3.179821037584812160e+00
3.179821037584812160e+00
3.181417822519141847e+00
3.182216878225466505e+00
3.182216878225466505e+00
3.184616704186461256e+00
3.185417534093724079e+00
3.187020528748517822e+00
3.187822694485552777e+00
3.189428365258852871e+00
3.189428365258852871e+00
3.191035825080738686e+00
3.191840227131625074e+00
3.191840227131625074e+00
3.192645077942395826e+00
3.195868978816682304e+00
3.197483634878777181e+00
3.198291641083538028e+00
3.198291641083538028e+00
3.199909012375004913e+00
3.199909012375004913e+00
3.201528198898381028e+00
3.201528198898381028e+00
3.203960391170229904e+00
3.207209705698936375e+00
3.208023179101311406e+00
3.208023179101311406e+00
3.209651503248085902e+00
3.209651503248085902e+00
3.212097440608568277e+00
3.212097440608568277e+00
3.212913675448382911e+00
3.213730372351534026e+00
3.213730372351534026e+00
3.214547531841457584e+00
3.214547531841457584e+00
3.215365154442479501e+00
3.216183240679818311e+00
3.216183240679818311e+00
3.217820806168791847e+00
3.218640286475340506e+00
3.218640286475340506e+00
3.221101523991623861e+00
3.222744684808076965e+00
3.225212940398826778e+00
3.226036631566442381e+00
3.226036631566442381e+00
3.226036631566442381e+00
3.226036631566442381e+00
3.226860793280308837e+00
3.228510530499401732e+00
3.230162156370560034e+00
3.230988678902985356e+00
3.231815675223073558e+00
3.232643145874314783e+00
3.233471091401135311e+00
3.233471091401135311e+00
3.233471091401135311e+00
3.235957782693412721e+00
3.235957782693412721e+00
3.236787633185600033e+00
3.236787633185600033e+00
3.236787633185600033e+00
3.236787633185600033e+00
3.238448767555520469e+00
3.238448767555520469e+00
3.239280052534376786e+00
3.239280052534376786e+00
3.239280052534376786e+00
3.239280052534376786e+00
3.239280052534376786e+00
3.240944060839830332e+00
3.242609990633361416e+00
3.243443677475913223e+00
3.245112497836531329e+00
3.245112497836531329e+00
3.245112497836531329e+00
3.245947632471075650e+00
3.245947632471075650e+00
3.246783250821045019e+00
3.246783250821045019e+00
3.247619353447106061e+00
3.247619353447106061e+00
3.248455940910901951e+00
3.248455940910901951e+00
3.248455940910901951e+00
3.249293013775051975e+00
3.249293013775051975e+00
3.250130572603155965e+00
3.250968617959796525e+00
3.251807150410539915e+00
3.251807150410539915e+00
3.252646170521939162e+00
3.252646170521939162e+00
3.254325675997865819e+00
3.255166162500454430e+00
3.255166162500454430e+00
3.256848605887499915e+00
3.256848605887499915e+00
3.256848605887499915e+00
3.257690563916001203e+00
3.259375955510586564e+00
3.260219390226740011e+00
3.261907740379509590e+00
3.266984678314037271e+00
3.266984678314037271e+00
3.267832574336615004e+00
3.268680968974936096e+00
3.269529862815779619e+00
3.269529862815779619e+00
3.270379256446961591e+00
3.270379256446961591e+00
3.271229150457336754e+00
3.271229150457336754e+00
3.272079545436800796e+00
3.272079545436800796e+00
3.272079545436800796e+00
3.272079545436800796e+00
3.273781840667801646e+00
3.273781840667801646e+00
3.274633742104358092e+00
3.274633742104358092e+00
3.276339055590016702e+00
3.277192468830453453e+00
3.278046387198614298e+00
3.278900811292814854e+00
3.278900811292814854e+00
3.279755741712434336e+00
3.280611179057917770e+00
3.281467123930779106e+00
3.282323576933603881e+00
3.282323576933603881e+00
3.283180538670050996e+00
3.283180538670050996e+00
3.284895990763832430e+00
3.285754482333877569e+00
3.285754482333877569e+00
3.288333026435653839e+00
3.289193566300648186e+00
3.289193566300648186e+00
3.290916187449656416e+00
3.291778269961647574e+00
3.292640867919117476e+00
3.293503981938811886e+00
3.296096426555336301e+00
3.299560281858907818e+00
3.302163642037623692e+00
3.302163642037623692e+00
3.312624316562533089e+00
3.314375160273645093e+00
3.317883235049925439e+00
3.326690924438305164e+00
3.332888457924972236e+00
3.333775997196820828e+00
3.336441895782726874e+00
3.337331624482458459e+00
3.339112729697434112e+00
3.341788517248205359e+00
3.345363971472032460e+00
3.345363971472032460e+00
3.348051389276553991e+00
3.352541573545079867e+00
3.356143810225275192e+00
3.357045776519667957e+00
3.357045776519667957e+00
3.359755063777654094e+00
3.364281879668952424e+00
3.366096590651480813e+00
3.367004802857042289e+00
3.368822944296021582e+00
3.368822944296021582e+00
3.369732874973230263e+00
3.370643379920390537e+00
3.371554459862818653e+00
3.371554459862818653e+00
3.373378347641629027e+00
3.374291156935534719e+00
3.376118509986541394e+00
3.377033055209489820e+00
3.377033055209489820e+00
3.377033055209489820e+00
3.377948180543623558e+00
3.377948180543623558e+00
3.377948180543623558e+00
3.377948180543623558e+00
3.378863886725358867e+00
3.379780174492513556e+00
3.379780174492513556e+00
3.379780174492513556e+00
3.380697044584313193e+00
3.380697044584313193e+00
3.381614497741393777e+00
3.381614497741393777e+00
3.382532534705803506e+00
3.383451156221010780e+00
3.383451156221010780e+00
3.383451156221010780e+00
3.383451156221010780e+00
3.384370363031902418e+00
3.384370363031902418e+00
3.384370363031902418e+00
3.384370363031902418e+00
3.384370363031902418e+00
3.385290155884791652e+00
3.385290155884791652e+00
3.385290155884791652e+00
3.386210535527419907e+00
3.386210535527419907e+00
3.386210535527419907e+00
3.386210535527419907e+00
3.387131502708959463e+00
3.388053058180019228e+00
3.388053058180019228e+00
3.388975202692647848e+00
3.389897937000335482e+00
3.389897937000335482e+00
3.390821261858020463e+00
3.392669686250389116e+00
3.393594787302215199e+00
3.393594787302215199e+00
3.393594787302215199e+00
3.394520481938331002e+00
3.394520481938331002e+00
3.394520481938331002e+00
3.395446770920963253e+00
3.396373655013808168e+00
3.396373655013808168e+00
3.398229211592290078e+00
3.399157885612698937e+00
3.400087157812872185e+00
3.400087157812872185e+00
3.401017028963909006e+00
3.401947499838399835e+00
3.402878571210431691e+00
3.403810243855589501e+00
3.404742518550964547e+00
3.404742518550964547e+00
3.405675396075152683e+00
3.405675396075152683e+00
3.406608877208263220e+00
3.407542962731919367e+00
3.407542962731919367e+00
3.407542962731919367e+00
3.408477653429264898e+00
3.408477653429264898e+00
3.408477653429264898e+00
3.408477653429264898e+00
3.409412950084965921e+00
3.409412950084965921e+00
3.409412950084965921e+00
3.409412950084965921e+00
3.409412950084965921e+00
3.409412950084965921e+00
3.409412950084965921e+00
3.410348853485214882e+00
3.410348853485214882e+00
3.410348853485214882e+00
3.412222483671789597e+00
3.412222483671789597e+00
3.412222483671789597e+00
3.412222483671789597e+00
3.412222483671789597e+00
3.413160212038173214e+00
3.413160212038173214e+00
3.413160212038173214e+00
3.413160212038173214e+00
3.414098550309228486e+00
3.414098550309228486e+00
3.415037499278843924e+00
3.415037499278843924e+00
3.415977059742458355e+00
3.415977059742458355e+00
3.415977059742458355e+00
3.416917232497066692e+00
3.417858018341222603e+00
3.418799418075042951e+00
3.418799418075042951e+00
3.418799418075042951e+00
3.419741432500212230e+00
3.419741432500212230e+00
3.421627308639195508e+00
3.421627308639195508e+00
3.421627308639195508e+00
3.421627308639195508e+00
3.422571171964251313e+00
3.423515653203148545e+00
3.423515653203148545e+00
3.423515653203148545e+00
3.423515653203148545e+00
3.424460753165469384e+00
3.424460753165469384e+00
3.425406472662388957e+00
3.425406472662388957e+00
3.425406472662388957e+00
3.425406472662388957e+00
3.426352812506678003e+00
3.428247356496454401e+00
3.428247356496454401e+00
3.429195562275503484e+00
3.429195562275503484e+00
3.429195562275503484e+00
3.431093845497916739e+00
3.431093845497916739e+00
3.431093845497916739e+00
3.432043924584533556e+00
3.432043924584533556e+00
3.432994629752966542e+00
3.432994629752966542e+00
3.432994629752966542e+00
3.433945961828908544e+00
3.433945961828908544e+00
3.433945961828908544e+00
3.433945961828908544e+00
3.434897921639686658e+00
3.434897921639686658e+00
3.435850510014268444e+00
3.435850510014268444e+00
3.435850510014268444e+00
3.436803727783262818e+00
3.436803727783262818e+00
3.437757575778927155e+00
3.437757575778927155e+00
3.437757575778927155e+00
3.437757575778927155e+00
3.438712054835170839e+00
3.438712054835170839e+00
3.438712054835170839e+00
3.438712054835170839e+00
3.439667165787558822e+00
3.441579286731335507e+00
3.441579286731335507e+00
3.441579286731335507e+00
3.441579286731335507e+00
3.441579286731335507e+00
3.442536298402175898e+00
3.444452228352935741e+00
3.444452228352935741e+00
3.445411148322362838e+00
3.445411148322362838e+00
3.445411148322362838e+00
3.445411148322362838e+00
3.446370706083635493e+00
3.446370706083635493e+00
3.446370706083635493e+00
3.446370706083635493e+00
3.447330902485728377e+00
3.447330902485728377e+00
3.447330902485728377e+00
3.448291738379311688e+00
3.449253214616756935e+00
3.449253214616756935e+00
3.449253214616756935e+00
3.450215332052140482e+00
3.450215332052140482e+00
3.451178091541248882e+00
3.451178091541248882e+00
3.451178091541248882e+00
3.453105540112363148e+00
3.453105540112363148e+00
3.454070230914532580e+00
3.454070230914532580e+00
3.454070230914532580e+00
3.454070230914532580e+00
3.456001549865458600e+00
3.456001549865458600e+00
3.456968179744762448e+00
3.457935457716557526e+00
3.457935457716557526e+00
3.458903384650476198e+00
3.460841188891968567e+00
3.462781599461403736e+00
3.463752784311871835e+00
3.463752784311871835e+00
3.464724623379196622e+00
3.467644074711152324e+00
3.467644074711152324e+00
3.469593662900932074e+00
3.469593662900932074e+00
3.470569445853849189e+00
3.471545889235210680e+00
3.471545889235210680e+00
3.474479190904930181e+00
3.479381319443719978e+00
3.479381319443719978e+00
3.483315050690389825e+00
3.489235832082108857e+00
3.491214837935487481e+00
3.497168195933255674e+00
3.512159966176948700e+00
