5.202338474146239733e+00
5.205584133649893808e+00
5.231815675223074003e+00
5.238448767555520469e+00
5.251807150410539471e+00
5.251807150410539471e+00
5.258533013598853501e+00
5.265290379774161700e+00
5.268680968974935652e+00
5.268680968974935652e+00
5.268680968974935652e+00
5.268680968974935652e+00
5.275486146880050242e+00
5.275486146880050242e+00
5.282323576933603881e+00
5.282323576933603881e+00
5.282323576933603881e+00
5.285754482333877569e+00
5.285754482333877569e+00
5.289193566300648186e+00
5.296096426555336301e+00
5.296096426555336301e+00
5.299560281858908262e+00
5.299560281858908262e+00
5.299560281858908262e+00
5.303032473765712851e+00
5.303032473765712851e+00
5.306513042500674793e+00
5.306513042500674793e+00
5.306513042500674793e+00
5.306513042500674793e+00
5.306513042500674793e+00
5.306513042500674793e+00
5.310002028580554700e+00
5.310002028580554700e+00
5.310002028580554700e+00
5.310002028580554700e+00
5.313499472816781477e+00
5.317005416318316691e+00
5.317005416318316691e+00
5.320519900494553589e+00
5.320519900494553589e+00
5.320519900494553589e+00
5.320519900494553589e+00
5.320519900494553589e+00
5.320519900494553589e+00
5.324042967058250753e+00
5.324042967058250753e+00
5.324042967058250753e+00
5.324042967058250753e+00
5.324042967058250753e+00
5.324042967058250753e+00
5.327574658028504828e+00
5.327574658028504828e+00
5.327574658028504828e+00
5.331115015733752571e+00
5.331115015733752571e+00
5.331115015733752571e+00
5.331115015733752571e+00
5.331115015733752571e+00
5.331115015733752571e+00
5.331115015733752571e+00
5.334664082814823516e+00
5.334664082814823516e+00
5.334664082814823516e+00
5.334664082814823516e+00
5.334664082814823516e+00
5.338221902228013072e+00
5.341788517248205359e+00
5.341788517248205359e+00
5.341788517248205359e+00
5.341788517248205359e+00
5.341788517248205359e+00
5.341788517248205359e+00
5.345363971472032460e+00
5.345363971472032460e+00
5.345363971472032460e+00
5.348948308821071862e+00
5.348948308821071862e+00
5.348948308821071862e+00
5.348948308821071862e+00
5.348948308821071862e+00
5.352541573545079423e+00
5.352541573545079423e+00
5.352541573545079423e+00
5.352541573545079423e+00
5.352541573545079423e+00
5.352541573545079423e+00
5.352541573545079423e+00
5.352541573545079423e+00
5.356143810225275637e+00
5.356143810225275637e+00
5.356143810225275637e+00
5.356143810225275637e+00
5.356143810225275637e+00
5.356143810225275637e+00
5.356143810225275637e+00
5.356143810225275637e+00
5.359755063777654094e+00
5.359755063777654094e+00
5.359755063777654094e+00
5.359755063777654094e+00
5.359755063777654094e+00
5.359755063777654094e+00
5.359755063777654094e+00
5.359755063777654094e+00
5.359755063777654094e+00
5.359755063777654094e+00
5.363375379456351233e+00
5.363375379456351233e+00
5.363375379456351233e+00
5.363375379456351233e+00
5.363375379456351233e+00
5.363375379456351233e+00
5.363375379456351233e+00
5.363375379456351233e+00
5.367004802857041845e+00
5.367004802857041845e+00
5.367004802857041845e+00
5.367004802857041845e+00
5.367004802857041845e+00
5.367004802857041845e+00
5.370643379920390537e+00
5.370643379920390537e+00
5.370643379920390537e+00
5.370643379920390537e+00
5.370643379920390537e+00
5.370643379920390537e+00
5.370643379920390537e+00
5.370643379920390537e+00
5.370643379920390537e+00
5.370643379920390537e+00
5.370643379920390537e+00
5.370643379920390537e+00
5.370643379920390537e+00
5.374291156935534275e+00
5.374291156935534275e+00
5.374291156935534275e+00
5.374291156935534275e+00
5.374291156935534275e+00
5.374291156935534275e+00
5.374291156935534275e+00
5.374291156935534275e+00
5.377948180543623558e+00
5.377948180543623558e+00
5.377948180543623558e+00
5.377948180543623558e+00
5.377948180543623558e+00
5.377948180543623558e+00
5.377948180543623558e+00
5.377948180543623558e+00
5.377948180543623558e+00
5.381614497741393777e+00
5.381614497741393777e+00
5.381614497741393777e+00
5.381614497741393777e+00
5.381614497741393777e+00
5.381614497741393777e+00
5.381614497741393777e+00
5.381614497741393777e+00
5.385290155884791652e+00
5.385290155884791652e+00
5.385290155884791652e+00
5.385290155884791652e+00
5.385290155884791652e+00
5.385290155884791652e+00
5.385290155884791652e+00
5.385290155884791652e+00
5.388975202692647848e+00
5.388975202692647848e+00
5.388975202692647848e+00
5.388975202692647848e+00
5.388975202692647848e+00
5.388975202692647848e+00
5.388975202692647848e+00
5.388975202692647848e+00
5.388975202692647848e+00
5.388975202692647848e+00
5.388975202692647848e+00
5.388975202692647848e+00
5.392669686250389560e+00
5.392669686250389560e+00
5.392669686250389560e+00
5.392669686250389560e+00
5.392669686250389560e+00
5.392669686250389560e+00
5.392669686250389560e+00
5.392669686250389560e+00
5.392669686250389560e+00
5.392669686250389560e+00
5.392669686250389560e+00
5.396373655013808168e+00
5.396373655013808168e+00
5.396373655013808168e+00
5.396373655013808168e+00
5.396373655013808168e+00
5.396373655013808168e+00
5.396373655013808168e+00
5.400087157812872185e+00
5.400087157812872185e+00
5.400087157812872185e+00
5.400087157812872185e+00
5.400087157812872185e+00
5.400087157812872185e+00
5.400087157812872185e+00
5.400087157812872185e+00
5.400087157812872185e+00
5.400087157812872185e+00
5.400087157812872185e+00
5.403810243855589945e+00
5.403810243855589945e+00
5.403810243855589945e+00
5.403810243855589945e+00
5.403810243855589945e+00
5.403810243855589945e+00
5.403810243855589945e+00
5.403810243855589945e+00
5.403810243855589945e+00
5.403810243855589945e+00
5.403810243855589945e+00
5.407542962731919367e+00
5.407542962731919367e+00
5.407542962731919367e+00
5.407542962731919367e+00
5.407542962731919367e+00
5.407542962731919367e+00
5.407542962731919367e+00
5.407542962731919367e+00
5.407542962731919367e+00
5.407542962731919367e+00
5.407542962731919367e+00
5.407542962731919367e+00
5.411285364417736332e+00
5.411285364417736332e+00
5.411285364417736332e+00
5.411285364417736332e+00
5.411285364417736332e+00
5.411285364417736332e+00
5.411285364417736332e+00
5.411285364417736332e+00
5.411285364417736332e+00
5.411285364417736332e+00
5.415037499278843924e+00
5.415037499278843924e+00
5.415037499278843924e+00
5.415037499278843924e+00
5.415037499278843924e+00
5.415037499278843924e+00
5.415037499278843924e+00
5.418799418075042951e+00
5.418799418075042951e+00
5.418799418075042951e+00
5.418799418075042951e+00
5.418799418075042951e+00
5.418799418075042951e+00
5.418799418075042951e+00
5.418799418075042951e+00
5.418799418075042951e+00
5.418799418075042951e+00
5.418799418075042951e+00
5.418799418075042951e+00
5.418799418075042951e+00
5.422571171964251313e+00
5.422571171964251313e+00
5.422571171964251313e+00
5.422571171964251313e+00
5.422571171964251313e+00
5.422571171964251313e+00
5.422571171964251313e+00
5.426352812506678447e+00
5.426352812506678447e+00
5.426352812506678447e+00
5.426352812506678447e+00
5.426352812506678447e+00
5.426352812506678447e+00
5.426352812506678447e+00
5.426352812506678447e+00
5.426352812506678447e+00
5.430144391669052162e+00
5.430144391669052162e+00
5.430144391669052162e+00
5.430144391669052162e+00
5.430144391669052162e+00
5.430144391669052162e+00
5.430144391669052162e+00
5.433945961828908544e+00
5.433945961828908544e+00
5.433945961828908544e+00
5.433945961828908544e+00
5.433945961828908544e+00
5.433945961828908544e+00
5.433945961828908544e+00
5.433945961828908544e+00
5.433945961828908544e+00
5.433945961828908544e+00
5.433945961828908544e+00
5.437757575778927155e+00
5.437757575778927155e+00
5.437757575778927155e+00
5.437757575778927155e+00
5.437757575778927155e+00
5.437757575778927155e+00
5.437757575778927155e+00
5.441579286731335507e+00
5.441579286731335507e+00
5.441579286731335507e+00
5.441579286731335507e+00
5.441579286731335507e+00
5.441579286731335507e+00
5.441579286731335507e+00
5.441579286731335507e+00
5.441579286731335507e+00
5.441579286731335507e+00
5.441579286731335507e+00
5.441579286731335507e+00
5.445411148322362394e+00
5.445411148322362394e+00
5.445411148322362394e+00
5.445411148322362394e+00
5.445411148322362394e+00
5.445411148322362394e+00
5.445411148322362394e+00
5.445411148322362394e+00
5.445411148322362394e+00
5.445411148322362394e+00
5.445411148322362394e+00
5.449253214616756935e+00
5.449253214616756935e+00
5.449253214616756935e+00
5.449253214616756935e+00
5.449253214616756935e+00
5.449253214616756935e+00
5.453105540112363592e+00
5.453105540112363592e+00
5.453105540112363592e+00
5.453105540112363592e+00
5.453105540112363592e+00
5.453105540112363592e+00
5.453105540112363592e+00
5.453105540112363592e+00
5.453105540112363592e+00
5.453105540112363592e+00
5.453105540112363592e+00
5.453105540112363592e+00
5.453105540112363592e+00
5.456968179744762004e+00
5.456968179744762004e+00
5.456968179744762004e+00
5.456968179744762004e+00
5.456968179744762004e+00
5.456968179744762004e+00
5.456968179744762004e+00
5.460841188891969011e+00
5.460841188891969011e+00
5.460841188891969011e+00
5.460841188891969011e+00
5.460841188891969011e+00
5.460841188891969011e+00
5.460841188891969011e+00
5.460841188891969011e+00
5.460841188891969011e+00
5.460841188891969011e+00
5.460841188891969011e+00
5.464724623379196622e+00
5.464724623379196622e+00
5.464724623379196622e+00
5.464724623379196622e+00
5.464724623379196622e+00
5.464724623379196622e+00
5.464724623379196622e+00
5.464724623379196622e+00
5.464724623379196622e+00
5.464724623379196622e+00
5.464724623379196622e+00
5.464724623379196622e+00
5.468618539483688146e+00
5.468618539483688146e+00
5.468618539483688146e+00
5.468618539483688146e+00
5.468618539483688146e+00
5.468618539483688146e+00
5.468618539483688146e+00
5.468618539483688146e+00
5.472522993939604063e+00
5.472522993939604063e+00
5.472522993939604063e+00
5.472522993939604063e+00
5.472522993939604063e+00
5.476438043942986944e+00
5.476438043942986944e+00
5.476438043942986944e+00
5.476438043942986944e+00
5.476438043942986944e+00
5.476438043942986944e+00
5.476438043942986944e+00
5.476438043942986944e+00
5.480363747156786758e+00
5.480363747156786758e+00
5.480363747156786758e+00
5.480363747156786758e+00
5.480363747156786758e+00
5.480363747156786758e+00
5.480363747156786758e+00
5.484300161715957245e+00
5.484300161715957245e+00
5.484300161715957245e+00
5.484300161715957245e+00
5.484300161715957245e+00
5.484300161715957245e+00
5.484300161715957245e+00
5.484300161715957245e+00
5.484300161715957245e+00
5.484300161715957245e+00
5.484300161715957245e+00
5.484300161715957245e+00
5.488247346232620671e+00
5.488247346232620671e+00
5.488247346232620671e+00
5.488247346232620671e+00
5.488247346232620671e+00
5.492205359801303644e+00
5.492205359801303644e+00
5.492205359801303644e+00
5.492205359801303644e+00
5.492205359801303644e+00
5.492205359801303644e+00
5.492205359801303644e+00
5.496174262004249300e+00
5.496174262004249300e+00
5.496174262004249300e+00
5.496174262004249300e+00
5.496174262004249300e+00
5.500154112916794347e+00
5.500154112916794347e+00
5.500154112916794347e+00
5.504144973112828687e+00
5.504144973112828687e+00
5.504144973112828687e+00
5.504144973112828687e+00
5.504144973112828687e+00
5.504144973112828687e+00
5.504144973112828687e+00
5.508146903670325223e+00
5.508146903670325223e+00
5.508146903670325223e+00
5.508146903670325223e+00
5.508146903670325223e+00
5.508146903670325223e+00
5.508146903670325223e+00
5.512159966176948700e+00
5.512159966176948700e+00
5.512159966176948700e+00
5.512159966176948700e+00
5.512159966176948700e+00
5.512159966176948700e+00
5.516184222735743603e+00
5.516184222735743603e+00
5.516184222735743603e+00
5.516184222735743603e+00
5.516184222735743603e+00
5.516184222735743603e+00
5.516184222735743603e+00
5.520219735970900210e+00
5.520219735970900210e+00
5.520219735970900210e+00
5.520219735970900210e+00
5.524266569033602359e+00
5.524266569033602359e+00
5.524266569033602359e+00
5.524266569033602359e+00
5.524266569033602359e+00
5.528324785607955150e+00
5.528324785607955150e+00
5.528324785607955150e+00
5.528324785607955150e+00
5.528324785607955150e+00
5.528324785607955150e+00
5.532394449917002355e+00
5.532394449917002355e+00
5.536475626728819321e+00
5.540568381362702688e+00
5.540568381362702688e+00
5.544672779695439147e+00
5.544672779695439147e+00
5.548788888167671018e+00
5.548788888167671018e+00
5.548788888167671018e+00
5.552916773790347982e+00
5.557056504151272058e+00
5.561208147421739412e+00
5.565371772363275404e+00
5.569547448334468243e+00
5.573735245297902097e+00
5.577935233827187922e+00
5.582147485114101748e+00
5.582147485114101748e+00
5.582147485114101748e+00
5.582147485114101748e+00
5.586372070975827775e+00
5.586372070975827775e+00
5.616295707525948089e+00
5.651271845768922830e+00
