15.6013
17.6424
10.9714
16.4113
14.6719
13.2901
15.4843
16.2704
17.6381
11.7926
11.6105
9.66046
12.361
15.2518
11.4656
12.6162
16.7568
16.3188
11.5379
17.6781
13.6618
14.9825
16.3293
12.6071
14.2539
15.7556
15.5212
15.2277
12.4355
12.3496
11.5064
14.6163
12.9332
12.9114
16.9152
13.8276
14.7748
15.204
9.25844
16.2501
11.1664
16.3293
12.0128
8.52909
14.0004
17.6871
17.5612
15.686
14.0159
17.8401
13.6705
16.3364
15.7332
14.9481
17.2961
13.6381
13.8012
12.3792
13.7757
15.2552
13.7014
14.5238
13.6244
15.8114
14.9454
12.4855
13.5685
12.7614
14.837
16.6713
14.7192
14.9728
13.1578
17.0931
18.4075
12.6919
13.6397
14.2191
16.4823
16.4038
9.20034
16.7568
12.49
9.45365
13.6666
15.77
14.4235
16.3065
13.6361
15.9339
11.4124
11.5222
17.6871
12.7617
10.9825
11.9824
16.8226
14.5869
15.1943
14.556
17.5529
15.8941
14.4521
15.8759
16.9205
11.2906
16.7123
14.9039
16.0142
13.4967
14.8226
14.6309
15.3589
16.2351
14.2003
16.7568
11.8718
15.8164
15.4686
11.1983
13.686
14.5167
14.5607
13.3065
10.3982
14.226
15.9652
17.7616
14.2581
16.457
10.8622
14.6747
14.1628
16.2892
12.8091
14.3009
17.9285
12.8536
15.0227
13.5927
12.3071
14.7598
16.1189
16.2875
15.6185
11.9754
17.0085
16.6403
15.7077
14.2632
13.8938
17.1766
16.8102
13.601
11.1213
10.8236
17.0028
16.9312
17.1576
14.2174
17.6513
14.0274
17.5821
16.284
17.317
10.9897
11.9546
14.473
14.0113
15.8276
17.5991
13.7628
12.4771
12.0903
11.6968
17.1451
14.3316
14.2708
14.297
12.4297
14.5051
16.2384
11.8554
14.4459
16.5695
14.9625
12.5488
14.5051
13.5837
14.6646
12.9844
15.2434
15.1304
12.8439
14.4642
15.8837
13.6643
11.5608
17.6826
12.9316
17.1639
10.2568
14.4638
10.9677
10.5739
15.2695
16.7521
15.986
14.4922
15.1537
15.0678
17.2023
13.8598
14.3602
16.3153
14.3711
15.6657
12.2574
12.2952
10.5633
16.8528
13.5893
12.8224
17.5906
14.0601
11.1123
14.1254
13.8961
13.474
14.7634
17.5612
14.6348
16.9285
16.5324
14.1894
9.2795
14.5233
15.6736
14.357
11.1767
14.0711
17.0752
13.2922
16.7521
10.9878
16.9944
17.0782
14.0719
14.3927
9.30235
14.7262
16.7544
14.416
10.8794
16.1608
16.6513
16.9125
16.1991
15.3048
15.7285
14.6104
13.7132
13.5179
14.158
14.7664
17.2653
16.4378
12.0508
11.9136
13.903
13.7218
14.1541
11.2675
14.5488
15.5675
14.183
12.6894
9.67735
15.4541
16.4589
10.9842
17.3634
13.3775
15.4902
17.3135
13.1512
12.0691
15.0999
13.7721
15.3179
17.2653
13.7359
13.4354
14.4735
17.2285
11.0785
15.2211
14.0685
11.5722
15.2552
15.1926
17.0931
17.3927
16.6337
12.5752
16.7192
14.1219
17.3311
13.7315
10.7276
16.8707
10.6833
16.9972
11.3189
17.389
11.1098
16.0648
14.2326
11.8547
12.9958
13.7077
16.4608
16.3205
14.3881
13.7727
17.0931
11.2561
16.4113
16.4378
13.5182
11.3698
13.5483
16.0796
14.1486
14.5026
14.568
12.9225
14.4828
13.1967
16.1405
18.3706
16.1467
13.8164
11.7764
13.443
11.2036
15.8579
12.921
14.4531
14.3467
14.1983
15.5769
14.3711
12.2393
11.9101
12.8226
15.5664
11.0316
15.7111
12.6722
16.3579
13.9611
13.4125
17.5202
8.28708
18.2451
18.7521
17.0487
16.3853
13.8934
17.7712
11.5993
14.7192
15.6348
16.7712
15.3293
12.7905
12.8162
17.1483
11.788
13.7706
17.0604
13.0425
17.1926
13.7394
17.1576
17.6077
11.2455
15.0946
14.1854
17.1766
17.8151
17.4686
15.1097
18.3205
17.2653
17.0752
17.3382
17.0199
15.5436
13.7291
14.3706
15.3899
11.4967
16.942
13.4572
14.125
17.4038
17.5447
11.1424
17.0199
9.72579
13.9039
16.1592
11.9264
12.164
14.4325
9.40987
14.2858
14.0074
10.2228
16.3205
12.2979
16.2434
16.5344
16.1067
14.1158
14.5612
17.7192
13.5021
16.8837
17.1703
16.1846
14.1947
16.0014
13.8136
15.8276
15.5172
15.6077
8.6622
12.3086
17.4226
9.66791
14.0972
14.5628
13.8934
8.37679
16.367
18.1174
18.2518
12.902
16.0811
12.9705
14.5002
13.5054
14.4843
10.9592
13.0042
14.3091
13.073
13.024
14.077
15.4493
14.8534
12.3668
17.4038
13.5152
14.2464
11.1504
16.2996
14.1999
18.2721
15.2738
8.65484
14.643
14.9867
17.2285
16.4902
14.2678
13.8503
13.8207
14.3684
13.8579
13.4373
14.4657
17.1671
15.3445
16.2105
13.5914
12.2648
12.2726
13.7414
11.0413
16.9072
11.098
17.0693
15.9312
9.69686
9.64142
13.8338
13.5372
13.375
14.9563
11.2405
15.3789
14.5524
16.1219
11.9509
11.1906
10.0287
17.6381
15.8681
11.506
14.898
14.6326
16.625
14.423
14.5519
13.6767
12.3615
14.1022
16.8837
10.2112
13.605
14.5927
15.4103
12.571
17.2219
16.3761
12.5108
12.28
14.842
16.2501
13.8503
16.9888
16.1436
15.1319
13.0991
13.5465
13.0101
11.8952
13.4618
14.686
14.475
14.6185
16.4512
17.1735
16.2823
15.6769
16.3579
13.8442
14.3498
17.6781
11.2058
13.8266
12.2084
12.2086
14.424
16.2121
17.9944
14.3853
17.4608
17.1327
13.9478
11.1945
11.6117
16.2434
14.8245
15.0826
11.049
14.4873
17.1296
14.7169
13.4633
15.1135
16.5737
14.3688
14.2455
14.6809
10.4192
15.6131
14.6871
16.2236
15.6826
14.1951
13.8944
12.4217
17.2285
15.1576
15.7905
12.0595
15.2875
14.2219
15.7991
14.1412
14.7826
12.2966
17.1483
17.1991
13.6419
16.8151
14.2798
12.7275
15.0156
10.0841
15.6098
17.4038
11.8218
14.6018
15.4531
16.8681
14.5472
14.5617
10.9334
12.3959
16.2978
14.2815
10.9334
12.4223
14.1719
12.3013
13.8941
10.7309
16.3472
8.24085
14.6962
13.659
18.625
11.9889
16.7857
15.6023
16.7054
16.3276
14.3056
14.5329
10.2579
10.9567
17.457
14.357
16.8452
13.8528
12.5507
17.3964
16.0531
14.0092
15.1335
14.8534
14.4469
14.4818
12.9806
10.4145
13.2416
13.6736
13.9326
11.9724
16.8003
16.1113
15.7556
16.8811
14.2526
13.6109
10.9586
14.4764
17.0991
13.6922
17.0429
18.9447
15.5675
15.6152
15.9707
17.7616
9.64406
11.1861
11.3528
16.5283
17.1204
17.9666
14.8414
13.4969
15.6023
12.3311
15.3436
17.1991
14.3738
16.3616
15.0663
12.6396
17.4922
12.1738
18.9888
15.3779
17.8759
16.2252
13.5429
14.4057
17.0028
16.7403
16.7905
14.4249
17.3927
16.1022
13.8142
14.1616
14.2913
17.5906
12.9961
14.2351
9.60117
15.5467
15.1389
12.9137
15.183
13.4711
15.1243
15.4085
10.005
14.3091
16.5002
16.1113
11.626
11.6047
14.8503
15.4657
12.9856
17.4531
14.6359
16.9393
15.3899
14.073