3.983191712313446153e+00
4.002820519062378679e+00
4.012735987927461778e+00
4.018432718096985212e+00
4.019860422360842733e+00
4.021289540893643100e+00
4.022720076500083231e+00
4.022720076500083231e+00
4.024152031993215139e+00
4.027020213933709236e+00
4.028456446049228035e+00
4.028456446049228035e+00
4.028456446049228035e+00
4.029894109387819334e+00
4.032773741164006331e+00
4.032773741164006331e+00
4.034215715337913011e+00
4.038550305601804169e+00
4.039998067931919401e+00
4.044350092471626468e+00
4.045803689613125087e+00
4.047258752813512217e+00
4.047258752813512217e+00
4.048715285033027911e+00
4.050173289240889041e+00
4.050173289240889041e+00
4.053093725543602588e+00
4.053093725543602588e+00
4.053093725543602588e+00
4.054556163622088150e+00
4.054556163622088150e+00
4.056020085656261820e+00
4.056020085656261820e+00
4.056020085656261820e+00
4.057485494660760139e+00
4.058952393659419400e+00
4.058952393659419400e+00
4.058952393659419400e+00
4.061890673780760963e+00
4.061890673780760963e+00
4.064834950396305047e+00
4.064834950396305047e+00
4.064834950396305047e+00
4.066309345047765866e+00
4.066309345047765866e+00
4.067785248031614564e+00
4.067785248031614564e+00
4.070741591363026934e+00
4.070741591363026934e+00
4.070741591363026934e+00
4.073704005218888646e+00
4.075187496394218734e+00
4.076672514580807594e+00
4.076672514580807594e+00
4.079647144584918728e+00
4.081136762725405376e+00
4.081136762725405376e+00
4.081136762725405376e+00
4.081136762725405376e+00
4.082627920523158593e+00
4.085614867844557629e+00
4.087110663770038066e+00
4.087110663770038066e+00
4.087110663770038066e+00
4.087110663770038066e+00
4.088608012156540461e+00
4.090106916229958145e+00
4.090106916229958145e+00
4.090106916229958145e+00
4.091607379226249286e+00
4.091607379226249286e+00
4.091607379226249286e+00
4.091607379226249286e+00
4.091607379226249286e+00
4.094612994981869036e+00
4.094612994981869036e+00
4.096118154263820088e+00
4.096118154263820088e+00
4.096118154263820088e+00
4.096118154263820088e+00
4.097624885513974746e+00
4.097624885513974746e+00
4.097624885513974746e+00
4.100643077076888687e+00
4.100643077076888687e+00
4.102154543994488201e+00
4.102154543994488201e+00
4.103667596090057934e+00
4.103667596090057934e+00
4.105182236692056286e+00
4.106698469139436369e+00
4.106698469139436369e+00
4.106698469139436369e+00
4.108216296781689536e+00
4.108216296781689536e+00
4.109735722978890671e+00
4.109735722978890671e+00
4.111256751101740825e+00
4.111256751101740825e+00
4.111256751101740825e+00
4.111256751101740825e+00
4.111256751101740825e+00
4.114303626660604785e+00
4.114303626660604785e+00
4.114303626660604785e+00
4.114303626660604785e+00
4.117356950638158430e+00
4.117356950638158430e+00
4.118886039324903159e+00
4.121949087271462808e+00
4.121949087271462808e+00
4.123483053435000656e+00
4.125018652346225778e+00
4.125018652346225778e+00
4.125018652346225778e+00
4.125018652346225778e+00
4.126555887484623319e+00
4.126555887484623319e+00
4.126555887484623319e+00
4.126555887484623319e+00
4.128094762340813517e+00
4.128094762340813517e+00
4.129635280416595222e+00
4.129635280416595222e+00
4.129635280416595222e+00
4.129635280416595222e+00
4.131177445225000966e+00
4.131177445225000966e+00
4.131177445225000966e+00
4.131177445225000966e+00
4.132721260290337817e+00
4.132721260290337817e+00
4.132721260290337817e+00
4.132721260290337817e+00
4.134266729148241559e+00
4.134266729148241559e+00
4.135813855345720214e+00
4.135813855345720214e+00
4.137362642441206440e+00
4.137362642441206440e+00
4.138913094004606386e+00
4.138913094004606386e+00
4.140465213617346762e+00
4.140465213617346762e+00
4.140465213617346762e+00
4.140465213617346762e+00
4.140465213617346762e+00
4.142019004872428134e+00
4.142019004872428134e+00
4.143574471374469326e+00
4.143574471374469326e+00
4.143574471374469326e+00
4.143574471374469326e+00
4.143574471374469326e+00
4.143574471374469326e+00
4.143574471374469326e+00
4.143574471374469326e+00
4.143574471374469326e+00
4.145131616739763381e+00
4.145131616739763381e+00
4.146690444596325520e+00
4.146690444596325520e+00
4.146690444596325520e+00
4.148250958583942882e+00
4.148250958583942882e+00
4.148250958583942882e+00
4.148250958583942882e+00
4.148250958583942882e+00
4.148250958583942882e+00
4.148250958583942882e+00
4.148250958583942882e+00
4.148250958583942882e+00
4.149813162354226037e+00
4.149813162354226037e+00
4.149813162354226037e+00
4.149813162354226037e+00
4.149813162354226037e+00
4.149813162354226037e+00
4.151377059570662276e+00
4.151377059570662276e+00
4.152942653908664461e+00
4.152942653908664461e+00
4.152942653908664461e+00
4.152942653908664461e+00
4.154509949055625206e+00
4.154509949055625206e+00
4.154509949055625206e+00
4.154509949055625206e+00
4.154509949055625206e+00
4.154509949055625206e+00
4.156078948710965726e+00
4.156078948710965726e+00
4.156078948710965726e+00
4.156078948710965726e+00
4.156078948710965726e+00
4.157649656586191789e+00
4.157649656586191789e+00
4.157649656586191789e+00
4.157649656586191789e+00
4.157649656586191789e+00
4.157649656586191789e+00
4.157649656586191789e+00
4.159222076404945234e+00
4.159222076404945234e+00
4.159222076404945234e+00
4.159222076404945234e+00
4.160796211903056374e+00
4.162372066828595507e+00
4.162372066828595507e+00
4.162372066828595507e+00
4.165528950015778165e+00
4.165528950015778165e+00
4.167109985835258712e+00
4.167109985835258712e+00
4.167109985835258712e+00
4.167109985835258712e+00
4.167109985835258712e+00
4.168692756197949656e+00
4.168692756197949656e+00
4.168692756197949656e+00
4.168692756197949656e+00
4.171863515805893208e+00
4.171863515805893208e+00
4.173451512709084987e+00
4.173451512709084987e+00
4.173451512709084987e+00
4.175041259471477417e+00
4.175041259471477417e+00
4.175041259471477417e+00
4.175041259471477417e+00
4.176632759953765373e+00
4.176632759953765373e+00
4.176632759953765373e+00
4.176632759953765373e+00
4.179821037584812160e+00
4.179821037584812160e+00
4.181417822519141403e+00
4.181417822519141403e+00
4.181417822519141403e+00
4.183016376744618903e+00
4.183016376744618903e+00
4.184616704186461256e+00
4.184616704186461256e+00
4.184616704186461256e+00
4.184616704186461256e+00
4.184616704186461256e+00
4.184616704186461256e+00
4.186218808782962597e+00
4.186218808782962597e+00
4.187822694485552333e+00
4.187822694485552333e+00
4.189428365258852871e+00
4.189428365258852871e+00
4.189428365258852871e+00
4.189428365258852871e+00
4.191035825080739130e+00
4.191035825080739130e+00
4.192645077942396270e+00
4.192645077942396270e+00
4.192645077942396270e+00
4.192645077942396270e+00
4.192645077942396270e+00
4.194256127848380977e+00
4.194256127848380977e+00
4.194256127848380977e+00
4.195868978816681860e+00
4.195868978816681860e+00
4.197483634878777181e+00
4.197483634878777181e+00
4.197483634878777181e+00
4.200718378478078385e+00
4.200718378478078385e+00
4.200718378478078385e+00
4.200718378478078385e+00
4.202338474146239733e+00
4.203960391170229904e+00
4.203960391170229904e+00
4.203960391170229904e+00
4.203960391170229904e+00
4.203960391170229904e+00
4.203960391170229904e+00
4.203960391170229904e+00
4.205584133649893808e+00
4.205584133649893808e+00
4.205584133649893808e+00
4.205584133649893808e+00
4.207209705698936375e+00
4.207209705698936375e+00
4.207209705698936375e+00
4.208837111444982071e+00
4.208837111444982071e+00
4.210466355029640617e+00
4.212097440608568277e+00
4.212097440608568277e+00
4.212097440608568277e+00
4.213730372351534470e+00
4.213730372351534470e+00
4.213730372351534470e+00
4.213730372351534470e+00
4.213730372351534470e+00
4.213730372351534470e+00
4.213730372351534470e+00
4.213730372351534470e+00
4.215365154442479501e+00
4.217001791079586503e+00
4.217001791079586503e+00
4.217001791079586503e+00
4.217001791079586503e+00
4.217001791079586503e+00
4.218640286475340062e+00
4.218640286475340062e+00
4.218640286475340062e+00
4.220280644856595487e+00
4.221922870464641875e+00
4.221922870464641875e+00
4.221922870464641875e+00
4.223566967555266949e+00
4.223566967555266949e+00
4.225212940398826333e+00
4.225212940398826333e+00
4.225212940398826333e+00
4.225212940398826333e+00
4.226860793280309281e+00
4.226860793280309281e+00
4.228510530499401732e+00
4.230162156370560034e+00
4.230162156370560034e+00
4.230162156370560034e+00
4.230162156370560034e+00
4.230162156370560034e+00
4.230162156370560034e+00
4.231815675223074003e+00
4.231815675223074003e+00
4.231815675223074003e+00
4.231815675223074003e+00
4.233471091401135311e+00
4.233471091401135311e+00
4.233471091401135311e+00
4.233471091401135311e+00
4.233471091401135311e+00
4.235128409263909433e+00
4.235128409263909433e+00
4.235128409263909433e+00
4.235128409263909433e+00
4.235128409263909433e+00
4.238448767555520469e+00
4.238448767555520469e+00
4.238448767555520469e+00
4.238448767555520469e+00
4.238448767555520469e+00
4.240111816778164844e+00
4.240111816778164844e+00
4.240111816778164844e+00
4.240111816778164844e+00
4.241776785273275507e+00
4.241776785273275507e+00
4.241776785273275507e+00
4.245112497836531773e+00
4.245112497836531773e+00
4.245112497836531773e+00
4.246783250821044575e+00
4.246783250821044575e+00
4.248455940910901951e+00
4.248455940910901951e+00
4.248455940910901951e+00
4.248455940910901951e+00
4.250130572603156409e+00
4.251807150410539471e+00
4.255166162500453986e+00
4.256848605887499915e+00
4.256848605887499915e+00
4.260219390226740011e+00
4.260219390226740011e+00
4.261907740379509590e+00
4.261907740379509590e+00
4.261907740379509590e+00
4.263598068681710096e+00
4.265290379774161700e+00
4.265290379774161700e+00
4.266984678314037716e+00
4.266984678314037716e+00
4.268680968974935652e+00
4.270379256446961591e+00
4.270379256446961591e+00
4.270379256446961591e+00
4.270379256446961591e+00
4.272079545436801240e+00
4.272079545436801240e+00
4.272079545436801240e+00
4.273781840667801646e+00
4.277192468830453009e+00
4.277192468830453009e+00
4.277192468830453009e+00
4.278900811292814410e+00
4.280611179057917326e+00
4.280611179057917326e+00
4.282323576933603881e+00
4.282323576933603881e+00
4.284038009744855380e+00
4.285754482333877569e+00
4.285754482333877569e+00
4.287472999560177023e+00
4.287472999560177023e+00
4.289193566300648186e+00
4.289193566300648186e+00
4.289193566300648186e+00
4.290916187449655972e+00
4.290916187449655972e+00
4.290916187449655972e+00
4.290916187449655972e+00
4.290916187449655972e+00
4.292640867919117476e+00
4.292640867919117476e+00
4.292640867919117476e+00
4.294367612638585463e+00
4.294367612638585463e+00
4.297827314634452556e+00
4.297827314634452556e+00
4.299560281858908262e+00
4.301295333229655071e+00
4.303032473765712851e+00
4.303032473765712851e+00
4.304771708504249617e+00
4.306513042500674793e+00
4.308256480828725365e+00
4.308256480828725365e+00
4.310002028580554700e+00
4.310002028580554700e+00
4.310002028580554700e+00
4.311749690866822249e+00
4.313499472816781477e+00
4.313499472816781477e+00
4.315251379578374014e+00
4.315251379578374014e+00
4.315251379578374014e+00
4.317005416318316691e+00
4.317005416318316691e+00
4.318761588222194803e+00
4.320519900494553589e+00
4.320519900494553589e+00
4.322280358358991492e+00
4.322280358358991492e+00
4.324042967058250753e+00
4.324042967058250753e+00
4.327574658028504828e+00
4.327574658028504828e+00
4.327574658028504828e+00
4.327574658028504828e+00
4.331115015733752571e+00
4.331115015733752571e+00
4.332888457924972236e+00
4.332888457924972236e+00
4.334664082814823516e+00
4.334664082814823516e+00
4.334664082814823516e+00
4.334664082814823516e+00
4.340004107570022640e+00
4.341788517248205359e+00
4.347155026998020588e+00
4.348948308821071862e+00
4.352541573545079423e+00
4.352541573545079423e+00
4.356143810225275637e+00
4.356143810225275637e+00
4.356143810225275637e+00
4.357948307072023297e+00
4.363375379456351233e+00
4.363375379456351233e+00
4.365188949828282539e+00
4.367004802857041845e+00
4.368822944296021582e+00
4.368822944296021582e+00
4.368822944296021582e+00
4.376118509986541838e+00
4.379780174492513112e+00
4.385290155884791652e+00
4.387131502708959019e+00
4.390821261858020463e+00
4.394520481938331002e+00
4.398229211592290078e+00
4.403810243855589945e+00
4.411285364417736332e+00
4.411285364417736332e+00
4.416917232497066692e+00
4.418799418075042951e+00
4.424460753165469384e+00
4.428247356496454401e+00
4.439667165787558822e+00
4.443493945328071959e+00
4.445411148322362394e+00
4.445411148322362394e+00
4.456968179744762004e+00
4.458903384650476198e+00
4.462781599461403736e+00
4.466670267694166085e+00
4.474479190904930626e+00
4.478399560276272950e+00
4.506144550759177747e+00
5.835093073324312485e+00
5.835093073324312485e+00
5.835093073324312485e+00
5.840128663221610950e+00
5.865573679779074290e+00
5.896712191587978324e+00
5.907242859080147568e+00
5.917850958646128312e+00
5.923184402949169147e+00
5.955605880641546612e+00
5.955605880641546612e+00
5.972094003430115094e+00
5.972094003430115094e+00
5.977632186971545636e+00
5.977632186971545636e+00
5.977632186971545636e+00
5.983191712313446153e+00
5.983191712313446153e+00
5.994375450806121997e+00
5.994375450806121997e+00
6.005646563141142202e+00
6.028456446049228035e+00
6.045803689613125087e+00
6.063362060997429026e+00
6.069262662437113320e+00
6.075187496394218734e+00
6.105182236692056286e+00
6.117356950638158430e+00
6.173451512709084987e+00
6.218640286475340062e+00
6.225212940398826333e+00
6.265290379774161700e+00
6.272079545436801240e+00
6.278900811292814410e+00
6.292640867919117476e+00
6.299560281858908262e+00
6.320519900494553589e+00
6.320519900494553589e+00
6.320519900494553589e+00
6.320519900494553589e+00
6.320519900494553589e+00
6.320519900494553589e+00
6.327574658028504828e+00
6.327574658028504828e+00
6.327574658028504828e+00
6.334664082814823516e+00
6.334664082814823516e+00
6.334664082814823516e+00
6.341788517248205359e+00
6.341788517248205359e+00
6.341788517248205359e+00
6.348948308821071862e+00
6.356143810225275637e+00
6.356143810225275637e+00
6.363375379456351233e+00
6.363375379456351233e+00
6.363375379456351233e+00
6.363375379456351233e+00
6.370643379920390537e+00
6.377948180543623558e+00
6.377948180543623558e+00
6.385290155884791652e+00
6.385290155884791652e+00
6.385290155884791652e+00
6.385290155884791652e+00
6.385290155884791652e+00
6.385290155884791652e+00
6.392669686250389560e+00
6.392669686250389560e+00
6.392669686250389560e+00
6.400087157812872185e+00
6.400087157812872185e+00
6.400087157812872185e+00
6.400087157812872185e+00
6.400087157812872185e+00
6.400087157812872185e+00
6.407542962731919367e+00
6.407542962731919367e+00
6.407542962731919367e+00
6.415037499278843924e+00
6.415037499278843924e+00
6.415037499278843924e+00
6.422571171964251313e+00
6.422571171964251313e+00
6.422571171964251313e+00
6.422571171964251313e+00
6.430144391669052162e+00
6.430144391669052162e+00
6.430144391669052162e+00
6.437757575778927155e+00
6.437757575778927155e+00
6.437757575778927155e+00
6.445411148322362394e+00
6.445411148322362394e+00
6.445411148322362394e+00
6.445411148322362394e+00
6.453105540112363592e+00
6.453105540112363592e+00
6.460841188891969011e+00
6.460841188891969011e+00
6.460841188891969011e+00
6.468618539483688146e+00
6.468618539483688146e+00
6.476438043942986944e+00
6.476438043942986944e+00
6.476438043942986944e+00
6.484300161715957245e+00
6.484300161715957245e+00
6.492205359801303644e+00
6.492205359801303644e+00
6.492205359801303644e+00
6.500154112916794347e+00
6.500154112916794347e+00
6.500154112916794347e+00
6.500154112916794347e+00
6.508146903670325223e+00
6.508146903670325223e+00
6.516184222735743603e+00
6.516184222735743603e+00
6.516184222735743603e+00
6.524266569033602359e+00
6.532394449917002355e+00
6.532394449917002355e+00
6.532394449917002355e+00
6.540568381362702688e+00
6.548788888167671018e+00
6.548788888167671018e+00
6.548788888167671018e+00
6.557056504151272058e+00
6.557056504151272058e+00
6.565371772363275404e+00
6.573735245297902097e+00
6.573735245297902097e+00
6.573735245297902097e+00
6.582147485114101748e+00
6.607682577221239306e+00
6.607682577221239306e+00
6.616295707525948089e+00
6.660149997115375697e+00
6.669083121885383214e+00
6.678071905112637374e+00
6.678071905112637374e+00
6.705379251108372962e+00
6.714597781137751298e+00
6.742612157307347864e+00
6.752072486556414788e+00
6.752072486556414788e+00
6.761595260674921448e+00
6.790546634371049883e+00
6.790546634371049883e+00
6.790546634371049883e+00
6.810175441119982409e+00
6.810175441119982409e+00
6.810175441119982409e+00
6.830074998557687849e+00
6.830074998557687849e+00
6.830074998557687849e+00
6.830074998557687849e+00
6.830074998557687849e+00
6.840128663221610950e+00
6.850252880495317775e+00
6.850252880495317775e+00
6.850252880495317775e+00
6.850252880495317775e+00
6.850252880495317775e+00
6.860448647601206318e+00
6.860448647601206318e+00
6.860448647601206318e+00
6.860448647601206318e+00
6.860448647601206318e+00
6.860448647601206318e+00
6.860448647601206318e+00
6.870716983055033644e+00
6.870716983055033644e+00
6.870716983055033644e+00
6.881058927276492376e+00
6.881058927276492376e+00
6.881058927276492376e+00
6.881058927276492376e+00
6.881058927276492376e+00
6.881058927276492376e+00
6.891475543221830868e+00
6.891475543221830868e+00
6.891475543221830868e+00
6.891475543221830868e+00
6.901967917039473654e+00
6.901967917039473654e+00
6.901967917039473654e+00
6.912537158749660904e+00
6.912537158749660904e+00
6.912537158749660904e+00
6.923184402949169147e+00
6.923184402949169147e+00
6.923184402949169147e+00
6.923184402949169147e+00
6.923184402949169147e+00
6.923184402949169147e+00
6.923184402949169147e+00
6.923184402949169147e+00
6.923184402949169147e+00
6.923184402949169147e+00
6.933910809542227938e+00
6.933910809542227938e+00
6.933910809542227938e+00
6.933910809542227938e+00
6.933910809542227938e+00
6.933910809542227938e+00
6.933910809542227938e+00
6.933910809542227938e+00
6.944717564498810169e+00
6.944717564498810169e+00
6.944717564498810169e+00
6.944717564498810169e+00
6.944717564498810169e+00
6.944717564498810169e+00
6.944717564498810169e+00
6.944717564498810169e+00
6.944717564498810169e+00
6.944717564498810169e+00
6.944717564498810169e+00
6.944717564498810169e+00
6.944717564498810169e+00
6.955605880641546612e+00
6.955605880641546612e+00
6.955605880641546612e+00
6.955605880641546612e+00
6.955605880641546612e+00
6.955605880641546612e+00
6.966576998462549852e+00
6.966576998462549852e+00
6.966576998462549852e+00
6.966576998462549852e+00
6.966576998462549852e+00
6.966576998462549852e+00
6.966576998462549852e+00
6.966576998462549852e+00
6.966576998462549852e+00
6.966576998462549852e+00
6.966576998462549852e+00
6.977632186971545636e+00
6.977632186971545636e+00
6.977632186971545636e+00
6.977632186971545636e+00
6.977632186971545636e+00
6.977632186971545636e+00
6.977632186971545636e+00
6.977632186971545636e+00
6.977632186971545636e+00
6.988772744576746021e+00
6.988772744576746021e+00
6.988772744576746021e+00
6.988772744576746021e+00
6.988772744576746021e+00
6.988772744576746021e+00
6.988772744576746021e+00
6.988772744576746021e+00
6.988772744576746021e+00
6.988772744576746021e+00
7.000000000000000000e+00
7.000000000000000000e+00
7.000000000000000000e+00
7.000000000000000000e+00
7.000000000000000000e+00
7.000000000000000000e+00
7.000000000000000000e+00
7.000000000000000000e+00
7.000000000000000000e+00
7.000000000000000000e+00
7.000000000000000000e+00
7.000000000000000000e+00
7.000000000000000000e+00
7.011315313227834523e+00
7.011315313227834523e+00
7.011315313227834523e+00
7.011315313227834523e+00
7.022720076500083231e+00
7.022720076500083231e+00
7.022720076500083231e+00
7.022720076500083231e+00
7.022720076500083231e+00
7.022720076500083231e+00
7.022720076500083231e+00
7.034215715337913011e+00
7.034215715337913011e+00
7.034215715337913011e+00
7.034215715337913011e+00
7.034215715337913011e+00
7.034215715337913011e+00
7.034215715337913011e+00
7.034215715337913011e+00
7.034215715337913011e+00
7.045803689613125087e+00
7.045803689613125087e+00
7.045803689613125087e+00
7.045803689613125087e+00
7.057485494660760139e+00
7.057485494660760139e+00
7.057485494660760139e+00
7.057485494660760139e+00
7.057485494660760139e+00
7.057485494660760139e+00
7.069262662437113320e+00
7.069262662437113320e+00
7.081136762725405376e+00
7.081136762725405376e+00
7.081136762725405376e+00
7.081136762725405376e+00
7.081136762725405376e+00
7.081136762725405376e+00
7.093109404391481299e+00
7.093109404391481299e+00
7.093109404391481299e+00
7.093109404391481299e+00
7.093109404391481299e+00
7.093109404391481299e+00
7.105182236692056286e+00
7.105182236692056286e+00
7.105182236692056286e+00
7.105182236692056286e+00
7.105182236692056286e+00
7.105182236692056286e+00
7.117356950638158430e+00
7.117356950638158430e+00
7.117356950638158430e+00
7.117356950638158430e+00
7.117356950638158430e+00
7.117356950638158430e+00
7.129635280416595222e+00
7.129635280416595222e+00
7.129635280416595222e+00
7.129635280416595222e+00
7.129635280416595222e+00
7.142019004872428134e+00
7.142019004872428134e+00
7.142019004872428134e+00
7.154509949055625206e+00
7.154509949055625206e+00
7.167109985835258712e+00
7.167109985835258712e+00
7.179821037584812160e+00
7.179821037584812160e+00
7.192645077942396270e+00
7.192645077942396270e+00
7.192645077942396270e+00
7.192645077942396270e+00
7.192645077942396270e+00
7.205584133649893808e+00
7.205584133649893808e+00
7.218640286475340062e+00
7.231815675223074003e+00
7.245112497836531773e+00
7.245112497836531773e+00
7.258533013598853501e+00
7.272079545436801240e+00
7.272079545436801240e+00
7.272079545436801240e+00
7.272079545436801240e+00
7.299560281858908262e+00
7.327574658028504828e+00
7.607682577221239306e+00
7.624960568653075477e+00
7.624960568653075477e+00
7.642447995381916215e+00
7.642447995381916215e+00
7.660149997115375697e+00
7.660149997115375697e+00
7.678071905112637374e+00
7.678071905112637374e+00
7.696219251822896901e+00
7.696219251822896901e+00
7.696219251822896901e+00
7.714597781137751298e+00
7.733213459305098958e+00
7.733213459305098958e+00
7.733213459305098958e+00
7.733213459305098958e+00
7.752072486556414788e+00
7.752072486556414788e+00
7.752072486556414788e+00
7.752072486556414788e+00
7.771181309504119561e+00
7.771181309504119561e+00
7.790546634371049883e+00
7.790546634371049883e+00
7.810175441119982409e+00
7.810175441119982409e+00
7.810175441119982409e+00
7.830074998557687849e+00
7.830074998557687849e+00
7.830074998557687849e+00
7.830074998557687849e+00
7.830074998557687849e+00
7.830074998557687849e+00
7.850252880495317775e+00
7.850252880495317775e+00
7.850252880495317775e+00
7.850252880495317775e+00
7.850252880495317775e+00
7.850252880495317775e+00
7.850252880495317775e+00
7.850252880495317775e+00
7.850252880495317775e+00
7.870716983055033644e+00
7.870716983055033644e+00
7.870716983055033644e+00
7.870716983055033644e+00
7.870716983055033644e+00
7.870716983055033644e+00
7.870716983055033644e+00
7.870716983055033644e+00
7.870716983055033644e+00
7.870716983055033644e+00
7.891475543221830868e+00
7.891475543221830868e+00
7.891475543221830868e+00
7.891475543221830868e+00
7.891475543221830868e+00
7.891475543221830868e+00
7.891475543221830868e+00
7.891475543221830868e+00
7.891475543221830868e+00
7.912537158749660904e+00
7.912537158749660904e+00
7.912537158749660904e+00
7.912537158749660904e+00
7.933910809542227938e+00
7.933910809542227938e+00
7.933910809542227938e+00
7.933910809542227938e+00
7.933910809542227938e+00
7.933910809542227938e+00
7.933910809542227938e+00
7.955605880641546612e+00
7.955605880641546612e+00
7.955605880641546612e+00
7.955605880641546612e+00
7.955605880641546612e+00
7.955605880641546612e+00
7.955605880641546612e+00
7.977632186971545636e+00
7.977632186971545636e+00
7.977632186971545636e+00
7.977632186971545636e+00
7.977632186971545636e+00
7.977632186971545636e+00
7.977632186971545636e+00
7.977632186971545636e+00
7.977632186971545636e+00
7.977632186971545636e+00
8.000000000000000000e+00
8.000000000000000000e+00
8.000000000000000000e+00
8.000000000000000000e+00
8.000000000000000000e+00
8.000000000000000000e+00
8.000000000000000000e+00
8.022720076500084119e+00
8.022720076500084119e+00
8.022720076500084119e+00
8.022720076500084119e+00
8.022720076500084119e+00
8.022720076500084119e+00
8.022720076500084119e+00
8.045803689613125087e+00
8.045803689613125087e+00
8.045803689613125087e+00
8.045803689613125087e+00
8.045803689613125087e+00
8.045803689613125087e+00
8.045803689613125087e+00
8.045803689613125087e+00
8.069262662437113320e+00
8.069262662437113320e+00
8.069262662437113320e+00
8.069262662437113320e+00
8.069262662437113320e+00
8.069262662437113320e+00
8.069262662437113320e+00
8.069262662437113320e+00
8.069262662437113320e+00
8.069262662437113320e+00
8.093109404391482187e+00
8.093109404391482187e+00
8.093109404391482187e+00
8.093109404391482187e+00
8.117356950638159319e+00
8.117356950638159319e+00
8.117356950638159319e+00
8.117356950638159319e+00
8.142019004872427246e+00
8.142019004872427246e+00
8.167109985835258712e+00
8.167109985835258712e+00
8.167109985835258712e+00
8.167109985835258712e+00
8.167109985835258712e+00
8.167109985835258712e+00
8.192645077942396270e+00
8.192645077942396270e+00
8.192645077942396270e+00
8.192645077942396270e+00
8.192645077942396270e+00
8.192645077942396270e+00
8.218640286475340062e+00
8.218640286475340062e+00
8.245112497836531773e+00
8.245112497836531773e+00
8.245112497836531773e+00
8.245112497836531773e+00
8.245112497836531773e+00
8.272079545436801240e+00
8.272079545436801240e+00
8.272079545436801240e+00
8.299560281858907373e+00
8.299560281858907373e+00
8.299560281858907373e+00
8.299560281858907373e+00
8.327574658028504828e+00
8.327574658028504828e+00
8.327574658028504828e+00
8.327574658028504828e+00
8.356143810225274748e+00
8.356143810225274748e+00
8.415037499278843924e+00
8.445411148322362394e+00
8.573735245297902097e+00
