1.952535226681579639e+00
1.957998693720866434e+00
1.960052839830906057e+00
1.963139553326954001e+00
1.966232885153610166e+00
1.969677717355964974e+00
1.969677717355964974e+00
1.970367671955862487e+00
1.971748571837207198e+00
1.972439517751223059e+00
1.974168331667974119e+00
1.975552875959353250e+00
1.975552875959353250e+00
1.975899219747089930e+00
1.976245646700582892e+00
1.976592156859781735e+00
1.977979030353643752e+00
1.978325957141630065e+00
1.979367238342293112e+00
1.979714499155352359e+00
1.980061843575204872e+00
1.980061843575204872e+00
1.981799821186774224e+00
1.981799821186774224e+00
1.982147668094038417e+00
1.984236512630121574e+00
1.984584947613312389e+00
1.984933466769709387e+00
1.984933466769709387e+00
1.984933466769709387e+00
1.985282070139990473e+00
1.985630757764863530e+00
1.988772744576745799e+00
1.988772744576745799e+00
1.988772744576745799e+00
1.989122276992965288e+00
1.989122276992965288e+00
1.991221251719500485e+00
1.991921589131743220e+00
1.992271885367745909e+00
1.992972733106031402e+00
1.992972733106031402e+00
1.993323284691012054e+00
1.993323284691012054e+00
1.994726343436062477e+00
1.994726343436062477e+00
1.994726343436062477e+00
1.994726343436062477e+00
1.994726343436062477e+00
1.994726343436062477e+00
1.995428384832343749e+00
1.996130768020944357e+00
1.996130768020944357e+00
1.996833493334832843e+00
1.997184984392945895e+00
1.997536561107464914e+00
1.997888223520148054e+00
1.998239971672783888e+00
1.998591805607191629e+00
1.998943725365221358e+00
1.999295730988753350e+00
1.999647822519698970e+00
2.000352263471628866e+00
2.000704612976589303e+00
2.000704612976589303e+00
2.001409570254671255e+00
2.002467652473634452e+00
2.002467652473634452e+00
2.002820519062378679e+00
2.003173471979341258e+00
2.003173471979341258e+00
2.003526511266772836e+00
2.004232849122198346e+00
2.004586147774849003e+00
2.004939532967280780e+00
2.005646563141142202e+00
2.005646563141142202e+00
2.006000208207476820e+00
2.006353939983403389e+00
2.006707758511452333e+00
2.006707758511452333e+00
2.007061663834186049e+00
2.007061663834186049e+00
2.007415655994197579e+00
2.007415655994197579e+00
2.007415655994197579e+00
2.007769735034111935e+00
2.008478153924304621e+00
2.008478153924304621e+00
2.008832493859989743e+00
2.009186920846390834e+00
2.009541434926289671e+00
2.010605500155267400e+00
2.010605500155267400e+00
2.010960363037610055e+00
2.010960363037610055e+00
2.010960363037610055e+00
2.011315313227834078e+00
2.011670350768912208e+00
2.011670350768912208e+00
2.012025475703846933e+00
2.012025475703846933e+00
2.013091375302306751e+00
2.013802412793727292e+00
2.014513800895364692e+00
2.015581541198861792e+00
2.015581541198861792e+00
2.016293807340650446e+00
2.016650072323542542e+00
2.016650072323542542e+00
2.017719395441717189e+00
2.017719395441717189e+00
2.017719395441717189e+00
2.020932128519489890e+00
2.021647041834857106e+00
2.022362309594123886e+00
2.023793909851401285e+00
2.025226932110658407e+00
2.025585410194473024e+00
2.027738151266708311e+00
2.028815727595323359e+00
2.030973297849229198e+00
2.032053294187292192e+00
2.032773741164006331e+00
2.033855086654398292e+00
2.035659132207581656e+00
2.038550305601804169e+00
2.038912110002669476e+00
2.039274005160942149e+00
2.039635991122165759e+00
2.045076707969679664e+00
2.925189538839545911e+00
2.929208190576939153e+00
2.931893524141226948e+00
2.933238067613092248e+00
2.933910809542227494e+00
2.939979645492147409e+00
2.942008277240824032e+00
2.942008277240824032e+00
2.945395682039327667e+00
2.946752874087573471e+00
2.947431949195846279e+00
2.951513126007663690e+00
2.952194445992410543e+00
2.952876087885974332e+00
2.954240338617316830e+00
2.954240338617316830e+00
2.954240338617316830e+00
2.954240338617316830e+00
2.954922948065059618e+00
2.956289136652844096e+00
2.956972716405452672e+00
2.956972716405452672e+00
2.957656620206308595e+00
2.957656620206308595e+00
2.958340848362785547e+00
2.959710278974283071e+00
2.959710278974283071e+00
2.959710278974283071e+00
2.960395482046241700e+00
2.961081010707697470e+00
2.961766865268220528e+00
2.962453046037821558e+00
2.962453046037821558e+00
2.963826387446514943e+00
2.963826387446514943e+00
2.963826387446514943e+00
2.964513548707845558e+00
2.965201037422732444e+00
2.965201037422732444e+00
2.965888853903407618e+00
2.967265471413286004e+00
2.967265471413286004e+00
2.967954273069191462e+00
2.967954273069191462e+00
2.968643403744291032e+00
2.968643403744291032e+00
2.968643403744291032e+00
2.968643403744291032e+00
2.969332863753058493e+00
2.970022653410420599e+00
2.970022653410420599e+00
2.970712773031754850e+00
2.971403222932891719e+00
2.971403222932891719e+00
2.972094003430115539e+00
2.972094003430115539e+00
2.972094003430115539e+00
2.972094003430115539e+00
2.972785114840164944e+00
2.972785114840164944e+00
2.974168331667974119e+00
2.974168331667974119e+00
2.974860437721491557e+00
2.974860437721491557e+00
2.975552875959353027e+00
2.975552875959353027e+00
2.976245646700582892e+00
2.976245646700582892e+00
2.976938750264665146e+00
2.976938750264665146e+00
2.976938750264665146e+00
2.976938750264665146e+00
2.978325957141630287e+00
2.978325957141630287e+00
2.979020061095788208e+00
2.979020061095788208e+00
2.979714499155352136e+00
2.979714499155352136e+00
2.980409271642119329e+00
2.980409271642119329e+00
2.980409271642119329e+00
2.981104378878350669e+00
2.981104378878350669e+00
2.981104378878350669e+00
2.981104378878350669e+00
2.981104378878350669e+00
2.981799821186774224e+00
2.981799821186774224e+00
2.981799821186774224e+00
2.982495598890585242e+00
2.982495598890585242e+00
2.982495598890585242e+00
2.982495598890585242e+00
2.982495598890585242e+00
2.982495598890585242e+00
2.983191712313446153e+00
2.983191712313446153e+00
2.983191712313446153e+00
2.984584947613312611e+00
2.984584947613312611e+00
2.984584947613312611e+00
2.984584947613312611e+00
2.984584947613312611e+00
2.985282070139990473e+00
2.985282070139990473e+00
2.985979529685065526e+00
2.985979529685065526e+00
2.985979529685065526e+00
2.985979529685065526e+00
2.986677326574552538e+00
2.986677326574552538e+00
2.986677326574552538e+00
2.987375461134940569e+00
2.987375461134940569e+00
2.987375461134940569e+00
2.988073933693192075e+00
2.988073933693192075e+00
2.988073933693192075e+00
2.988073933693192075e+00
2.988073933693192075e+00
2.988772744576746021e+00
2.988772744576746021e+00
2.988772744576746021e+00
2.988772744576746021e+00
2.989471894113515216e+00
2.989471894113515216e+00
2.990171382631891639e+00
2.990871210460743779e+00
2.990871210460743779e+00
2.990871210460743779e+00
2.990871210460743779e+00
2.990871210460743779e+00
2.991571377929419295e+00
2.991571377929419295e+00
2.992271885367745909e+00
2.992271885367745909e+00
2.992972733106031402e+00
2.992972733106031402e+00
2.992972733106031402e+00
2.992972733106031402e+00
2.992972733106031402e+00
2.993673921475066280e+00
2.993673921475066280e+00
2.993673921475066280e+00
2.994375450806121997e+00
2.994375450806121997e+00
2.994375450806121997e+00
2.995779533681804718e+00
2.995779533681804718e+00
2.995779533681804718e+00
2.995779533681804718e+00
2.996482087891398027e+00
2.996482087891398027e+00
2.996482087891398027e+00
2.996482087891398027e+00
2.997184984392946117e+00
2.997184984392946117e+00
2.997888223520147832e+00
2.998591805607191407e+00
2.998591805607191407e+00
2.999295730988753572e+00
2.999295730988753572e+00
2.999295730988753572e+00
3.000000000000000000e+00
3.000000000000000000e+00
3.000000000000000000e+00
3.000000000000000000e+00
3.000000000000000000e+00
3.000000000000000000e+00
3.000704612976589303e+00
3.000704612976589303e+00
3.001409570254671255e+00
3.001409570254671255e+00
3.001409570254671255e+00
3.002114872170889015e+00
3.002114872170889015e+00
3.002114872170889015e+00
3.002114872170889015e+00
3.002114872170889015e+00
3.002820519062378679e+00
3.002820519062378679e+00
3.003526511266772836e+00
3.003526511266772836e+00
3.004232849122198346e+00
3.004232849122198346e+00
3.004232849122198346e+00
3.004939532967280780e+00
3.004939532967280780e+00
3.005646563141142202e+00
3.005646563141142202e+00
3.005646563141142202e+00
3.005646563141142202e+00
3.006353939983403389e+00
3.006353939983403389e+00
3.006353939983403389e+00
3.006353939983403389e+00
3.006353939983403389e+00
3.007061663834186049e+00
3.007769735034111935e+00
3.007769735034111935e+00
3.007769735034111935e+00
3.008478153924304621e+00
3.008478153924304621e+00
3.008478153924304621e+00
3.008478153924304621e+00
3.008478153924304621e+00
3.008478153924304621e+00
3.009186920846390834e+00
3.009186920846390834e+00
3.009896036142500009e+00
3.009896036142500009e+00
3.009896036142500009e+00
3.009896036142500009e+00
3.010605500155267400e+00
3.010605500155267400e+00
3.010605500155267400e+00
3.010605500155267400e+00
3.010605500155267400e+00
3.010605500155267400e+00
3.010605500155267400e+00
3.011315313227834078e+00
3.011315313227834078e+00
3.011315313227834078e+00
3.011315313227834078e+00
3.011315313227834078e+00
3.011315313227834078e+00
3.012025475703846933e+00
3.012025475703846933e+00
3.012025475703846933e+00
3.012025475703846933e+00
3.012025475703846933e+00
3.012735987927461334e+00
3.012735987927461334e+00
3.013446850243341135e+00
3.013446850243341135e+00
3.013446850243341135e+00
3.013446850243341135e+00
3.014158062996659559e+00
3.014158062996659559e+00
3.014869626533100977e+00
3.014869626533100977e+00
3.014869626533100977e+00
3.014869626533100977e+00
3.014869626533100977e+00
3.015581541198861792e+00
3.015581541198861792e+00
3.015581541198861792e+00
3.016293807340650446e+00
3.016293807340650446e+00
3.016293807340650446e+00
3.017006425305690076e+00
3.017006425305690076e+00
3.017006425305690076e+00
3.017719395441717189e+00
3.017719395441717189e+00
3.017719395441717189e+00
3.018432718096985212e+00
3.018432718096985212e+00
3.018432718096985212e+00
3.019146393620264490e+00
3.019146393620264490e+00
3.019146393620264490e+00
3.019146393620264490e+00
3.019860422360842733e+00
3.019860422360842733e+00
3.019860422360842733e+00
3.020574804668526792e+00
3.021289540893642656e+00
3.022004631387038565e+00
3.022004631387038565e+00
3.022004631387038565e+00
3.022004631387038565e+00
3.022004631387038565e+00
3.022004631387038565e+00
3.022720076500083675e+00
3.022720076500083675e+00
3.022720076500083675e+00
3.023435876584670279e+00
3.023435876584670279e+00
3.023435876584670279e+00
3.024152031993215139e+00
3.024152031993215139e+00
3.024868543078660377e+00
3.024868543078660377e+00
3.024868543078660377e+00
3.025585410194473024e+00
3.025585410194473024e+00
3.026302633694648136e+00
3.026302633694648136e+00
3.027020213933709236e+00
3.027020213933709236e+00
3.027738151266708311e+00
3.027738151266708311e+00
3.027738151266708311e+00
3.027738151266708311e+00
3.028456446049228035e+00
3.028456446049228035e+00
3.028456446049228035e+00
3.029175098637383101e+00
3.029175098637383101e+00
3.029175098637383101e+00
3.029175098637383101e+00
3.029894109387819334e+00
3.029894109387819334e+00
3.029894109387819334e+00
3.030613478657717241e+00
3.030613478657717241e+00
3.030613478657717241e+00
3.030613478657717241e+00
3.031333206804791569e+00
3.031333206804791569e+00
3.032053294187292192e+00
3.032053294187292192e+00
3.032053294187292192e+00
3.032773741164006331e+00
3.034937243255372508e+00
3.034937243255372508e+00
3.035659132207581656e+00
3.035659132207581656e+00
3.036381382556027297e+00
3.037826968890291912e+00
3.037826968890291912e+00
3.039274005160942149e+00
3.039274005160942149e+00
3.039998067931918957e+00
3.039998067931918957e+00
3.039998067931918957e+00
3.041447284568988607e+00
3.042897958437714045e+00
3.042897958437714045e+00
3.042897958437714045e+00
3.043623842750329711e+00
3.044350092471626024e+00
3.044350092471626024e+00
3.045076707969679664e+00
3.045803689613124643e+00
3.046531037771152306e+00
3.046531037771152306e+00
3.046531037771152306e+00
3.047986835110513493e+00
3.047986835110513493e+00
3.048715285033027911e+00
3.050173289240889041e+00
3.050173289240889041e+00
3.050173289240889041e+00
3.051632768415322161e+00
3.054556163622088594e+00
3.056752604098446291e+00
3.057485494660760139e+00
3.057485494660760139e+00
3.058952393659419400e+00
3.059686402854031151e+00
3.061155542533828822e+00
3.063362060997429470e+00
3.071481624742109950e+00
3.072962831279705487e+00
3.073704005218888646e+00
