9.838446238367060115e-01
9.881612665447513377e-01
9.883359481094263765e-01
9.884232968238229056e-01
9.885980101199357550e-01
9.887290589784476502e-01
9.887290589784476502e-01
9.889038093091447879e-01
9.889911924127989806e-01
9.890348859494829670e-01
9.895156022114021122e-01
9.902151119270433677e-01
9.905649940134313436e-01
9.906962216751705741e-01
9.908712104607436677e-01
9.913525390907912405e-01
9.913963042029877437e-01
9.915276075060033278e-01
9.916589227603505030e-01
9.917026971680270586e-01
9.917902499682049733e-01
9.918778080820200849e-01
9.921843033345795204e-01
9.922718853677457984e-01
9.923594727180983233e-01
9.925784643609070201e-01
9.926222666787306581e-01
9.929289201464068793e-01
9.929289201464068793e-01
9.932356388089711441e-01
9.934547634985415598e-01
9.935862542893745264e-01
9.937177570656955394e-01
9.937177570656955394e-01
9.937177570656955394e-01
9.937615939882885607e-01
9.937615939882885607e-01
9.939807985835426019e-01
9.942000364900338560e-01
9.942438880695715353e-01
9.942438880695715353e-01
9.943754508061218855e-01
9.943754508061218855e-01
9.945508864530686610e-01
9.948140799301989912e-01
9.948140799301989912e-01
9.949018217602938474e-01
9.949456946765283805e-01
9.950334445117777760e-01
9.951211996846082153e-01
9.952089601956694009e-01
9.953844972350816001e-01
9.954283848323437489e-01
9.954722737647319075e-01
9.954722737647319075e-01
9.955161640323275662e-01
9.956039485734655692e-01
9.956039485734655692e-01
9.956039485734655692e-01
9.959990451228031283e-01
9.960868590519121879e-01
9.963503329141327747e-01
9.963942499029456723e-01
9.964381682286737041e-01
9.964381682286737041e-01
9.964820878913980273e-01
9.964820878913980273e-01
9.965699312281615097e-01
9.966138549023634274e-01
9.966577799138873761e-01
9.967017062628149571e-01
9.967895629732062002e-01
9.968334933348328430e-01
9.968334933348328430e-01
9.968774250341888576e-01
9.969652924464146304e-01
9.970092281594473693e-01
9.970531652105353304e-01
9.971849843929460055e-01
9.973168156207883328e-01
9.974047097990103028e-01
9.974486588962639955e-01
9.974926093323883691e-01
9.976244686748010349e-01
9.977123815989249467e-01
9.977563400699863694e-01
9.978442610305162663e-01
9.979761525185533166e-01
9.979761525185533166e-01
9.980201190274902157e-01
9.980201190274902157e-01
9.982399716727837768e-01
9.983279221127103753e-01
9.983718993433882138e-01
9.984158779146513618e-01
9.984158779146513618e-01
9.984598578265814206e-01
9.984598578265814206e-01
9.984598578265814206e-01
9.984598578265814206e-01
9.985038390792604357e-01
9.985478216727698975e-01
9.985478216727698975e-01
9.986357908826074548e-01
9.987677547556369495e-01
9.988557373774594739e-01
9.988997307005570425e-01
9.988997307005570425e-01
9.990757174094317961e-01
9.991637188149055104e-01
9.992957309887533501e-01
9.993397377311999952e-01
9.995597915808493994e-01
9.996038063788358352e-01
9.996038063788358352e-01
9.998239005135575175e-01
9.999559731131726359e-01
1.000044028230441695e+00
1.000088057804580099e+00
1.000088057804580099e+00
1.000088057804580099e+00
1.000132088722496704e+00
1.000220154589993804e+00
1.000308225833589360e+00
1.000308225833589360e+00
1.000352263471629088e+00
1.000396302453939512e+00
1.000396302453939512e+00
1.000484384451701070e+00
1.000484384451701070e+00
1.000484384451701070e+00
1.000572471827530618e+00
1.000660564582085188e+00
1.000836766229995956e+00
1.000836766229995956e+00
1.000880820004703242e+00
1.001057048556915241e+00
1.001233298638484204e+00
1.001233298638484204e+00
1.001233298638484204e+00
1.001365500331466318e+00
1.001409570254671255e+00
1.001453641524118865e+00
1.001497714139891304e+00
1.001585863410739519e+00
1.001629940065980051e+00
1.001674018067874261e+00
1.001718097416504749e+00
1.001762178111953672e+00
1.001762178111953672e+00
1.001982601794356720e+00
1.002070780697928321e+00
1.002070780697928321e+00
1.002070780697928321e+00
1.002114872170888793e+00
1.002203059159570531e+00
1.002335349750731019e+00
1.002335349750731019e+00
1.002379449310283999e+00
1.002379449310283999e+00
1.002467652473634230e+00
1.002555861029859274e+00
1.002599967330505937e+00
1.002732294323571915e+00
1.002732294323571915e+00
1.002776406018577315e+00
1.002864633455058385e+00
1.002864633455058385e+00
1.002908749196699034e+00
1.002952866287383005e+00
1.002996984727192675e+00
1.002996984727192675e+00
1.003085225654520185e+00
1.003085225654520185e+00
1.003217597166018438e+00
1.003703063312625821e+00
1.003791347438400150e+00
1.003967931898949617e+00
1.004056232235047696e+00
1.004277006722584131e+00
1.004321165674574523e+00
1.004321165674574523e+00
1.004321165674574523e+00
1.004541980711492810e+00
1.004674485958196639e+00
1.004807003376047225e+00
1.004807003376047225e+00
1.004807003376047225e+00
1.004807003376047225e+00
1.004851178553749946e+00
1.004939532967280780e+00
1.004983712203274759e+00
1.005248816033658565e+00
1.005293004741899532e+00
1.005337194803650025e+00
1.005513968587407936e+00
1.005646563141141980e+00
1.005690764033956075e+00
1.005955997833126059e+00
1.006000208207476820e+00
1.006044419936664935e+00
1.006088633020773448e+00
1.006177063254083848e+00
1.006221280403451601e+00
1.006309718768028549e+00
1.006442386480742135e+00
1.006840462833938465e+00
1.006928939164206005e+00
1.007238649056868995e+00
1.007459911122067897e+00
1.007459911122067897e+00
1.007504167607519818e+00
1.007636945210198531e+00
1.007725470401420464e+00
1.007814001024968542e+00
1.007814001024968542e+00
1.008079625496239862e+00
1.008256735650946423e+00
1.008301016587120014e+00
1.008389582537047247e+00
1.008433867550968088e+00
1.008611021201645030e+00
1.008876792471826711e+00
1.009275541199678106e+00
1.009275541199678106e+00
1.009497115901913489e+00
1.009763050472415546e+00
1.009763050472415546e+00
1.009940367423431740e+00
1.010029034072152943e+00
1.011226567492814699e+00
1.011625966297807988e+00
1.012069872467737497e+00
1.012647154760912160e+00
1.973822403110774282e+00
1.974254826769225257e+00
1.975726037459997864e+00
1.976505521517261332e+00
1.976592156859781735e+00
1.977545489153491820e+00
1.977979030353643752e+00
1.978152483319393973e+00
1.979280436197873749e+00
1.980930570668889112e+00
1.981191290836019414e+00
1.981625929178983503e+00
1.982408608324615518e+00
1.982495598890585242e+00
1.982582594702164691e+00
1.983365793163236690e+00
1.983539895020792976e+00
1.983801087207781144e+00
1.983888161779488124e+00
1.983975241606941164e+00
1.984062326690774647e+00
1.984149417031623175e+00
1.984149417031623175e+00
1.984497830977864918e+00
1.984672069509585191e+00
1.984759196667318371e+00
1.984759196667318371e+00
1.985020609715638429e+00
1.985107757925570926e+00
1.985107757925570926e+00
1.985194911400142814e+00
1.985282070139990473e+00
1.985369234145749839e+00
1.985717942840634853e+00
1.985717942840634853e+00
1.985805133185501115e+00
1.985805133185501115e+00
1.985805133185501115e+00
1.985892328800098916e+00
1.985892328800098916e+00
1.986241163968549106e+00
1.986328385941362962e+00
1.986328385941362962e+00
1.986415613187732410e+00
1.986415613187732410e+00
1.986502845708295384e+00
1.986502845708295384e+00
1.986851828545238563e+00
1.986939087446338181e+00
1.987288175837343740e+00
1.987462751713753306e+00
1.987462751713753306e+00
1.987811966853948897e+00
1.988161266544751227e+00
1.988423296823822906e+00
1.988510650827112425e+00
1.988860119742014376e+00
1.989034885949482856e+00
1.989122276992965288e+00
1.989122276992965288e+00
1.989297074962633305e+00
1.989297074962633305e+00
1.989471894113515216e+00
1.989559311633515959e+00
1.989821595979459623e+00
1.989821595979459623e+00
1.989996478704795013e+00
1.990083928017801984e+00
1.990258842547706797e+00
1.990346307765890499e+00
1.990433778287085564e+00
1.990521254111935257e+00
1.990521254111935257e+00
1.990521254111935257e+00
1.990521254111935257e+00
1.990608735241082394e+00
1.990608735241082394e+00
1.990696221675170463e+00
1.990783713414843170e+00
1.990958712813515774e+00
1.991046220473803530e+00
1.991046220473803530e+00
1.991046220473803530e+00
1.991133733442250309e+00
1.991308775306198209e+00
1.991308775306198209e+00
1.991396304202987633e+00
1.991396304202987633e+00
1.991396304202987633e+00
1.991396304202987633e+00
1.991483838410513130e+00
1.991483838410513130e+00
1.991658922760350503e+00
1.991746472903951792e+00
1.991746472903951792e+00
1.991834028360867537e+00
1.991921589131743220e+00
1.992009155217223659e+00
1.992009155217223659e+00
1.992096726617953895e+00
1.992184303334579409e+00
1.992184303334579409e+00
1.992622266678730769e+00
1.992709875304286005e+00
1.992885108517290060e+00
1.992972733106031402e+00
1.993147998251225461e+00
1.993235638808971144e+00
1.993235638808971144e+00
1.993323284691012054e+00
1.993323284691012054e+00
1.993410935897994785e+00
1.993410935897994785e+00
1.993498592430566596e+00
1.993498592430566596e+00
1.993498592430566596e+00
1.993498592430566596e+00
1.993673921475066058e+00
1.993673921475066058e+00
1.993673921475066058e+00
1.993673921475066058e+00
1.993849271829689629e+00
1.993849271829689629e+00
1.993936954999916855e+00
1.994024643499617833e+00
1.994112337329440932e+00
1.994112337329440932e+00
1.994112337329440932e+00
1.994200036490033856e+00
1.994200036490033856e+00
1.994200036490033856e+00
1.994375450806121997e+00
1.994550886453068550e+00
1.994550886453068550e+00
1.994638612277235268e+00
1.994901821760293847e+00
1.994901821760293847e+00
1.994901821760293847e+00
1.994901821760293847e+00
1.994989568926996082e+00
1.994989568926996082e+00
1.994989568926996082e+00
1.995077321430954731e+00
1.995165079272819497e+00
1.995165079272819497e+00
1.995340610972864193e+00
1.995340610972864193e+00
1.995340610972864193e+00
1.995340610972864193e+00
1.995340610972864193e+00
1.995428384832343749e+00
1.995516164032327566e+00
1.995603948573465569e+00
1.995691738456408126e+00
1.995691738456408126e+00
1.995691738456408126e+00
1.995779533681804940e+00
1.995779533681804940e+00
1.995867334250306602e+00
1.995867334250306602e+00
1.995867334250306602e+00
1.995867334250306602e+00
1.995955140162563257e+00
1.995955140162563257e+00
1.996042951419225719e+00
1.996042951419225719e+00
1.996130768020944357e+00
1.996130768020944357e+00
1.996218589968369983e+00
1.996218589968369983e+00
1.996394249902945672e+00
1.996482087891398027e+00
1.996482087891398027e+00
1.996569931228161510e+00
1.996569931228161510e+00
1.996569931228161510e+00
1.996569931228161510e+00
1.996745633949227328e+00
1.996745633949227328e+00
1.996745633949227328e+00
1.996745633949227328e+00
1.996833493334832843e+00
1.996921358071355623e+00
1.996921358071355623e+00
1.996921358071355623e+00
1.997009228159447369e+00
1.997097103599760226e+00
1.997097103599760226e+00
1.997097103599760226e+00
1.997272870539656964e+00
1.997360762040545579e+00
1.997360762040545579e+00
1.997360762040545579e+00
1.997360762040545579e+00
1.997448658896264106e+00
1.997536561107464914e+00
1.997536561107464914e+00
1.997624468674801035e+00
1.997712381598924836e+00
1.997712381598924836e+00
1.997800299880489572e+00
1.997888223520148054e+00
1.997888223520148054e+00
1.997976152518553317e+00
1.997976152518553317e+00
1.998064086876358836e+00
1.998064086876358836e+00
1.998152026594217867e+00
1.998327922112710375e+00
1.998415877914651251e+00
1.998415877914651251e+00
1.998415877914651251e+00
1.998503839079260436e+00
1.998503839079260436e+00
1.998503839079260436e+00
1.998591805607191629e+00
1.998591805607191629e+00
1.998679777499098975e+00
1.998679777499098975e+00
1.998767754755636838e+00
1.998855737377459585e+00
1.998855737377459585e+00
1.998855737377459585e+00
1.998855737377459585e+00
1.998855737377459585e+00
1.999031718719576745e+00
1.999031718719576745e+00
1.999031718719576745e+00
1.999119717441180777e+00
1.999207721530688042e+00
1.999207721530688042e+00
1.999295730988753350e+00
1.999295730988753350e+00
1.999295730988753350e+00
1.999383745816031954e+00
1.999383745816031954e+00
1.999559791580849399e+00
1.999647822519698970e+00
1.999735858830383073e+00
1.999911947569877890e+00
1.999911947569877890e+00
2.000000000000000000e+00
2.000000000000000000e+00
2.000000000000000000e+00
2.000088057804580099e+00
2.000176120984273886e+00
2.000176120984273886e+00
2.000352263471628866e+00
2.000352263471628866e+00
2.000440342780602787e+00
2.000528427467316295e+00
2.000528427467316295e+00
2.000528427467316295e+00
2.000528427467316295e+00
2.000528427467316295e+00
2.000528427467316295e+00
2.000616517532426197e+00
2.000616517532426197e+00
2.000616517532426197e+00
2.000704612976589303e+00
2.000704612976589303e+00
2.000704612976589303e+00
2.000704612976589303e+00
2.000968931589968136e+00
2.000968931589968136e+00
2.001057048556915241e+00
2.001409570254671255e+00
2.001497714139891304e+00
2.001497714139891304e+00
2.001497714139891304e+00
2.001585863410739741e+00
2.001585863410739741e+00
2.001674018067874261e+00
2.001674018067874261e+00
2.001674018067874261e+00
2.001674018067874261e+00
2.001762178111953894e+00
2.001762178111953894e+00
2.001850343543636335e+00
2.001850343543636335e+00
2.001850343543636335e+00
2.001850343543636335e+00
2.001938514363580612e+00
2.001938514363580612e+00
2.001938514363580612e+00
2.001938514363580612e+00
2.002026690572445311e+00
2.002026690572445311e+00
2.002026690572445311e+00
2.002114872170889015e+00
2.002203059159570309e+00
2.002203059159570309e+00
2.002203059159570309e+00
2.002379449310283999e+00
2.002379449310283999e+00
2.002467652473634452e+00
2.002467652473634452e+00
2.002467652473634452e+00
2.002555861029859496e+00
2.002555861029859496e+00
2.002732294323571693e+00
2.002820519062378679e+00
2.002820519062378679e+00
2.002908749196699034e+00
2.002996984727192675e+00
2.002996984727192675e+00
2.003085225654519963e+00
2.003085225654519963e+00
2.003085225654519963e+00
2.003085225654519963e+00
2.003173471979341258e+00
2.003173471979341258e+00
2.003173471979341258e+00
2.003173471979341258e+00
2.003173471979341258e+00
2.003173471979341258e+00
2.003261723702316477e+00
2.003261723702316477e+00
2.003349980824106424e+00
2.003438243345371461e+00
2.003438243345371461e+00
2.003526511266772836e+00
2.003526511266772836e+00
2.003614784588970466e+00
2.003614784588970466e+00
2.003791347438399928e+00
2.003791347438399928e+00
2.003791347438399928e+00
2.003791347438399928e+00
2.003791347438399928e+00
2.003879636966954259e+00
2.003879636966954259e+00
2.003967931898949839e+00
2.003967931898949839e+00
2.003967931898949839e+00
2.004056232235047919e+00
2.004144537975910190e+00
2.004232849122198346e+00
2.004232849122198346e+00
2.004232849122198346e+00
2.004232849122198346e+00
2.004232849122198346e+00
2.004232849122198346e+00
2.004409487633700415e+00
2.004409487633700415e+00
2.004409487633700415e+00
2.004409487633700415e+00
2.004497815000237715e+00
2.004497815000237715e+00
2.004586147774849003e+00
2.004762829550942538e+00
2.004851178553749946e+00
2.004851178553749946e+00
2.004939532967280780e+00
2.005027892792198507e+00
2.005027892792198507e+00
2.005027892792198507e+00
2.005116258029165266e+00
2.005204628678844525e+00
2.005204628678844525e+00
2.005293004741899310e+00
2.005381386218993089e+00
2.005469773110789333e+00
2.005469773110789333e+00
2.005558165417951066e+00
2.005646563141142202e+00
2.005646563141142202e+00
2.005734966281026210e+00
2.005734966281026210e+00
2.005734966281026210e+00
2.005734966281026210e+00
2.005823374838267448e+00
2.005911788813529828e+00
2.005911788813529828e+00
2.006088633020773671e+00
2.006177063254083848e+00
2.006265498908072153e+00
2.006353939983403389e+00
2.006353939983403389e+00
2.006353939983403389e+00
2.006442386480742357e+00
2.006442386480742357e+00
2.006530838400753414e+00
2.006530838400753414e+00
2.006707758511452333e+00
2.006707758511452333e+00
2.006707758511452333e+00
2.006884700320822557e+00
2.006884700320822557e+00
2.006884700320822557e+00
2.006973179364172299e+00
2.007061663834186049e+00
2.007061663834186049e+00
2.007150153731529940e+00
2.007150153731529940e+00
2.007150153731529940e+00
2.007238649056868773e+00
2.007238649056868773e+00
2.007238649056868773e+00
2.007327149810869571e+00
2.007327149810869571e+00
2.007415655994197579e+00
2.007504167607519818e+00
2.007592684651501980e+00
2.007681207126810197e+00
2.007681207126810197e+00
2.007858268374073329e+00
2.007946807147361401e+00
2.008035351354643172e+00
2.008035351354643172e+00
2.008035351354643172e+00
2.008123900996585220e+00
2.008212456073855012e+00
2.008212456073855012e+00
2.008212456073855012e+00
2.008301016587120014e+00
2.008478153924304621e+00
2.008566730749559603e+00
2.008566730749559603e+00
2.008566730749559603e+00
2.008566730749559603e+00
2.008832493859989743e+00
2.009009696469177708e+00
2.009009696469177708e+00
2.009009696469177708e+00
2.009098305936446671e+00
2.009186920846390834e+00
2.009186920846390834e+00
2.009275541199678106e+00
2.009275541199678106e+00
2.009630077059639586e+00
2.009630077059639586e+00
2.009718724639678822e+00
2.009718724639678822e+00
2.009984700066621333e+00
2.010073369440109836e+00
2.010162044263635206e+00
2.010250724537867129e+00
2.010250724537867129e+00
2.010339410263476179e+00
2.010605500155267400e+00
2.010605500155267400e+00
2.010605500155267400e+00
2.010694207693088043e+00
2.010782920685637798e+00
2.010871639133588129e+00
2.010960363037610055e+00
2.010960363037610055e+00
2.010960363037610055e+00
2.011049092398374150e+00
2.011049092398374150e+00
2.011137827216551877e+00
2.011137827216551877e+00
2.011226567492814699e+00
2.011315313227834078e+00
2.011315313227834078e+00
2.011404064422281923e+00
2.011581583192148859e+00
2.011581583192148859e+00
2.011759123807791205e+00
2.011759123807791205e+00
2.012025475703846933e+00
2.012114270597913368e+00
2.012203070957458095e+00
2.012291876783154354e+00
2.012380688075674495e+00
2.012647154760911938e+00
2.012735987927461334e+00
2.012735987927461334e+00
2.012913670671806710e+00
2.012913670671806710e+00
2.013002520250950500e+00
2.013002520250950500e+00
2.013269101824353147e+00
2.013446850243341135e+00
2.013624620564666401e+00
2.013624620564666401e+00
2.013713513940392108e+00
2.013802412793727292e+00
2.013802412793727292e+00
2.013891317125346081e+00
2.014069142226136755e+00
2.014158062996659559e+00
2.014780661895765768e+00
2.014780661895765768e+00
2.015314532029237604e+00
2.015403529595096277e+00
2.015670555238124440e+00
2.016026666326853345e+00
2.016471928834906002e+00
2.016739152317450934e+00
2.017184634810071930e+00
2.017719395441717189e+00
2.017719395441717189e+00
2.017808541488081975e+00
2.018165180768283662e+00
2.018432718096985212e+00
2.018878723925154439e+00
2.018878723925154439e+00
2.019057164870452059e+00
2.019146393620264490e+00
2.019503363816540720e+00
2.020128274273774061e+00
2.020485487532396096e+00
2.020574804668526792e+00
2.020664127334616644e+00
2.020932128519489890e+00
2.021647041834857106e+00
2.021736430913908755e+00
2.022183459405970662e+00
2.022451743003375935e+00
2.024062493123309991e+00
2.024241576420571675e+00
2.024241576420571675e+00
2.025854327224215989e+00
