3.859170229226998927e+00
3.864290713895600415e+00
3.877172005192333071e+00
3.877172005192333071e+00
3.890169345721206096e+00
3.892782924408617617e+00
3.895401246435631126e+00
3.895401246435631126e+00
3.898024329050768788e+00
3.899337660994801169e+00
3.899337660994801169e+00
3.900652189596807151e+00
3.901967917039473210e+00
3.901967917039473210e+00
3.907242859080147568e+00
3.908564613676392963e+00
3.909887580335711377e+00
3.909887580335711377e+00
3.909887580335711377e+00
3.911211761283093225e+00
3.912537158749660460e+00
3.913863774972691001e+00
3.913863774972691001e+00
3.913863774972691001e+00
3.913863774972691001e+00
3.913863774972691001e+00
3.916520672668158287e+00
3.916520672668158287e+00
3.917850958646128312e+00
3.917850958646128312e+00
3.917850958646128312e+00
3.917850958646128312e+00
3.917850958646128312e+00
3.919182472391672611e+00
3.919182472391672611e+00
3.919182472391672611e+00
3.920515216173184658e+00
3.920515216173184658e+00
3.920515216173184658e+00
3.921849192265349782e+00
3.921849192265349782e+00
3.921849192265349782e+00
3.921849192265349782e+00
3.923184402949169147e+00
3.923184402949169147e+00
3.923184402949169147e+00
3.923184402949169147e+00
3.924520850511983294e+00
3.924520850511983294e+00
3.925858537247494340e+00
3.927197465455792624e+00
3.927197465455792624e+00
3.927197465455792624e+00
3.927197465455792624e+00
3.927197465455792624e+00
3.928537637443375807e+00
3.928537637443375807e+00
3.928537637443375807e+00
3.928537637443375807e+00
3.929879055523177289e+00
3.929879055523177289e+00
3.931221722014587527e+00
3.931221722014587527e+00
3.931221722014587527e+00
3.931221722014587527e+00
3.931221722014587527e+00
3.931221722014587527e+00
3.932565639243478017e+00
3.933910809542227494e+00
3.933910809542227494e+00
3.933910809542227494e+00
3.935257235249744134e+00
3.935257235249744134e+00
3.935257235249744134e+00
3.935257235249744134e+00
3.935257235249744134e+00
3.935257235249744134e+00
3.936604918711490875e+00
3.936604918711490875e+00
3.936604918711490875e+00
3.937953862279509387e+00
3.937953862279509387e+00
3.937953862279509387e+00
3.937953862279509387e+00
3.937953862279509387e+00
3.937953862279509387e+00
3.939304068312445839e+00
3.939304068312445839e+00
3.939304068312445839e+00
3.939304068312445839e+00
3.939304068312445839e+00
3.940655539175574873e+00
3.940655539175574873e+00
3.940655539175574873e+00
3.940655539175574873e+00
3.940655539175574873e+00
3.940655539175574873e+00
3.942008277240824032e+00
3.942008277240824032e+00
3.942008277240824032e+00
3.942008277240824032e+00
3.942008277240824032e+00
3.942008277240824032e+00
3.943362284886799518e+00
3.943362284886799518e+00
3.943362284886799518e+00
3.943362284886799518e+00
3.943362284886799518e+00
3.944717564498810169e+00
3.944717564498810169e+00
3.944717564498810169e+00
3.944717564498810169e+00
3.944717564498810169e+00
3.944717564498810169e+00
3.944717564498810169e+00
3.944717564498810169e+00
3.946074118468895442e+00
3.946074118468895442e+00
3.946074118468895442e+00
3.946074118468895442e+00
3.946074118468895442e+00
3.946074118468895442e+00
3.946074118468895442e+00
3.947431949195846279e+00
3.947431949195846279e+00
3.948791059085235311e+00
3.948791059085235311e+00
3.948791059085235311e+00
3.948791059085235311e+00
3.948791059085235311e+00
3.950151450549438614e+00
3.950151450549438614e+00
3.950151450549438614e+00
3.950151450549438614e+00
3.950151450549438614e+00
3.950151450549438614e+00
3.951513126007663690e+00
3.951513126007663690e+00
3.951513126007663690e+00
3.951513126007663690e+00
3.952876087885974332e+00
3.952876087885974332e+00
3.952876087885974332e+00
3.952876087885974332e+00
3.952876087885974332e+00
3.952876087885974332e+00
3.952876087885974332e+00
3.952876087885974332e+00
3.954240338617316830e+00
3.954240338617316830e+00
3.954240338617316830e+00
3.954240338617316830e+00
3.954240338617316830e+00
3.954240338617316830e+00
3.955605880641546612e+00
3.955605880641546612e+00
3.955605880641546612e+00
3.955605880641546612e+00
3.955605880641546612e+00
3.955605880641546612e+00
3.956972716405452672e+00
3.956972716405452672e+00
3.956972716405452672e+00
3.956972716405452672e+00
3.956972716405452672e+00
3.956972716405452672e+00
3.958340848362785547e+00
3.958340848362785547e+00
3.958340848362785547e+00
3.958340848362785547e+00
3.958340848362785547e+00
3.958340848362785547e+00
3.958340848362785547e+00
3.958340848362785547e+00
3.958340848362785547e+00
3.958340848362785547e+00
3.958340848362785547e+00
3.958340848362785547e+00
3.959710278974283071e+00
3.959710278974283071e+00
3.959710278974283071e+00
3.959710278974283071e+00
3.959710278974283071e+00
3.959710278974283071e+00
3.959710278974283071e+00
3.959710278974283071e+00
3.959710278974283071e+00
3.961081010707697470e+00
3.961081010707697470e+00
3.961081010707697470e+00
3.961081010707697470e+00
3.961081010707697470e+00
3.961081010707697470e+00
3.961081010707697470e+00
3.961081010707697470e+00
3.962453046037821558e+00
3.962453046037821558e+00
3.962453046037821558e+00
3.962453046037821558e+00
3.962453046037821558e+00
3.962453046037821558e+00
3.962453046037821558e+00
3.962453046037821558e+00
3.963826387446514943e+00
3.963826387446514943e+00
3.963826387446514943e+00
3.963826387446514943e+00
3.963826387446514943e+00
3.963826387446514943e+00
3.963826387446514943e+00
3.963826387446514943e+00
3.963826387446514943e+00
3.965201037422732444e+00
3.965201037422732444e+00
3.965201037422732444e+00
3.965201037422732444e+00
3.965201037422732444e+00
3.965201037422732444e+00
3.965201037422732444e+00
3.965201037422732444e+00
3.965201037422732444e+00
3.965201037422732444e+00
3.965201037422732444e+00
3.966576998462549852e+00
3.966576998462549852e+00
3.966576998462549852e+00
3.966576998462549852e+00
3.966576998462549852e+00
3.966576998462549852e+00
3.966576998462549852e+00
3.966576998462549852e+00
3.966576998462549852e+00
3.966576998462549852e+00
3.967954273069191462e+00
3.967954273069191462e+00
3.967954273069191462e+00
3.967954273069191462e+00
3.967954273069191462e+00
3.967954273069191462e+00
3.967954273069191462e+00
3.967954273069191462e+00
3.967954273069191462e+00
3.967954273069191462e+00
3.967954273069191462e+00
3.969332863753058493e+00
3.969332863753058493e+00
3.969332863753058493e+00
3.969332863753058493e+00
3.969332863753058493e+00
3.969332863753058493e+00
3.969332863753058493e+00
3.969332863753058493e+00
3.969332863753058493e+00
3.969332863753058493e+00
3.969332863753058493e+00
3.970712773031754850e+00
3.970712773031754850e+00
3.970712773031754850e+00
3.970712773031754850e+00
3.970712773031754850e+00
3.970712773031754850e+00
3.970712773031754850e+00
3.970712773031754850e+00
3.970712773031754850e+00
3.970712773031754850e+00
3.970712773031754850e+00
3.970712773031754850e+00
3.970712773031754850e+00
3.972094003430115539e+00
3.972094003430115539e+00
3.972094003430115539e+00
3.972094003430115539e+00
3.972094003430115539e+00
3.972094003430115539e+00
3.972094003430115539e+00
3.972094003430115539e+00
3.972094003430115539e+00
3.972094003430115539e+00
3.973476557480234206e+00
3.973476557480234206e+00
3.973476557480234206e+00
3.973476557480234206e+00
3.973476557480234206e+00
3.973476557480234206e+00
3.973476557480234206e+00
3.973476557480234206e+00
3.973476557480234206e+00
3.973476557480234206e+00
3.973476557480234206e+00
3.973476557480234206e+00
3.973476557480234206e+00
3.973476557480234206e+00
3.973476557480234206e+00
3.973476557480234206e+00
3.974860437721491557e+00
3.974860437721491557e+00
3.974860437721491557e+00
3.974860437721491557e+00
3.974860437721491557e+00
3.974860437721491557e+00
3.974860437721491557e+00
3.974860437721491557e+00
3.976245646700582892e+00
3.976245646700582892e+00
3.976245646700582892e+00
3.976245646700582892e+00
3.976245646700582892e+00
3.976245646700582892e+00
3.976245646700582892e+00
3.976245646700582892e+00
3.976245646700582892e+00
3.976245646700582892e+00
3.976245646700582892e+00
3.977632186971545636e+00
3.977632186971545636e+00
3.977632186971545636e+00
3.977632186971545636e+00
3.977632186971545636e+00
3.977632186971545636e+00
3.977632186971545636e+00
3.977632186971545636e+00
3.977632186971545636e+00
3.977632186971545636e+00
3.979020061095788208e+00
3.979020061095788208e+00
3.979020061095788208e+00
3.979020061095788208e+00
3.979020061095788208e+00
3.979020061095788208e+00
3.979020061095788208e+00
3.979020061095788208e+00
3.979020061095788208e+00
3.979020061095788208e+00
3.979020061095788208e+00
3.979020061095788208e+00
3.979020061095788208e+00
3.979020061095788208e+00
3.980409271642119329e+00
3.980409271642119329e+00
3.980409271642119329e+00
3.980409271642119329e+00
3.980409271642119329e+00
3.980409271642119329e+00
3.980409271642119329e+00
3.980409271642119329e+00
3.980409271642119329e+00
3.980409271642119329e+00
3.980409271642119329e+00
3.981799821186774224e+00
3.981799821186774224e+00
3.981799821186774224e+00
3.981799821186774224e+00
3.981799821186774224e+00
3.981799821186774224e+00
3.981799821186774224e+00
3.981799821186774224e+00
3.981799821186774224e+00
3.981799821186774224e+00
3.981799821186774224e+00
3.981799821186774224e+00
3.981799821186774224e+00
3.981799821186774224e+00
3.983191712313446153e+00
3.983191712313446153e+00
3.983191712313446153e+00
3.983191712313446153e+00
3.983191712313446153e+00
3.983191712313446153e+00
3.983191712313446153e+00
3.983191712313446153e+00
3.983191712313446153e+00
3.983191712313446153e+00
3.983191712313446153e+00
3.984584947613312611e+00
3.984584947613312611e+00
3.984584947613312611e+00
3.984584947613312611e+00
3.984584947613312611e+00
3.984584947613312611e+00
3.984584947613312611e+00
3.984584947613312611e+00
3.984584947613312611e+00
3.984584947613312611e+00
3.984584947613312611e+00
3.984584947613312611e+00
3.984584947613312611e+00
3.984584947613312611e+00
3.985979529685065526e+00
3.985979529685065526e+00
3.985979529685065526e+00
3.985979529685065526e+00
3.985979529685065526e+00
3.985979529685065526e+00
3.985979529685065526e+00
3.985979529685065526e+00
3.985979529685065526e+00
3.985979529685065526e+00
3.985979529685065526e+00
3.985979529685065526e+00
3.985979529685065526e+00
3.987375461134940569e+00
3.987375461134940569e+00
3.987375461134940569e+00
3.987375461134940569e+00
3.987375461134940569e+00
3.987375461134940569e+00
3.987375461134940569e+00
3.987375461134940569e+00
3.987375461134940569e+00
3.987375461134940569e+00
3.987375461134940569e+00
3.988772744576746021e+00
3.988772744576746021e+00
3.988772744576746021e+00
3.988772744576746021e+00
3.988772744576746021e+00
3.988772744576746021e+00
3.988772744576746021e+00
3.988772744576746021e+00
3.988772744576746021e+00
3.988772744576746021e+00
3.988772744576746021e+00
3.988772744576746021e+00
3.988772744576746021e+00
3.990171382631891639e+00
3.990171382631891639e+00
3.990171382631891639e+00
3.990171382631891639e+00
3.990171382631891639e+00
3.990171382631891639e+00
3.990171382631891639e+00
3.990171382631891639e+00
3.990171382631891639e+00
3.990171382631891639e+00
3.990171382631891639e+00
3.990171382631891639e+00
3.991571377929419295e+00
3.991571377929419295e+00
3.991571377929419295e+00
3.991571377929419295e+00
3.991571377929419295e+00
3.991571377929419295e+00
3.991571377929419295e+00
3.991571377929419295e+00
3.991571377929419295e+00
3.991571377929419295e+00
3.992972733106031402e+00
3.992972733106031402e+00
3.992972733106031402e+00
3.992972733106031402e+00
3.992972733106031402e+00
3.992972733106031402e+00
3.992972733106031402e+00
3.992972733106031402e+00
3.992972733106031402e+00
3.992972733106031402e+00
3.992972733106031402e+00
3.992972733106031402e+00
3.992972733106031402e+00
3.992972733106031402e+00
3.992972733106031402e+00
3.992972733106031402e+00
3.992972733106031402e+00
3.992972733106031402e+00
3.994375450806121997e+00
3.994375450806121997e+00
3.994375450806121997e+00
3.994375450806121997e+00
3.994375450806121997e+00
3.994375450806121997e+00
3.994375450806121997e+00
3.994375450806121997e+00
3.995779533681804718e+00
3.995779533681804718e+00
3.995779533681804718e+00
3.995779533681804718e+00
3.995779533681804718e+00
3.995779533681804718e+00
3.995779533681804718e+00
3.995779533681804718e+00
3.995779533681804718e+00
3.995779533681804718e+00
3.997184984392946117e+00
3.997184984392946117e+00
3.997184984392946117e+00
3.997184984392946117e+00
3.997184984392946117e+00
3.997184984392946117e+00
3.997184984392946117e+00
3.997184984392946117e+00
3.997184984392946117e+00
3.997184984392946117e+00
3.997184984392946117e+00
3.998591805607191407e+00
3.998591805607191407e+00
3.998591805607191407e+00
3.998591805607191407e+00
3.998591805607191407e+00
3.998591805607191407e+00
3.998591805607191407e+00
3.998591805607191407e+00
3.998591805607191407e+00
4.000000000000000000e+00
4.000000000000000000e+00
4.000000000000000000e+00
4.000000000000000000e+00
4.000000000000000000e+00
4.000000000000000000e+00
4.000000000000000000e+00
4.001409570254671699e+00
4.001409570254671699e+00
4.001409570254671699e+00
4.001409570254671699e+00
4.001409570254671699e+00
4.001409570254671699e+00
4.001409570254671699e+00
4.001409570254671699e+00
4.001409570254671699e+00
4.001409570254671699e+00
4.001409570254671699e+00
4.002820519062378679e+00
4.002820519062378679e+00
4.002820519062378679e+00
4.002820519062378679e+00
4.002820519062378679e+00
4.002820519062378679e+00
4.002820519062378679e+00
4.002820519062378679e+00
4.002820519062378679e+00
4.002820519062378679e+00
4.002820519062378679e+00
4.004232849122198346e+00
4.004232849122198346e+00
4.004232849122198346e+00
4.004232849122198346e+00
4.004232849122198346e+00
4.004232849122198346e+00
4.004232849122198346e+00
4.004232849122198346e+00
4.004232849122198346e+00
4.004232849122198346e+00
4.004232849122198346e+00
4.004232849122198346e+00
4.004232849122198346e+00
4.004232849122198346e+00
4.004232849122198346e+00
4.004232849122198346e+00
4.005646563141142202e+00
4.005646563141142202e+00
4.005646563141142202e+00
4.005646563141142202e+00
4.005646563141142202e+00
4.005646563141142202e+00
4.005646563141142202e+00
4.005646563141142202e+00
4.005646563141142202e+00
4.005646563141142202e+00
4.005646563141142202e+00
4.005646563141142202e+00
4.005646563141142202e+00
4.005646563141142202e+00
4.005646563141142202e+00
4.005646563141142202e+00
4.007061663834186049e+00
4.007061663834186049e+00
4.007061663834186049e+00
4.007061663834186049e+00
4.007061663834186049e+00
4.007061663834186049e+00
4.007061663834186049e+00
4.007061663834186049e+00
4.007061663834186049e+00
4.007061663834186049e+00
4.007061663834186049e+00
4.007061663834186049e+00
4.007061663834186049e+00
4.007061663834186049e+00
4.008478153924304621e+00
4.008478153924304621e+00
4.008478153924304621e+00
4.008478153924304621e+00
4.008478153924304621e+00
4.008478153924304621e+00
4.008478153924304621e+00
4.008478153924304621e+00
4.008478153924304621e+00
4.008478153924304621e+00
4.008478153924304621e+00
4.008478153924304621e+00
4.008478153924304621e+00
4.008478153924304621e+00
4.008478153924304621e+00
4.008478153924304621e+00
4.008478153924304621e+00
4.009896036142500009e+00
4.009896036142500009e+00
4.009896036142500009e+00
4.009896036142500009e+00
4.009896036142500009e+00
4.009896036142500009e+00
4.009896036142500009e+00
4.009896036142500009e+00
4.009896036142500009e+00
4.009896036142500009e+00
4.009896036142500009e+00
4.009896036142500009e+00
4.009896036142500009e+00
4.009896036142500009e+00
4.011315313227834523e+00
4.011315313227834523e+00
4.011315313227834523e+00
4.011315313227834523e+00
4.011315313227834523e+00
4.011315313227834523e+00
4.011315313227834523e+00
4.011315313227834523e+00
4.011315313227834523e+00
4.011315313227834523e+00
4.011315313227834523e+00
4.011315313227834523e+00
4.012735987927461778e+00
4.012735987927461778e+00
4.012735987927461778e+00
4.012735987927461778e+00
4.012735987927461778e+00
4.012735987927461778e+00
4.012735987927461778e+00
4.012735987927461778e+00
4.012735987927461778e+00
4.012735987927461778e+00
4.012735987927461778e+00
4.012735987927461778e+00
4.012735987927461778e+00
4.012735987927461778e+00
4.014158062996659559e+00
4.014158062996659559e+00
4.014158062996659559e+00
4.014158062996659559e+00
4.014158062996659559e+00
4.014158062996659559e+00
4.014158062996659559e+00
4.014158062996659559e+00
4.014158062996659559e+00
4.014158062996659559e+00
4.015581541198861792e+00
4.015581541198861792e+00
4.015581541198861792e+00
4.015581541198861792e+00
4.015581541198861792e+00
4.015581541198861792e+00
4.015581541198861792e+00
4.015581541198861792e+00
4.015581541198861792e+00
4.015581541198861792e+00
4.015581541198861792e+00
4.015581541198861792e+00
4.015581541198861792e+00
4.015581541198861792e+00
4.015581541198861792e+00
4.015581541198861792e+00
4.015581541198861792e+00
4.015581541198861792e+00
4.015581541198861792e+00
4.017006425305689632e+00
4.017006425305689632e+00
4.017006425305689632e+00
4.017006425305689632e+00
4.017006425305689632e+00
4.017006425305689632e+00
4.017006425305689632e+00
4.017006425305689632e+00
4.017006425305689632e+00
4.017006425305689632e+00
4.017006425305689632e+00
4.017006425305689632e+00
4.017006425305689632e+00
4.017006425305689632e+00
4.017006425305689632e+00
4.017006425305689632e+00
4.018432718096985212e+00
4.018432718096985212e+00
4.018432718096985212e+00
4.018432718096985212e+00
4.018432718096985212e+00
4.018432718096985212e+00
4.018432718096985212e+00
4.018432718096985212e+00
4.018432718096985212e+00
4.018432718096985212e+00
4.018432718096985212e+00
4.018432718096985212e+00
4.018432718096985212e+00
4.018432718096985212e+00
4.018432718096985212e+00
4.018432718096985212e+00
4.019860422360842733e+00
4.019860422360842733e+00
4.019860422360842733e+00
4.019860422360842733e+00
4.019860422360842733e+00
4.019860422360842733e+00
4.019860422360842733e+00
4.019860422360842733e+00
4.019860422360842733e+00
4.019860422360842733e+00
4.019860422360842733e+00
4.019860422360842733e+00
4.019860422360842733e+00
4.019860422360842733e+00
4.019860422360842733e+00
4.021289540893643100e+00
4.021289540893643100e+00
4.021289540893643100e+00
4.021289540893643100e+00
4.021289540893643100e+00
4.021289540893643100e+00
4.021289540893643100e+00
4.021289540893643100e+00
4.022720076500083231e+00
4.022720076500083231e+00
4.022720076500083231e+00
4.022720076500083231e+00
4.022720076500083231e+00
4.022720076500083231e+00
4.022720076500083231e+00
4.022720076500083231e+00
4.022720076500083231e+00
4.024152031993215139e+00
4.024152031993215139e+00
4.024152031993215139e+00
4.024152031993215139e+00
4.024152031993215139e+00
4.024152031993215139e+00
4.024152031993215139e+00
4.024152031993215139e+00
4.024152031993215139e+00
4.024152031993215139e+00
4.025585410194472580e+00
4.025585410194472580e+00
4.025585410194472580e+00
4.025585410194472580e+00
4.025585410194472580e+00
4.025585410194472580e+00
4.025585410194472580e+00
4.025585410194472580e+00
4.027020213933709236e+00
4.027020213933709236e+00
4.027020213933709236e+00
4.027020213933709236e+00
4.027020213933709236e+00
4.027020213933709236e+00
4.027020213933709236e+00
4.027020213933709236e+00
4.027020213933709236e+00
4.027020213933709236e+00
4.027020213933709236e+00
4.027020213933709236e+00
4.028456446049228035e+00
4.028456446049228035e+00
4.028456446049228035e+00
4.028456446049228035e+00
4.028456446049228035e+00
4.028456446049228035e+00
4.028456446049228035e+00
4.028456446049228035e+00
4.028456446049228035e+00
4.028456446049228035e+00
4.028456446049228035e+00
4.028456446049228035e+00
4.028456446049228035e+00
4.028456446049228035e+00
4.029894109387819334e+00
4.029894109387819334e+00
4.029894109387819334e+00
4.029894109387819334e+00
4.029894109387819334e+00
4.029894109387819334e+00
4.029894109387819334e+00
4.029894109387819334e+00
4.029894109387819334e+00
4.029894109387819334e+00
4.029894109387819334e+00
4.029894109387819334e+00
4.031333206804792013e+00
4.031333206804792013e+00
4.031333206804792013e+00
4.031333206804792013e+00
4.031333206804792013e+00
4.031333206804792013e+00
4.031333206804792013e+00
4.031333206804792013e+00
4.031333206804792013e+00
4.032773741164006331e+00
4.032773741164006331e+00
4.032773741164006331e+00
4.032773741164006331e+00
4.032773741164006331e+00
4.034215715337913011e+00
4.034215715337913011e+00
4.034215715337913011e+00
4.034215715337913011e+00
4.034215715337913011e+00
4.035659132207581656e+00
4.035659132207581656e+00
4.035659132207581656e+00
4.035659132207581656e+00
4.035659132207581656e+00
4.035659132207581656e+00
4.035659132207581656e+00
4.037103994662739836e+00
4.037103994662739836e+00
4.037103994662739836e+00
4.037103994662739836e+00
4.037103994662739836e+00
4.037103994662739836e+00
4.037103994662739836e+00
4.037103994662739836e+00
4.038550305601804169e+00
4.038550305601804169e+00
4.038550305601804169e+00
4.038550305601804169e+00
4.039998067931919401e+00
4.039998067931919401e+00
4.039998067931919401e+00
4.039998067931919401e+00
4.039998067931919401e+00
4.039998067931919401e+00
4.039998067931919401e+00
4.041447284568988607e+00
4.041447284568988607e+00
4.041447284568988607e+00
4.041447284568988607e+00
4.041447284568988607e+00
4.041447284568988607e+00
4.041447284568988607e+00
4.041447284568988607e+00
4.041447284568988607e+00
4.041447284568988607e+00
4.042897958437714045e+00
4.042897958437714045e+00
4.042897958437714045e+00
4.042897958437714045e+00
4.042897958437714045e+00
4.042897958437714045e+00
4.042897958437714045e+00
4.042897958437714045e+00
4.044350092471626468e+00
4.044350092471626468e+00
4.044350092471626468e+00
4.044350092471626468e+00
4.045803689613125087e+00
4.045803689613125087e+00
4.045803689613125087e+00
4.045803689613125087e+00
4.045803689613125087e+00
4.045803689613125087e+00
4.045803689613125087e+00
4.045803689613125087e+00
4.045803689613125087e+00
4.045803689613125087e+00
4.047258752813512217e+00
4.047258752813512217e+00
4.047258752813512217e+00
4.047258752813512217e+00
4.047258752813512217e+00
4.047258752813512217e+00
4.047258752813512217e+00
4.048715285033027911e+00
4.048715285033027911e+00
4.048715285033027911e+00
4.048715285033027911e+00
4.048715285033027911e+00
4.050173289240889041e+00
4.050173289240889041e+00
4.050173289240889041e+00
4.050173289240889041e+00
4.051632768415322161e+00
4.051632768415322161e+00
4.051632768415322161e+00
4.051632768415322161e+00
4.051632768415322161e+00
4.051632768415322161e+00
4.051632768415322161e+00
4.051632768415322161e+00
4.053093725543602588e+00
4.053093725543602588e+00
4.053093725543602588e+00
4.054556163622088150e+00
4.054556163622088150e+00
4.054556163622088150e+00
4.054556163622088150e+00
4.054556163622088150e+00
4.054556163622088150e+00
4.054556163622088150e+00
4.054556163622088150e+00
4.056020085656261820e+00
4.056020085656261820e+00
4.056020085656261820e+00
4.056020085656261820e+00
4.056020085656261820e+00
4.056020085656261820e+00
4.056020085656261820e+00
4.056020085656261820e+00
4.056020085656261820e+00
4.056020085656261820e+00
4.056020085656261820e+00
4.056020085656261820e+00
4.056020085656261820e+00
4.057485494660760139e+00
4.057485494660760139e+00
4.057485494660760139e+00
4.057485494660760139e+00
4.057485494660760139e+00
4.057485494660760139e+00
4.058952393659419400e+00
4.058952393659419400e+00
4.058952393659419400e+00
4.058952393659419400e+00
4.058952393659419400e+00
4.058952393659419400e+00
4.060420785685306733e+00
4.060420785685306733e+00
4.060420785685306733e+00
4.060420785685306733e+00
4.060420785685306733e+00
4.060420785685306733e+00
4.060420785685306733e+00
4.060420785685306733e+00
4.061890673780760963e+00
4.061890673780760963e+00
4.061890673780760963e+00
4.061890673780760963e+00
4.063362060997429026e+00
4.063362060997429026e+00
4.063362060997429026e+00
4.063362060997429026e+00
4.064834950396305047e+00
4.064834950396305047e+00
4.064834950396305047e+00
4.064834950396305047e+00
4.064834950396305047e+00
4.064834950396305047e+00
4.064834950396305047e+00
4.066309345047765866e+00
4.066309345047765866e+00
4.066309345047765866e+00
4.066309345047765866e+00
4.067785248031614564e+00
4.067785248031614564e+00
4.067785248031614564e+00
4.067785248031614564e+00
4.067785248031614564e+00
4.067785248031614564e+00
4.069262662437113320e+00
4.069262662437113320e+00
4.069262662437113320e+00
4.069262662437113320e+00
4.069262662437113320e+00
4.069262662437113320e+00
4.069262662437113320e+00
4.069262662437113320e+00
4.069262662437113320e+00
4.069262662437113320e+00
4.070741591363026934e+00
4.070741591363026934e+00
4.070741591363026934e+00
4.070741591363026934e+00
4.070741591363026934e+00
4.072222037917657467e+00
4.072222037917657467e+00
4.072222037917657467e+00
4.072222037917657467e+00
4.072222037917657467e+00
4.073704005218888646e+00
4.075187496394218734e+00
4.075187496394218734e+00
4.075187496394218734e+00
4.075187496394218734e+00
4.076672514580807594e+00
4.076672514580807594e+00
4.078159062925509559e+00
4.079647144584918728e+00
4.079647144584918728e+00
4.081136762725405376e+00
4.081136762725405376e+00
4.081136762725405376e+00
4.081136762725405376e+00
4.082627920523158593e+00
4.082627920523158593e+00
4.082627920523158593e+00
4.082627920523158593e+00
4.084120621164227138e+00
4.084120621164227138e+00
4.085614867844557629e+00
4.085614867844557629e+00
4.087110663770038066e+00
4.087110663770038066e+00
4.087110663770038066e+00
4.087110663770038066e+00
4.088608012156540461e+00
4.090106916229958145e+00
4.091607379226249286e+00
4.091607379226249286e+00
4.094612994981869036e+00
4.094612994981869036e+00
4.094612994981869036e+00
4.096118154263820088e+00
4.096118154263820088e+00
4.097624885513974746e+00
4.099133192019251304e+00
4.100643077076888687e+00
4.102154543994488201e+00
4.102154543994488201e+00
4.103667596090057934e+00
4.106698469139436369e+00
4.109735722978890671e+00
4.111256751101740825e+00
4.114303626660604785e+00
4.115829480891565417e+00
4.120416750387216887e+00
4.120416750387216887e+00
4.135813855345720214e+00
4.145131616739763381e+00
4.152942653908664461e+00
