original prob: 79
probability if we exclude those that are not involved in any constraints: 79
0,4,0,0, 0,7,0,0, 0,0,0,0, 0,0,0,0, 0,0,0,0,
1,0,0,0, 8,0,0,0, 8,0,0,0, 0,8,0,0, 0,0,0,0,
0,0,0,1, 0,0,0,8, 0,0,0,8, 0,8,0,0, 0,0,0,0,
0,0,1,0, 0,0,8,0, 0,0,8,0, 0,8,0,0, 0,8,0,0,

0,0,0,0, 0,1,0,0, 0,1,0,0, 0,1,0,0, 0,1,0,0,
0,0,0,0, 1,0,0,0, 1,0,0,0, 0,1,0,0, 0,1,0,0,
0,0,0,0, 0,0,0,1, 0,0,0,1, 0,1,0,0, 0,1,0,0,
0,0,0,0, 0,0,1,0, 0,0,1,0, 0,1,0,0, 0,1,0,0,

-------------------------------------------------------
0,0,0,0, 0,0,0,0, 0,0,0,0, 0,0,0,0, 4,0,0,0,
0,0,0,0, 0,0,0,0, 0,0,0,0, 0,0,0,0, 0,0,0,0,
0,0,0,0, 0,0,0,0, 0,0,0,0, 0,0,0,0, 0,0,0,0,
0,8,0,0, 0,4,0,0, 0,4,0,0, 4,0,0,0, 0,0,0,0,

0,1,0,0, 0,1,0,0, 0,1,0,0, 0,1,0,0, 0,0,0,0,
0,1,0,0, 0,1,0,0, 0,1,0,0, 0,0,1,0, 0,1,0,0,
0,1,0,0, 0,1,0,0, 0,1,0,0, 0,0,0,1, 0,0,0,0,
0,1,0,0, 0,1,0,0, 0,1,0,0, 1,0,0,0, 0,0,0,0,

-------------------------------------------------------
4,0,0,0, 2,0,0,0, 0,0,0,0, 0,0,0,0, 0,0,0,0,
0,0,0,0, 0,0,0,0, 0,0,0,0, 0,0,0,0, 0,0,0,0,
0,0,0,0, 0,0,0,0, 0,0,0,0, 0,0,0,0, 0,0,0,0,
0,0,0,0, 0,0,0,0, 0,0,0,0, 0,0,0,0, 0,0,0,0,

0,0,0,0, 1,0,0,0, 1,0,0,0, 1,0,0,0, 0,0,0,0,
0,1,0,0, 0,1,0,0, 0,1,0,0, 0,0,1,0, 1,0,0,0,
0,0,0,0, 0,0,0,0, 0,0,0,0, 0,0,0,0, 0,0,0,0,
0,0,0,0, 0,0,0,0, 0,0,0,0, 0,0,0,0, 0,0,0,0,

-------------------------------------------------------
0,0,0,0, 0,0,0,0, 0,0,0,0, 0,0,0,0, 0,0,0,0,
0,0,0,0, 0,0,0,0, 0,0,0,0, 0,0,0,0, 0,0,0,0,
0,0,0,0, 0,0,0,0, 0,0,0,0, 0,0,0,0, 0,0,0,0,
0,0,0,0, 0,0,0,0, 0,0,0,0, 0,0,0,0, 0,0,0,0,

0,0,0,0, 0,0,0,0, 0,0,0,0, 0,0,0,0, 0,0,0,0,
1,0,0,0, 1,0,0,0, 1,0,0,0, 0,1,0,0, 0,0,0,0,
0,0,0,0, 0,0,0,0, 0,0,0,0, 0,0,0,0, 0,0,0,0,
0,0,0,0, 0,0,0,0, 0,0,0,0, 0,0,0,0, 0,0,0,0,

-------------------------------------------------------
0,0,0,0, 0,0,0,0, 0,0,0,0, 0,0,0,0, 0,0,0,0,
0,0,0,0, 0,0,0,0, 0,0,0,0, 0,0,0,0, 0,0,0,0,
0,0,0,0, 0,0,0,0, 0,0,0,0, 0,0,0,0, 0,0,0,0,
0,0,0,0, 0,0,0,0, 0,0,0,0, 0,0,0,0, 0,0,0,0,

0,0,0,0, 0,0,0,0, 0,0,0,0, 0,0,0,0, 0,0,0,0,
0,0,0,0, 0,0,0,0, 0,0,0,0, 0,0,0,0, 0,0,0,0,
0,0,0,0, 0,0,0,0, 0,0,0,0, 0,0,0,0, 0,0,0,0,
0,0,0,0, 0,0,0,0, 0,0,0,0, 0,0,0,0, 0,0,0,0,

-------------------------------------------------------
0,0,0,0, 0,0,0,0, 0,0,0,0, 0,0,0,0, 0,0,0,0,
0,0,0,0, 0,0,0,0, 0,0,0,0, 0,0,0,0, 0,0,0,0,
0,0,0,0, 0,0,0,0, 0,0,0,0, 0,0,0,0, 0,0,0,0,
0,0,0,0, 0,0,0,0, 0,0,0,0, 0,0,0,0, 0,0,0,0,

0,0,0,0, 0,0,0,0, 0,0,0,0, 0,0,0,0, 0,0,0,0,
0,0,0,0, 0,0,0,0, 0,0,0,0, 0,0,0,0, 0,0,0,0,
0,0,0,0, 0,0,0,0, 0,0,0,0, 0,0,0,0, 0,0,0,0,
0,0,0,0, 0,0,0,0, 0,0,0,0, 0,0,0,0, 0,0,0,0,

-------------------------------------------------------
0,0,0,0, 0,0,0,0, 0,0,0,0, 0,0,0,0, 0,0,0,0,
0,0,0,0, 0,0,0,0, 0,0,0,0, 0,0,0,0, 0,0,0,0,
0,0,0,0, 0,0,0,0, 0,0,0,0, 0,0,0,0, 0,0,0,0,
0,0,0,0, 0,0,0,0, 0,0,0,0, 0,0,0,0, 0,0,0,0,

0,0,0,0, 0,0,0,0, 0,0,0,0, 0,0,0,0, 0,0,0,0,
0,0,0,0, 0,0,0,0, 0,0,0,0, 0,0,0,0, 0,0,0,0,
0,0,0,0, 0,0,0,0, 0,0,0,0, 0,0,0,0, 0,0,0,0,
0,0,0,0, 0,0,0,0, 0,0,0,0, 0,0,0,0, 0,0,0,0,

-------------------------------------------------------
0,0,0,0, 0,0,0,0, 0,0,0,0, 0,0,0,0, 0,0,0,0,
0,0,0,0, 0,0,0,0, 0,0,0,0, 0,0,0,0, 0,0,0,0,
0,0,0,0, 0,0,0,0, 0,0,0,0, 0,0,0,0, 0,0,0,0,
0,0,0,0, 0,0,0,0, 0,0,0,0, 0,0,0,0, 0,0,0,0,

0,0,0,0, 0,0,0,0, 0,0,0,0, 0,0,0,0, 0,0,0,0,
0,0,0,0, 0,0,0,0, 0,0,0,0, 0,0,0,0, 0,0,0,0,
0,0,0,0, 0,0,0,0, 0,0,0,0, 0,0,0,0, 0,0,0,0,
0,0,0,0, 0,0,0,0, 0,0,0,0, 0,0,0,0, 0,0,0,0,

-------------------------------------------------------
0,0,0,0, 0,0,0,0, 0,0,0,0, 0,0,0,0, 0,0,0,0,
0,0,0,0, 0,0,0,0, 0,0,2,0, 0,0,0,2, 0,0,0,0,
0,0,0,0, 0,0,0,0, 0,0,0,0, 0,0,0,0, 0,0,0,2,
0,0,0,0, 0,0,0,0, 0,0,0,0, 0,0,0,0, 0,0,0,0,

0,0,0,0, 0,0,0,0, 0,0,0,0, 0,0,0,0, 0,0,0,0,
0,0,0,0, 0,0,0,0, 0,0,0,0, 0,0,0,0, 0,0,0,0,
0,0,0,0, 0,0,0,0, 0,0,0,0, 0,0,0,0, 0,0,0,0,
0,0,0,0, 0,0,0,0, 0,0,0,0, 0,0,0,0, 0,0,0,0,

-------------------------------------------------------
0,0,0,0, 0,0,0,0, 0,0,0,0, 0,0,0,0, 0,5,0,0,
0,0,0,0, 0,0,0,0, 0,0,0,0, 0,0,0,0, 0,0,0,0,
0,0,0,2, 0,0,0,5, 0,0,0,5, 0,5,0,0, 0,5,0,0,
0,0,0,0, 0,0,0,0, 0,0,0,0, 0,0,0,0, 0,5,0,0,

0,0,0,0, 0,0,0,0, 0,0,0,0, 0,0,0,0, 0,0,0,0,
0,0,0,0, 0,0,0,0, 0,0,0,0, 0,0,0,0, 0,0,0,0,
0,0,0,0, 0,0,0,1, 0,0,0,1, 0,1,0,0, 0,0,0,0,
0,0,0,0, 0,0,0,0, 0,0,0,0, 0,0,0,0, 0,0,0,0,

-------------------------------------------------------
0,5,0,0, 0,a,0,0, 0,a,0,0, 0,a,0,0, 2,a,0,2,
0,0,0,0, 0,0,0,0, 0,7,0,0, 0,0,7,0, 0,a,0,0,
0,5,0,0, 0,2,0,0, 0,2,0,0, 0,0,0,2, 0,0,7,2,
0,5,0,0, 0,2,0,0, 0,2,0,0, 2,0,0,0, 0,a,0,2,

0,0,0,0, 0,1,0,0, 0,1,0,0, 0,1,0,0, 0,0,0,0,
0,0,0,0, 0,0,0,0, 0,0,0,0, 0,0,0,0, 0,1,0,0,
0,0,0,0, 0,1,0,0, 0,1,0,0, 0,0,0,1, 0,0,0,0,
0,0,0,0, 0,1,0,0, 0,1,0,0, 1,0,0,0, 0,0,0,0,

-------------------------------------------------------
2,a,0,2, 1,5,0,5, 1,5,0,5, 1,5,0,5, 5,0,1,5,
0,a,0,0, 0,5,0,0, 0,5,0,0, 0,0,5,0, 1,5,0,5,
0,0,7,2, 0,0,1,5, 0,0,1,5, 1,5,0,0, 1,5,5,0,
0,a,0,2, 0,5,0,1, 0,5,0,1, 5,0,1,0, 0,0,0,5,

0,0,0,0, 1,1,0,1, 1,1,0,1, 1,1,0,1, 1,0,0,0,
0,1,0,0, 0,1,0,0, 0,1,0,0, 0,0,1,0, 1,1,0,1,
0,0,0,0, 0,0,1,1, 0,0,1,1, 1,1,0,0, 0,0,0,0,
0,0,0,0, 0,1,0,1, 0,1,0,1, 1,0,1,0, 1,1,0,0,

-------------------------------------------------------
5,0,1,5, 2,0,8,6, 2,0,8,2, 2,0,8,2, 0,0,0,0,
1,5,0,5, a,a,0,2, a,a,0,2, 2,a,a,0, 2,0,8,2,
1,5,5,0, a,2,2,0, a,2,2,0, 2,0,a,2, 0,a,0,2,
0,0,0,5, 0,0,0,2, 0,0,0,2, 0,0,2,0, 0,0,2,0,

1,0,0,0, 1,0,1,1, 1,0,1,1, 1,0,1,1, 1,0,1,1,
1,1,0,1, 1,1,0,1, 1,1,0,1, 1,1,1,0, 1,0,1,1,
0,0,0,0, 1,1,1,0, 1,1,1,0, 1,0,1,1, 1,0,1,0,
1,1,0,0, 1,1,0,1, 1,1,0,1, 1,0,1,1, 1,0,1,1,

-------------------------------------------------------
0,0,0,0, 0,0,0,0, 0,0,0,0, 0,0,0,0, 0,0,0,5,
2,0,8,2, 1,0,5,1, 1,0,5,1, 1,1,0,5, 0,0,0,0,
0,a,0,2, 0,5,0,1, 0,5,0,1, 0,1,0,5, 1,0,0,0,
0,0,2,0, 0,0,1,0, 0,0,1,0, 0,1,0,0, 0,1,0,5,

1,0,1,1, 1,0,1,1, 1,0,1,1, 1,0,1,1, 0,0,1,1,
1,0,1,1, 1,0,1,1, 1,0,1,1, 1,1,0,1, 1,0,1,1,
1,0,1,0, 1,1,1,1, 1,1,1,1, 1,1,1,1, 1,1,0,1,
1,0,1,1, 1,0,1,1, 1,0,1,1, 0,1,1,1, 1,0,1,1,

-------------------------------------------------------
0,0,0,5, 0,0,0,2, 0,0,0,2, 0,0,0,2, 8,0,2,2,
0,0,0,0, 0,0,0,0, 0,0,0,e, e,0,0,0, 0,0,0,2,
1,0,0,0, 8,0,0,0, 8,0,0,0, 0,0,8,0, e,0,8,0,
0,1,0,5, 0,8,0,a, 0,8,0,a, 8,0,a,0, 0,0,8,2,

0,0,1,1, 0,0,1,1, 0,0,1,1, 0,0,1,1, 0,0,1,1,
1,0,1,1, 1,0,1,1, 1,0,1,1, 1,1,0,1, 0,0,1,1,
1,1,0,1, 1,1,0,1, 1,1,0,1, 0,1,1,1, 0,1,0,1,
1,0,1,1, 1,1,1,1, 1,1,1,1, 1,1,1,1, 0,0,1,1,

-------------------------------------------------------
The constraints are (in the form of (round, position, input_diff, output_diff)
The number infront of each constraint corresponds to the grouping that each constraint falls under.
Each group is treated as independent in this computation
Some constraints may have more than one group identity. These groups have to be considered together
7 (0,1,4,7) (0,b,1,8) (1,d,8,4) linear
2 (a,1,5,a) (b,5,a,5) linear
a (b,0,2,1) (b,a,7,1) (b,d,a,5) (c,0,5,2) linear
a (b,0,2,1) (c,4,1,a) linear
8 (b,1,a,5) (c,5,5,a) linear
f (b,3,2,5) (c,7,5,2) linear
2 (c,0,5,2) (d,4,2,1) linear
4 (c,2,1,8) (d,6,8,5) linear
7 (c,3,5,6) (d,7,2,1) linear
4 (c,2,1,8) (c,8,1,a) (d,e,2,1) linear
7 a b 2 (c,3,5,6) (c,9,5,2) (b,0,2,1) (b,a,7,1) (c,c,0,0) (d,3,0,0) (d,9,a,5) (c,0,5,2) (c,a,5,2) (d,c,0,0) (e,3,5,2) nonlinear
f 3 (d,7,2,1) (c,5,5,a) (c,8,1,a) (d,a,0,0) (e,8,1,8) nonlinear
7 a b (c,3,5,6) (c,9,5,2) (b,0,2,1) (b,a,7,1) (c,c,0,0) (d,3,0,0) (d,9,a,5) (e,f,5,a) nonlinear
(b,d,a,5) (b,a,7,1) (c,4,1,a) (c,0,5,2)  higher-order linear
(c,8,1,a) (d,e,2,1) (d,6,8,5)  higher-order linear


This characteristic is not possible due to the following constraint.
(c,8,1,a) (d,e,2,1) (d,6,8,5) We will continue to search for more impossibilities...

