original prob: 69
probability if we exclude those that are not involved in any constraints: 69
0,0,0,0, 0,0,0,0, 0,0,0,0, 0,0,0,0, 0,0,4,0,
0,0,0,0, 0,0,0,0, 0,0,0,0, 0,0,0,0, 0,0,0,0,
0,0,0,0, 0,0,0,0, 0,0,0,0, 0,0,0,0, 0,0,0,0,
0,0,0,8, 0,0,0,4, 0,0,0,4, 0,0,4,0, 0,0,0,0,

0,0,0,0, 0,0,0,0, 0,0,0,0, 0,0,0,0, 0,0,0,0,
0,0,0,0, 0,0,0,0, 0,0,0,0, 0,0,0,0, 0,0,0,0,
0,0,0,0, 0,0,0,0, 0,0,0,0, 0,0,0,0, 0,0,0,0,
0,0,0,0, 0,0,0,1, 0,0,0,1, 0,0,1,0, 0,0,0,0,

-------------------------------------------------------
0,0,4,0, 0,0,2,0, 0,0,0,0, 0,0,0,0, 0,0,0,0,
0,0,0,0, 0,0,0,0, 0,0,0,0, 0,0,0,0, 0,0,0,0,
0,0,0,0, 0,0,0,0, 0,0,0,0, 0,0,0,0, 0,0,0,0,
0,0,0,0, 0,0,0,0, 0,0,0,0, 0,0,0,0, 0,0,0,0,

0,0,0,0, 0,0,1,0, 0,0,1,0, 0,0,1,0, 0,0,0,0,
0,0,0,0, 0,0,0,0, 0,0,0,0, 0,0,0,0, 0,0,1,0,
0,0,0,0, 0,0,0,0, 0,0,0,0, 0,0,0,0, 0,0,0,0,
0,0,0,0, 0,0,0,0, 0,0,0,0, 0,0,0,0, 0,0,0,0,

-------------------------------------------------------
0,0,0,0, 0,0,0,0, 0,0,0,0, 0,0,0,0, 0,0,0,0,
0,0,0,0, 0,0,0,0, 0,0,0,0, 0,0,0,0, 0,0,0,0,
0,0,0,0, 0,0,0,0, 0,0,0,0, 0,0,0,0, 0,0,0,0,
0,0,0,0, 0,0,0,0, 0,0,0,0, 0,0,0,0, 0,0,0,0,

0,0,0,0, 0,0,0,0, 0,0,0,0, 0,0,0,0, 0,0,0,0,
0,0,1,0, 0,0,1,0, 0,0,1,0, 0,0,0,1, 0,0,0,0,
0,0,0,0, 0,0,0,0, 0,0,0,0, 0,0,0,0, 0,0,0,0,
0,0,0,0, 0,0,0,0, 0,0,0,0, 0,0,0,0, 0,0,0,0,

-------------------------------------------------------
0,0,0,0, 0,0,0,0, 0,0,0,0, 0,0,0,0, 0,0,0,0,
0,0,0,0, 0,0,0,0, 0,0,0,0, 0,0,0,0, 0,0,0,0,
0,0,0,0, 0,0,0,0, 0,0,0,0, 0,0,0,0, 0,0,0,0,
0,0,0,0, 0,0,0,0, 0,0,0,0, 0,0,0,0, 0,0,0,0,

0,0,0,0, 0,0,0,0, 0,0,0,0, 0,0,0,0, 0,0,0,0,
0,0,0,0, 0,0,0,0, 0,0,0,0, 0,0,0,0, 0,0,0,0,
0,0,0,0, 0,0,0,0, 0,0,0,0, 0,0,0,0, 0,0,0,0,
0,0,0,0, 0,0,0,0, 0,0,0,0, 0,0,0,0, 0,0,0,0,

-------------------------------------------------------
0,0,0,0, 0,0,0,0, 0,0,0,0, 0,0,0,0, 0,0,0,0,
0,0,0,0, 0,0,0,0, 0,0,0,0, 0,0,0,0, 0,0,0,0,
0,0,0,0, 0,0,0,0, 0,0,0,0, 0,0,0,0, 0,0,0,0,
0,0,0,0, 0,0,0,0, 0,0,0,0, 0,0,0,0, 0,0,0,0,

0,0,0,0, 0,0,0,0, 0,0,0,0, 0,0,0,0, 0,0,0,0,
0,0,0,0, 0,0,0,0, 0,0,0,0, 0,0,0,0, 0,0,0,0,
0,0,0,0, 0,0,0,0, 0,0,0,0, 0,0,0,0, 0,0,0,0,
0,0,0,0, 0,0,0,0, 0,0,0,0, 0,0,0,0, 0,0,0,0,

-------------------------------------------------------
0,0,0,0, 0,0,0,0, 0,0,0,0, 0,0,0,0, 0,0,0,0,
0,0,0,0, 0,0,0,0, 0,0,4,0, 0,0,0,4, 0,0,0,0,
0,0,0,0, 0,0,0,0, 0,0,0,0, 0,0,0,0, 0,0,0,4,
0,0,0,0, 0,0,0,0, 0,0,0,0, 0,0,0,0, 0,0,0,0,

0,0,0,0, 0,0,0,0, 0,0,0,0, 0,0,0,0, 0,0,0,0,
0,0,0,0, 0,0,0,0, 0,0,0,0, 0,0,0,0, 0,0,0,0,
0,0,0,0, 0,0,0,0, 0,0,0,0, 0,0,0,0, 0,0,0,0,
0,0,0,0, 0,0,0,0, 0,0,0,0, 0,0,0,0, 0,0,0,0,

-------------------------------------------------------
0,0,0,0, 0,0,0,0, 0,0,0,0, 0,0,0,0, 0,2,0,0,
0,0,0,0, 0,0,0,0, 0,0,0,0, 0,0,0,0, 0,0,0,0,
0,0,0,4, 0,0,0,2, 0,0,0,2, 0,2,0,0, 0,2,0,0,
0,0,0,0, 0,0,0,0, 0,0,0,0, 0,0,0,0, 0,2,0,0,

0,0,0,0, 0,0,0,0, 0,0,0,0, 0,0,0,0, 0,0,0,0,
0,0,0,0, 0,0,0,0, 0,0,0,0, 0,0,0,0, 0,0,0,0,
0,0,0,0, 0,0,0,1, 0,0,0,1, 0,1,0,0, 0,0,0,0,
0,0,0,0, 0,0,0,0, 0,0,0,0, 0,0,0,0, 0,0,0,0,

-------------------------------------------------------
0,2,0,0, 0,1,0,0, 0,1,0,0, 0,1,0,0, 1,1,0,1,
0,0,0,0, 0,0,0,0, 0,d,0,0, 0,0,d,0, 0,1,0,0,
0,2,0,0, 0,1,0,0, 0,1,0,0, 0,0,0,1, 0,0,d,1,
0,2,0,0, 0,1,0,0, 0,1,0,0, 1,0,0,0, 0,1,0,1,

0,0,0,0, 0,1,0,0, 0,1,0,0, 0,1,0,0, 0,0,0,0,
0,0,0,0, 0,0,0,0, 0,0,0,0, 0,0,0,0, 0,1,0,0,
0,0,0,0, 0,1,0,0, 0,1,0,0, 0,0,0,1, 0,0,0,0,
0,0,0,0, 0,1,0,0, 0,1,0,0, 1,0,0,0, 0,0,0,0,

-------------------------------------------------------
1,1,0,1, 9,8,0,b, 9,8,0,b, 9,8,0,b, b,0,9,b,
0,1,0,0, 0,b,0,0, 0,b,0,0, 0,0,b,0, 9,8,0,b,
0,0,d,1, 0,0,9,8, 0,0,9,8, 9,8,0,0, 9,8,b,0,
0,1,0,1, 0,b,0,9, 0,b,0,9, b,0,9,0, 0,0,0,b,

0,0,0,0, 1,1,0,1, 1,1,0,1, 1,1,0,1, 1,0,0,0,
0,1,0,0, 0,1,0,0, 0,1,0,0, 0,0,1,0, 1,1,0,1,
0,0,0,0, 0,0,1,1, 0,0,1,1, 1,1,0,0, 0,0,0,0,
0,0,0,0, 0,1,0,1, 0,1,0,1, 1,0,1,0, 1,1,0,0,

-------------------------------------------------------
b,0,9,b, 1,0,4,3, 1,0,4,d, 1,0,4,d, 0,0,0,0,
9,8,0,b, 4,5,0,1, 4,5,0,1, 1,4,5,0, 1,0,4,d,
9,8,b,0, 5,d,1,0, 5,d,1,0, 1,0,5,d, 0,4,0,d,
0,0,0,b, 0,0,0,1, 0,0,0,1, 0,0,1,0, 0,0,1,0,

1,0,0,0, 1,0,1,1, 1,0,1,1, 1,0,1,1, 1,0,1,1,
1,1,0,1, 1,1,0,1, 1,1,0,1, 1,1,1,0, 1,0,1,1,
0,0,0,0, 1,1,1,0, 1,1,1,0, 1,0,1,1, 1,0,1,0,
1,1,0,0, 1,1,0,1, 1,1,0,1, 1,0,1,1, 1,0,1,1,

-------------------------------------------------------
0,0,0,0, 0,0,0,0, 0,0,0,0, 0,0,0,0, 0,0,0,b,
1,0,4,d, 9,0,b,9, 9,0,b,9, 9,9,0,b, 0,0,0,0,
0,4,0,d, 0,b,0,9, 0,b,0,9, 0,9,0,b, 9,0,0,0,
0,0,1,0, 0,0,9,0, 0,0,9,0, 0,9,0,0, 0,9,0,b,

1,0,1,1, 1,0,1,1, 1,0,1,1, 1,0,1,1, 0,0,1,1,
1,0,1,1, 1,0,1,1, 1,0,1,1, 1,1,0,1, 1,0,1,1,
1,0,1,0, 1,1,1,1, 1,1,1,1, 1,1,1,1, 1,1,0,1,
1,0,1,1, 1,0,1,1, 1,0,1,1, 0,1,1,1, 1,0,1,1,

-------------------------------------------------------
0,0,0,b, 0,0,0,3, 0,0,0,3, 0,0,0,3, 4,0,7,3,
0,0,0,0, 0,0,0,0, 0,0,0,8, 8,0,0,0, 0,0,0,3,
9,0,0,0, 4,0,0,0, 4,0,0,0, 0,0,4,0, 8,0,4,0,
0,9,0,b, 0,4,0,3, 0,4,0,3, 4,0,3,0, 0,0,4,3,

0,0,1,1, 0,0,1,1, 0,0,1,1, 0,0,1,1, 0,0,1,1,
1,0,1,1, 1,0,1,1, 1,0,1,1, 1,1,0,1, 0,0,1,1,
1,1,0,1, 1,1,0,1, 1,1,0,1, 0,1,1,1, 0,1,0,1,
1,0,1,1, 1,1,1,1, 1,1,1,1, 1,1,1,1, 0,0,1,1,

-------------------------------------------------------
The constraints are (in the form of (round, position, input_diff, output_diff)
The number infront of each constraint corresponds to the grouping that each constraint falls under.
Each group is treated as independent in this computation
Some constraints may have more than one group identity. These groups have to be considered together
2 (7,1,2,1) (8,5,1,b) linear
a (8,0,1,9) (8,a,d,9) (8,d,1,b) (9,0,b,1) linear
a (8,0,1,9) (9,4,9,4) linear
8 (8,1,1,8) (9,5,8,5) linear
f (8,3,1,b) (9,7,b,1) linear
2 (9,0,b,1) (a,4,1,9) linear
4 (9,2,9,4) (a,6,4,b) linear
7 (9,3,b,3) (a,7,d,9) linear
4 (9,2,9,4) (9,8,9,5) (a,e,1,9) linear
7 a b 2 (9,3,b,3) (9,9,8,d) (8,0,1,9) (8,a,d,9) (9,c,0,0) (a,3,0,0) (a,9,4,b) (9,0,b,1) (9,a,b,1) (a,c,0,0) (b,3,b,3) nonlinear
f 3 (a,7,d,9) (9,5,8,5) (9,8,9,5) (a,a,0,0) (b,8,9,4) nonlinear
7 a b (9,3,b,3) (9,9,8,d) (8,0,1,9) (8,a,d,9) (9,c,0,0) (a,3,0,0) (a,9,4,b) (b,f,b,3) nonlinear
(8,d,1,b) (8,a,d,9) (9,4,9,4) (9,0,b,1)  higher-order linear
(9,8,9,5) (a,e,1,9) (a,6,4,b)  higher-order linear
Original prob: 69
Independent prob (prob ignoring the ones depend on keys): 45

These are the splits:
(7,1,2,1) (8,5,1,b) 
-----------------------------------------------
(8,0,1,9) (8,a,d,9) (8,d,1,b) (9,0,b,1) 
(8,0,1,9) (9,4,9,4) 
(9,3,b,3) (9,9,8,d) (8,0,1,9) (8,a,d,9) (9,c,0,0) (a,3,0,0) (a,9,4,b) (9,0,b,1) (9,a,b,1) (a,c,0,0) (b,3,b,3) 
(9,3,b,3) (9,9,8,d) (8,0,1,9) (8,a,d,9) (9,c,0,0) (a,3,0,0) (a,9,4,b) (b,f,b,3) 
(8,0,1,9) (8,a,d,9) (8,d,1,b) (9,0,b,1) (9,4,9,4) 
-----------------------------------------------
(8,1,1,8) (9,5,8,5) 
-----------------------------------------------
(8,3,1,b) (9,7,b,1) 
-----------------------------------------------
(9,0,b,1) (a,4,1,9) 
-----------------------------------------------
(9,2,9,4) (a,6,4,b) 
(9,2,9,4) (9,8,9,5) (a,e,1,9) 
(9,2,9,4) (9,8,9,5) (a,6,4,b) (a,e,1,9) 
-----------------------------------------------
(9,3,b,3) (a,7,d,9) 
-----------------------------------------------
(a,7,d,9) (9,5,8,5) (9,8,9,5) (a,a,0,0) (b,8,9,4) 
-----------------------------------------------
===============================================
Computing the following constraints theoretically: 
9 (7,1,2,1) (8,5,1,b) linear

key space reduction: -1
-1: 100
-------------------------------------
Computing the following constraints theoretically: 
a (8,0,1,9) (8,a,d,9) (8,d,1,b) (9,0,b,1) linear
a (8,0,1,9) (9,4,9,4) linear
7 a b 2 (9,3,b,3) (9,9,8,d) (8,0,1,9) (8,a,d,9) (9,c,0,0) (a,3,0,0) (a,9,4,b) (9,0,b,1) (9,a,b,1) (a,c,0,0) (b,3,b,3) nonlinear
7 a b (9,3,b,3) (9,9,8,d) (8,0,1,9) (8,a,d,9) (9,c,0,0) (a,3,0,0) (a,9,4,b) (b,f,b,3) nonlinear
a (8,0,1,9) (8,a,d,9) (8,d,1,b) (9,0,b,1) (9,4,9,4) higher order

key space reduction: -4
-3: 25
-2: 50
-1.41504: 25
-------------------------------------
Computing the following constraints theoretically: 
9 (8,1,1,8) (9,5,8,5) linear

key space reduction: -2
0: 100
-------------------------------------
Computing the following constraints theoretically: 
b (8,3,1,b) (9,7,b,1) linear

key space reduction: -2
0: 100
-------------------------------------
Computing the following constraints theoretically: 
8 (9,0,b,1) (a,4,1,9) linear

key space reduction: -2
0: 100
-------------------------------------
Computing the following constraints theoretically: 
a (9,2,9,4) (a,6,4,b) linear
a (9,2,9,4) (9,8,9,5) (a,e,1,9) linear
a (9,2,9,4) (9,8,9,5) (a,6,4,b) (a,e,1,9) higher order

key space reduction: -2
-1: 100
-------------------------------------
Computing the following constraints theoretically: 
b (9,3,b,3) (a,7,d,9) linear

key space reduction: 0
-2: 100
-------------------------------------
Computing the following constraints theoretically: 
f 3 (a,7,d,9) (9,5,8,5) (9,8,9,5) (a,a,0,0) (b,8,9,4) nonlinear

key space reduction: -0.415037
-2: 66.6667
-1: 33.3333
-------------------------------------
==============================================
For the theoretical side: 
The following are the distribution: 
Key reduction: -13.415
6.415: 8.33333
7: 16.6667
7.415: 16.6667
8: 41.6667
9: 16.6667
==============================================
==============================================
Overall: 
The following is the probability distribution: 
Key reduction: -13.415
51.415: 8.33333
52: 16.6667
52.415: 16.6667
53: 41.6667
54: 16.6667
==============================================
