original prob: 77
probability if we exclude those that are not involved in any constraints: 77
2,0,0,0, 3,0,0,0, 0,0,0,0, 0,0,0,0, 0,0,0,0,
0,0,1,0, 0,0,8,0, 0,0,8,0, 0,0,0,8, 0,0,0,0,
0,1,0,0, 0,8,0,0, 0,8,0,0, 0,0,0,8, 0,0,0,0,
1,0,0,0, 8,0,0,0, 8,0,0,0, 0,0,0,8, 0,0,0,8,

0,0,0,0, 1,0,0,0, 1,0,0,0, 1,0,0,0, 0,0,0,0,
0,0,0,0, 0,0,1,0, 0,0,1,0, 0,0,0,1, 1,0,0,0,
0,0,0,0, 0,1,0,0, 0,1,0,0, 0,0,0,1, 0,0,0,1,
0,0,0,0, 1,0,0,0, 1,0,0,0, 0,0,0,1, 0,0,0,0,

-------------------------------------------------------
0,0,0,0, 0,0,0,0, 0,0,0,0, 0,0,0,0, 0,0,4,0,
0,0,0,0, 0,0,0,0, 0,0,0,0, 0,0,0,0, 0,0,0,0,
0,0,0,0, 0,0,0,0, 0,0,0,0, 0,0,0,0, 0,0,0,0,
0,0,0,8, 0,0,0,4, 0,0,0,4, 0,0,4,0, 0,0,0,0,

0,0,0,0, 0,0,0,0, 0,0,0,0, 0,0,0,0, 0,0,0,0,
1,0,0,0, 1,0,0,0, 1,0,0,0, 0,1,0,0, 0,0,0,0,
0,0,0,1, 0,0,0,1, 0,0,0,1, 0,1,0,0, 0,1,0,0,
0,0,0,0, 0,0,0,1, 0,0,0,1, 0,0,1,0, 0,0,0,0,

-------------------------------------------------------
0,0,4,0, 0,0,2,0, 0,0,0,0, 0,0,0,0, 0,0,0,0,
0,0,0,0, 0,0,0,0, 0,0,0,0, 0,0,0,0, 0,0,0,0,
0,0,0,0, 0,0,0,0, 0,0,0,0, 0,0,0,0, 0,0,0,0,
0,0,0,0, 0,0,0,0, 0,0,0,0, 0,0,0,0, 0,0,0,0,

0,0,0,0, 0,0,1,0, 0,0,1,0, 0,0,1,0, 0,0,0,0,
0,0,0,0, 0,0,0,0, 0,0,0,0, 0,0,0,0, 0,0,1,0,
0,1,0,0, 0,1,0,0, 0,1,0,0, 0,0,0,1, 0,0,0,0,
0,0,0,0, 0,0,0,0, 0,0,0,0, 0,0,0,0, 0,0,0,0,

-------------------------------------------------------
0,0,0,0, 0,0,0,0, 0,0,0,0, 0,0,0,0, 0,0,0,0,
0,0,0,0, 0,0,0,0, 0,0,0,0, 0,0,0,0, 0,0,0,0,
0,0,0,0, 0,0,0,0, 0,0,0,0, 0,0,0,0, 0,0,0,0,
0,0,0,0, 0,0,0,0, 0,0,0,0, 0,0,0,0, 0,0,0,0,

0,0,0,0, 0,0,0,0, 0,0,0,0, 0,0,0,0, 0,0,0,0,
0,0,1,0, 0,0,1,0, 0,0,1,0, 0,0,0,1, 0,0,0,0,
0,0,0,0, 0,0,0,0, 0,0,0,0, 0,0,0,0, 0,0,0,0,
0,0,0,0, 0,0,0,0, 0,0,0,0, 0,0,0,0, 0,0,0,0,

-------------------------------------------------------
0,0,0,0, 0,0,0,0, 0,0,0,0, 0,0,0,0, 0,0,0,0,
0,0,0,0, 0,0,0,0, 0,0,0,0, 0,0,0,0, 0,0,0,0,
0,0,0,0, 0,0,0,0, 0,0,0,0, 0,0,0,0, 0,0,0,0,
0,0,0,0, 0,0,0,0, 0,0,0,0, 0,0,0,0, 0,0,0,0,

0,0,0,0, 0,0,0,0, 0,0,0,0, 0,0,0,0, 0,0,0,0,
0,0,0,0, 0,0,0,0, 0,0,0,0, 0,0,0,0, 0,0,0,0,
0,0,0,0, 0,0,0,0, 0,0,0,0, 0,0,0,0, 0,0,0,0,
0,0,0,0, 0,0,0,0, 0,0,0,0, 0,0,0,0, 0,0,0,0,

-------------------------------------------------------
0,0,0,0, 0,0,0,0, 0,0,0,0, 0,0,0,0, 0,0,0,0,
0,0,0,0, 0,0,0,0, 0,0,0,0, 0,0,0,0, 0,0,0,0,
0,0,0,0, 0,0,0,0, 0,0,0,0, 0,0,0,0, 0,0,0,0,
0,0,0,0, 0,0,0,0, 0,0,0,0, 0,0,0,0, 0,0,0,0,

0,0,0,0, 0,0,0,0, 0,0,0,0, 0,0,0,0, 0,0,0,0,
0,0,0,0, 0,0,0,0, 0,0,0,0, 0,0,0,0, 0,0,0,0,
0,0,0,0, 0,0,0,0, 0,0,0,0, 0,0,0,0, 0,0,0,0,
0,0,0,0, 0,0,0,0, 0,0,0,0, 0,0,0,0, 0,0,0,0,

-------------------------------------------------------
0,0,0,0, 0,0,0,0, 0,0,0,0, 0,0,0,0, 0,0,0,0,
0,0,0,0, 0,0,0,0, 0,0,4,0, 0,0,0,4, 0,0,0,0,
0,0,0,0, 0,0,0,0, 0,0,0,0, 0,0,0,0, 0,0,0,4,
0,0,0,0, 0,0,0,0, 0,0,0,0, 0,0,0,0, 0,0,0,0,

0,0,0,0, 0,0,0,0, 0,0,0,0, 0,0,0,0, 0,0,0,0,
0,0,0,0, 0,0,0,0, 0,0,0,0, 0,0,0,0, 0,0,0,0,
0,0,0,0, 0,0,0,0, 0,0,0,0, 0,0,0,0, 0,0,0,0,
0,0,0,0, 0,0,0,0, 0,0,0,0, 0,0,0,0, 0,0,0,0,

-------------------------------------------------------
0,0,0,0, 0,0,0,0, 0,0,0,0, 0,0,0,0, 0,2,0,0,
0,0,0,0, 0,0,0,0, 0,0,0,0, 0,0,0,0, 0,0,0,0,
0,0,0,4, 0,0,0,2, 0,0,0,2, 0,2,0,0, 0,2,0,0,
0,0,0,0, 0,0,0,0, 0,0,0,0, 0,0,0,0, 0,2,0,0,

0,0,0,0, 0,0,0,0, 0,0,0,0, 0,0,0,0, 0,0,0,0,
0,0,0,0, 0,0,0,0, 0,0,0,0, 0,0,0,0, 0,0,0,0,
0,0,0,0, 0,0,0,1, 0,0,0,1, 0,1,0,0, 0,0,0,0,
0,0,0,0, 0,0,0,0, 0,0,0,0, 0,0,0,0, 0,0,0,0,

-------------------------------------------------------
0,2,0,0, 0,1,0,0, 0,1,0,0, 0,1,0,0, 1,1,0,1,
0,0,0,0, 0,0,0,0, 0,d,0,0, 0,0,d,0, 0,1,0,0,
0,2,0,0, 0,1,0,0, 0,1,0,0, 0,0,0,1, 0,0,d,1,
0,2,0,0, 0,1,0,0, 0,1,0,0, 1,0,0,0, 0,1,0,1,

0,0,0,0, 0,1,0,0, 0,1,0,0, 0,1,0,0, 0,0,0,0,
0,0,0,0, 0,0,0,0, 0,0,0,0, 0,0,0,0, 0,1,0,0,
0,0,0,0, 0,1,0,0, 0,1,0,0, 0,0,0,1, 0,0,0,0,
0,0,0,0, 0,1,0,0, 0,1,0,0, 1,0,0,0, 0,0,0,0,

-------------------------------------------------------
1,1,0,1, 9,9,0,a, 9,9,0,a, 9,9,0,a, a,0,b,a,
0,1,0,0, 0,a,0,0, 0,a,0,0, 0,0,a,0, 9,9,0,a,
0,0,d,1, 0,0,9,9, 0,0,9,9, 9,9,0,0, 9,9,a,0,
0,1,0,1, 0,a,0,b, 0,a,0,b, a,0,b,0, 0,0,0,a,

0,0,0,0, 1,1,0,1, 1,1,0,1, 1,1,0,1, 1,0,0,0,
0,1,0,0, 0,1,0,0, 0,1,0,0, 0,0,1,0, 1,1,0,1,
0,0,0,0, 0,0,1,1, 0,0,1,1, 1,1,0,0, 0,0,0,0,
0,0,0,0, 0,1,0,1, 0,1,0,1, 1,0,1,0, 1,1,0,0,

-------------------------------------------------------
a,0,b,a, 5,0,1,b, 5,0,1,5, 5,0,1,5, 0,0,0,0,
9,9,0,a, 5,4,0,5, 5,4,0,5, 5,5,4,0, 5,0,1,5,
9,9,a,0, 4,5,5,0, 4,5,5,0, 5,0,4,5, 0,5,0,5,
0,0,0,a, 0,0,0,5, 0,0,0,5, 0,0,5,0, 0,0,5,0,

1,0,0,0, 1,0,1,1, 1,0,1,1, 1,0,1,1, 1,0,1,1,
1,1,0,1, 1,1,0,1, 1,1,0,1, 1,1,1,0, 1,0,1,1,
0,0,0,0, 1,1,1,0, 1,1,1,0, 1,0,1,1, 1,0,1,0,
1,1,0,0, 1,1,0,1, 1,1,0,1, 1,0,1,1, 1,0,1,1,

-------------------------------------------------------
0,0,0,0, 0,0,0,0, 0,0,0,0, 0,0,0,0, 0,0,0,a,
5,0,1,5, 2,0,a,2, 2,0,a,2, 2,2,0,a, 0,0,0,0,
0,5,0,5, 0,a,0,2, 0,a,0,2, 0,2,0,a, 2,0,0,0,
0,0,5,0, 0,0,2,0, 0,0,2,0, 0,2,0,0, 0,2,0,a,

1,0,1,1, 1,0,1,1, 1,0,1,1, 1,0,1,1, 0,0,1,1,
1,0,1,1, 1,0,1,1, 1,0,1,1, 1,1,0,1, 1,0,1,1,
1,0,1,0, 1,1,1,1, 1,1,1,1, 1,1,1,1, 1,1,0,1,
1,0,1,1, 1,0,1,1, 1,0,1,1, 0,1,1,1, 1,0,1,1,

-------------------------------------------------------
0,0,0,a, 0,0,0,5, 0,0,0,5, 0,0,0,5, 6,0,4,5,
0,0,0,0, 0,0,0,0, 0,0,0,8, 8,0,0,0, 0,0,0,5,
2,0,0,0, 1,0,0,0, 1,0,0,0, 0,0,1,0, 8,0,1,0,
0,2,0,a, 0,6,0,5, 0,6,0,5, 6,0,5,0, 0,0,1,5,

0,0,1,1, 0,0,1,1, 0,0,1,1, 0,0,1,1, 0,0,1,1,
1,0,1,1, 1,0,1,1, 1,0,1,1, 1,1,0,1, 0,0,1,1,
1,1,0,1, 1,1,0,1, 1,1,0,1, 0,1,1,1, 0,1,0,1,
1,0,1,1, 1,1,1,1, 1,1,1,1, 1,1,1,1, 0,0,1,1,

-------------------------------------------------------
The constraints are (in the form of (round, position, input_diff, output_diff)
The number infront of each constraint corresponds to the grouping that each constraint falls under.
Each group is treated as independent in this computation
Some constraints may have more than one group identity. These groups have to be considered together
2 (8,1,2,1) (9,5,1,a) linear
a (9,0,1,9) (9,a,d,9) (9,d,1,a) (a,0,a,5) linear
a (9,0,1,9) (a,4,9,5) linear
8 (9,1,1,9) (a,5,9,4) linear
f (9,3,1,a) (a,7,a,5) linear
2 (a,0,a,5) (b,4,5,2) linear
4 (a,2,b,1) (b,6,1,a) linear
7 (a,3,a,b) (b,7,5,2) linear
4 (a,2,b,1) (a,8,9,4) (b,e,5,2) linear
7 a b 2 (a,3,a,b) (a,9,9,5) (9,0,1,9) (9,a,d,9) (a,c,0,0) (b,3,0,0) (b,9,5,a) (a,0,a,5) (a,a,a,5) (b,c,0,0) (c,3,a,5) nonlinear
f 3 (b,7,5,2) (a,5,9,4) (a,8,9,4) (b,a,0,0) (c,8,2,1) nonlinear
7 a b (a,3,a,b) (a,9,9,5) (9,0,1,9) (9,a,d,9) (a,c,0,0) (b,3,0,0) (b,9,5,a) (c,f,a,5) nonlinear
(9,d,1,a) (9,a,d,9) (a,4,9,5) (a,0,a,5)  higher-order linear
(a,8,9,4) (b,e,5,2) (b,6,1,a)  higher-order linear
Original prob: 77
Independent prob (prob ignoring the ones depend on keys): 53

These are the splits:
(8,1,2,1) (9,5,1,a) 
-----------------------------------------------
(9,0,1,9) (9,a,d,9) (9,d,1,a) (a,0,a,5) 
(9,0,1,9) (a,4,9,5) 
(a,3,a,b) (a,9,9,5) (9,0,1,9) (9,a,d,9) (a,c,0,0) (b,3,0,0) (b,9,5,a) (a,0,a,5) (a,a,a,5) (b,c,0,0) (c,3,a,5) 
(a,3,a,b) (a,9,9,5) (9,0,1,9) (9,a,d,9) (a,c,0,0) (b,3,0,0) (b,9,5,a) (c,f,a,5) 
(9,0,1,9) (9,a,d,9) (9,d,1,a) (a,0,a,5) (a,4,9,5) 
-----------------------------------------------
(9,1,1,9) (a,5,9,4) 
-----------------------------------------------
(9,3,1,a) (a,7,a,5) 
-----------------------------------------------
(a,0,a,5) (b,4,5,2) 
-----------------------------------------------
(a,2,b,1) (b,6,1,a) 
(a,2,b,1) (a,8,9,4) (b,e,5,2) 
(a,2,b,1) (a,8,9,4) (b,6,1,a) (b,e,5,2) 
-----------------------------------------------
(a,3,a,b) (b,7,5,2) 
-----------------------------------------------
(b,7,5,2) (a,5,9,4) (a,8,9,4) (b,a,0,0) (c,8,2,1) 
-----------------------------------------------
===============================================
Computing the following constraints theoretically: 
9 (8,1,2,1) (9,5,1,a) linear

key space reduction: -1
-1: 100
-------------------------------------
Computing the following constraints theoretically: 
a (9,0,1,9) (9,a,d,9) (9,d,1,a) (a,0,a,5) linear
a (9,0,1,9) (a,4,9,5) linear
7 a b 2 (a,3,a,b) (a,9,9,5) (9,0,1,9) (9,a,d,9) (a,c,0,0) (b,3,0,0) (b,9,5,a) (a,0,a,5) (a,a,a,5) (b,c,0,0) (c,3,a,5) nonlinear
7 a b (a,3,a,b) (a,9,9,5) (9,0,1,9) (9,a,d,9) (a,c,0,0) (b,3,0,0) (b,9,5,a) (c,f,a,5) nonlinear
a (9,0,1,9) (9,a,d,9) (9,d,1,a) (a,0,a,5) (a,4,9,5) higher order

key space reduction: -2.41504
-6: 16.6667
-5: 41.6667
-4.41504: 16.6667
-4: 16.6667
-3.41504: 8.33333
-------------------------------------
Computing the following constraints theoretically: 
9 (9,1,1,9) (a,5,9,4) linear

key space reduction: -2
0: 100
-------------------------------------
Computing the following constraints theoretically: 
b (9,3,1,a) (a,7,a,5) linear

key space reduction: -2
0: 100
-------------------------------------
Computing the following constraints theoretically: 
8 (a,0,a,5) (b,4,5,2) linear

key space reduction: -2
0: 100
-------------------------------------
Computing the following constraints theoretically: 
a (a,2,b,1) (b,6,1,a) linear
a (a,2,b,1) (a,8,9,4) (b,e,5,2) linear
a (a,2,b,1) (a,8,9,4) (b,6,1,a) (b,e,5,2) higher order

key space reduction: -2
-1: 100
-------------------------------------
Computing the following constraints theoretically: 
b (a,3,a,b) (b,7,5,2) linear

key space reduction: -1
-1: 100
-------------------------------------
Computing the following constraints theoretically: 
f 3 (b,7,5,2) (a,5,9,4) (a,8,9,4) (b,a,0,0) (c,8,2,1) nonlinear

key space reduction: -0.415037
-2: 66.6667
-1: 33.3333
-------------------------------------
==============================================
For the theoretical side: 
The following are the distribution: 
Key reduction: -12.8301
7.415: 2.77778
8: 5.55556
8.415: 11.1111
9: 25
9.415: 11.1111
10: 33.3333
11: 11.1111
==============================================
==============================================
Overall: 
The following is the probability distribution: 
Key reduction: -12.8301
60.415: 2.77778
61: 5.55556
61.415: 11.1111
62: 25
62.415: 11.1111
63: 33.3333
64: 11.1111
==============================================
