original prob: 46
probability if we exclude those that are not involved in any constraints: 46
0,0,0,0, 0,0,0,0, 1,0,0,0, 1,0,0,0, 1,0,0,0,
0,0,0,2, 0,0,0,1, 0,0,0,1, 1,0,0,0, 1,0,0,0,
0,0,2,0, 0,0,1,0, 0,0,1,0, 1,0,0,0, 0,0,0,0,
0,2,0,0, 0,1,0,0, 0,1,0,0, 1,0,0,0, 0,0,0,0,

0,0,0,0, 0,0,0,0, 0,0,0,0, 0,0,0,0, 0,0,0,0,
0,0,0,0, 0,0,0,1, 0,0,0,1, 1,0,0,0, 0,0,0,0,
0,0,0,0, 0,0,1,0, 0,0,1,0, 1,0,0,0, 1,0,0,0,
0,0,0,0, 0,1,0,0, 0,1,0,0, 1,0,0,0, 0,0,0,0,

-------------------------------------------------------
1,0,0,0, b,0,0,0, 0,0,0,0, 0,0,0,0, 0,0,0,0,
1,0,0,0, 8,0,0,0, 0,0,0,0, 0,0,0,0, 0,0,0,0,
0,0,0,0, 0,0,0,0, 0,0,0,0, 0,0,0,0, 0,0,0,0,
0,0,0,0, 0,0,0,0, 0,0,0,0, 0,0,0,0, 0,0,0,0,

0,0,0,0, 1,0,0,0, 1,0,0,0, 1,0,0,0, 0,0,0,0,
0,0,0,0, 1,0,0,0, 1,0,0,0, 0,1,0,0, 1,0,0,0,
1,0,0,0, 1,0,0,0, 1,0,0,0, 0,0,1,0, 0,0,0,0,
0,0,0,0, 0,0,0,0, 0,0,0,0, 0,0,0,0, 0,0,0,0,

-------------------------------------------------------
0,0,0,0, 0,0,0,0, 0,0,1,0, 0,0,1,0, 0,0,1,0,
0,0,0,0, 0,0,0,0, 0,0,0,0, 0,0,0,0, 0,0,1,0,
0,0,0,0, 0,0,0,0, 0,0,0,0, 0,0,0,0, 0,0,0,0,
0,0,0,0, 0,0,0,0, 0,0,0,0, 0,0,0,0, 0,0,1,0,

0,0,0,0, 0,0,0,0, 0,0,0,0, 0,0,0,0, 0,0,0,0,
1,0,0,0, 1,0,0,0, 1,0,0,0, 0,1,0,0, 0,0,0,0,
0,0,0,0, 0,0,0,0, 0,0,0,0, 0,0,0,0, 0,0,0,0,
0,0,0,0, 0,0,0,0, 0,0,0,0, 0,0,0,0, 0,0,0,0,

-------------------------------------------------------
0,0,1,0, 0,0,b,0, 0,0,0,0, 0,0,0,0, 0,b,0,0,
0,0,1,0, 0,0,a,0, 0,0,2,0, 0,0,0,2, 0,0,0,0,
0,0,0,0, 0,0,0,0, 0,0,0,0, 0,0,0,0, 0,0,0,2,
0,0,1,0, 0,0,b,0, 0,0,b,0, 0,b,0,0, 0,0,0,0,

0,0,0,0, 0,0,1,0, 0,0,1,0, 0,0,1,0, 0,0,0,0,
0,0,0,0, 0,0,1,0, 0,0,1,0, 0,0,0,1, 0,0,1,0,
0,0,0,0, 0,0,0,0, 0,0,0,0, 0,0,0,0, 0,0,0,0,
0,0,0,0, 0,0,1,0, 0,0,1,0, 0,1,0,0, 0,0,0,0,

-------------------------------------------------------
0,b,0,0, 0,1,0,0, 0,1,0,0, 0,1,0,0, 0,0,0,0,
0,0,0,0, 0,0,0,0, 1,0,0,0, 0,1,0,0, 0,1,0,0,
0,0,0,2, 0,0,0,1, 0,0,0,1, 0,1,0,0, 0,0,0,0,
0,0,0,0, 0,0,0,0, 0,0,0,0, 0,0,0,0, 0,0,0,0,

0,0,0,0, 0,1,0,0, 0,1,0,0, 0,1,0,0, 0,0,0,0,
0,0,1,0, 0,0,1,0, 0,0,1,0, 0,0,0,1, 0,1,0,0,
0,0,0,0, 0,0,0,1, 0,0,0,1, 0,1,0,0, 0,0,0,0,
0,0,0,0, 0,0,0,0, 0,0,0,0, 0,0,0,0, 0,1,0,0,

-------------------------------------------------------
0,0,0,0, 0,0,0,0, 0,0,0,0, 0,0,0,0, 0,0,0,0,
0,1,0,0, 0,8,0,0, b,0,0,0, 0,b,0,0, 0,0,0,0,
0,0,0,0, 0,0,0,0, 0,0,0,0, 0,0,0,0, 0,b,0,0,
0,0,0,0, 0,0,0,0, 0,0,0,0, 0,0,0,0, 0,0,0,0,

0,0,0,0, 0,0,0,0, 0,0,0,0, 0,0,0,0, 0,0,0,0,
0,1,0,0, 0,1,0,0, 0,1,0,0, 0,0,1,0, 0,0,0,0,
0,0,0,0, 0,0,0,0, 0,0,0,0, 0,0,0,0, 0,0,0,0,
0,1,0,0, 0,1,0,0, 0,1,0,0, 1,0,0,0, 0,0,0,0,

-------------------------------------------------------
0,0,0,0, 0,0,0,0, 0,0,0,0, 0,0,0,0, 0,0,0,1,
0,0,0,0, 0,0,0,0, 0,0,1,0, 0,0,0,1, 0,0,0,0,
0,b,0,0, 0,1,0,0, 0,1,0,0, 0,0,0,1, 0,0,0,0,
0,0,0,0, 0,0,0,0, 0,0,0,0, 0,0,0,0, 0,0,0,1,

0,0,0,0, 0,0,0,0, 0,0,0,0, 0,0,0,0, 0,0,0,0,
0,0,0,0, 0,0,0,0, 0,0,0,0, 0,0,0,0, 0,0,0,0,
0,0,0,0, 0,1,0,0, 0,1,0,0, 0,0,0,1, 0,0,0,0,
0,0,0,0, 0,0,0,0, 0,0,0,0, 0,0,0,0, 0,0,0,0,

-------------------------------------------------------
0,0,0,1, 0,0,0,8, 0,0,0,0, 0,0,0,0, 0,0,8,0,
0,0,0,0, 0,0,0,0, 0,0,b,0, 0,0,0,b, 0,0,0,0,
0,0,0,0, 0,0,0,0, 0,0,0,0, 0,0,0,0, 0,0,0,b,
0,0,0,1, 0,0,0,8, 0,0,0,8, 0,0,8,0, 0,0,0,0,

0,0,0,0, 0,0,0,1, 0,0,0,1, 0,0,0,1, 0,0,0,0,
0,0,0,0, 0,0,0,0, 0,0,0,0, 0,0,0,0, 0,0,0,1,
0,0,0,0, 0,0,0,0, 0,0,0,0, 0,0,0,0, 0,0,0,0,
0,0,0,0, 0,0,0,1, 0,0,0,1, 0,0,1,0, 0,0,0,0,

-------------------------------------------------------
0,0,8,0, 0,0,4,0, 0,0,4,0, 0,0,4,0, 0,1,4,0,
0,0,0,0, 0,0,0,0, 0,1,0,0, 0,0,1,0, 0,0,4,0,
0,0,0,b, 0,0,0,1, 0,0,0,1, 0,1,0,0, 0,1,1,0,
0,0,0,0, 0,0,0,0, 0,0,0,0, 0,0,0,0, 0,1,4,0,

0,0,0,0, 0,0,1,0, 0,0,1,0, 0,0,1,0, 0,0,0,0,
0,0,0,1, 0,0,0,1, 0,0,0,1, 1,0,0,0, 0,0,1,0,
0,0,0,0, 0,0,0,1, 0,0,0,1, 0,1,0,0, 0,0,0,0,
0,0,0,0, 0,0,0,0, 0,0,0,0, 0,0,0,0, 0,0,0,0,

-------------------------------------------------------
0,1,4,0, 0,8,2,0, 0,8,2,0, 0,8,2,0, 0,a,2,8,
0,0,4,0, 0,0,2,0, 0,b,2,8, 8,0,b,2, 0,8,2,0,
0,1,1,0, 0,8,8,0, 0,8,8,0, 8,0,0,8, 0,0,b,a,
0,1,4,0, 0,8,2,0, 0,8,2,0, 8,2,0,0, 8,8,2,8,

0,0,0,0, 0,1,1,0, 0,1,1,0, 0,1,1,0, 0,0,0,0,
0,0,1,0, 0,0,1,0, 0,0,1,0, 0,0,0,1, 0,1,1,0,
0,0,0,0, 0,1,1,0, 0,1,1,0, 1,0,0,1, 0,0,0,1,
0,0,0,0, 0,1,1,0, 0,1,1,0, 1,1,0,0, 0,0,0,0,

-------------------------------------------------------
The constraints are (in the form of (round, position, input_diff, output_diff)
The number infront of each constraint corresponds to the grouping that each constraint falls under.
Each group is treated as independent in this computation
Some constraints may have more than one group identity. These groups have to be considered together
a (4,1,b,1) (5,5,1,8) linear
a (8,2,8,4) (9,6,4,2) linear
(0,d,2,1) (0,a,2,1) (1,4,1,8) (1,0,1,b)  higher-order linear


This characteristic is not possible due to the following constraint.
(0,d,2,1) (0,a,2,1) (1,4,1,8) (1,0,1,b) We will continue to search for more impossibilities...

