original prob: 61
probability if we exclude those that are not involved in any constraints: 61
0,d,d,4, 0,2,2,2, 0,2,2,2, 0,2,2,2, 8,0,0,2,
0,0,0,0, 0,0,0,0, 0,0,0,0, 0,0,0,0, 0,2,2,2,
d,0,0,5, 9,0,0,2, 9,0,0,2, 0,2,9,0, 0,2,9,0,
0,1,0,1, 0,8,0,b, 0,8,0,b, 8,0,b,0, 0,0,b,2,

0,0,0,0, 0,1,1,1, 0,1,1,1, 0,1,1,1, 0,0,1,0,
0,0,0,0, 0,0,0,0, 0,0,0,0, 0,0,0,0, 0,1,1,1,
0,0,0,0, 1,0,0,1, 1,0,0,1, 0,1,1,0, 0,0,0,0,
0,0,0,0, 0,1,0,1, 0,1,0,1, 1,0,1,0, 0,1,1,0,

-------------------------------------------------------
8,0,0,2, 4,0,0,5, 4,c,0,5, 4,c,0,5, 0,0,1,0,
0,2,2,2, 0,5,5,5, 0,5,5,5, 5,0,5,5, 4,c,0,5,
0,2,9,0, 0,5,4,0, 0,5,4,0, 4,0,0,5, 1,0,5,0,
0,0,b,2, 0,0,c,1, 0,0,c,1, 0,c,1,0, 0,c,0,0,

0,0,1,0, 1,0,1,1, 1,0,1,1, 1,0,1,1, 1,0,0,0,
0,1,1,1, 0,1,1,1, 0,1,1,1, 1,0,1,1, 1,0,1,1,
0,0,0,0, 0,1,1,0, 0,1,1,0, 1,0,0,1, 1,0,0,1,
0,1,1,0, 0,1,1,1, 0,1,1,1, 1,1,1,0, 1,0,0,1,

-------------------------------------------------------
0,0,1,0, 0,0,8,0, 0,0,8,0, 0,0,8,0, a,0,0,0,
4,c,0,5, 2,8,0,2, 2,8,0,2, 2,2,8,0, 0,0,8,0,
1,0,5,0, 8,0,2,0, 8,0,2,0, 2,0,8,0, 0,2,0,0,
0,c,0,0, 0,8,0,0, 0,8,0,0, 8,0,0,0, 2,0,0,0,

1,0,0,0, 1,0,1,0, 1,0,1,0, 1,0,1,0, 1,0,1,0,
1,0,1,1, 1,1,1,1, 1,1,1,1, 1,1,1,1, 1,0,1,0,
1,0,0,1, 1,0,1,1, 1,0,1,1, 1,1,1,0, 1,1,1,0,
1,0,0,1, 1,1,0,1, 1,1,0,1, 1,0,1,1, 1,0,1,0,

-------------------------------------------------------
a,0,0,0, 5,0,0,0, 0,0,0,0, 0,0,0,0, 0,0,0,0,
0,0,8,0, 0,0,5,0, 0,0,5,0, 0,0,0,5, 0,0,0,0,
0,2,0,0, 0,5,0,0, 0,5,0,0, 0,0,0,5, 0,0,0,0,
2,0,0,0, 5,0,0,0, 5,0,0,0, 0,0,0,5, 0,0,0,5,

1,0,1,0, 1,0,1,0, 1,0,1,0, 1,0,1,0, 0,0,0,0,
1,0,1,0, 1,0,1,0, 1,0,1,0, 0,1,0,1, 1,0,1,0,
1,1,1,0, 1,1,1,0, 1,1,1,0, 1,0,1,1, 0,0,0,1,
1,0,1,0, 1,0,1,0, 1,0,1,0, 0,1,0,1, 1,0,1,0,

-------------------------------------------------------
0,0,0,0, 0,0,0,0, 0,0,0,0, 0,0,0,0, 0,0,a,0,
0,0,0,0, 0,0,0,0, 0,0,0,0, 0,0,0,0, 0,0,0,0,
0,0,0,0, 0,0,0,0, 0,0,0,0, 0,0,0,0, 0,0,0,0,
0,0,0,5, 0,0,0,a, 0,0,0,a, 0,0,a,0, 0,0,0,0,

0,0,0,0, 0,0,0,0, 0,0,0,0, 0,0,0,0, 0,0,0,0,
1,0,1,0, 1,0,1,0, 1,0,1,0, 0,1,0,1, 0,0,0,0,
0,0,0,1, 0,0,0,1, 0,0,0,1, 0,1,0,0, 0,1,0,0,
1,0,1,0, 1,0,1,1, 1,0,1,1, 0,1,1,1, 0,0,0,0,

-------------------------------------------------------
0,0,a,0, 0,0,6,0, 0,0,0,0, 0,0,0,0, 0,0,0,0,
0,0,0,0, 0,0,0,0, 0,0,0,0, 0,0,0,0, 0,0,0,0,
0,0,0,0, 0,0,0,0, 0,0,0,0, 0,0,0,0, 0,0,0,0,
0,0,0,0, 0,0,0,0, 0,0,0,0, 0,0,0,0, 0,0,0,0,

0,0,0,0, 0,0,1,0, 0,0,1,0, 0,0,1,0, 0,0,0,0,
0,0,0,0, 0,0,0,0, 0,0,0,0, 0,0,0,0, 0,0,1,0,
0,1,0,0, 0,1,0,0, 0,1,0,0, 0,0,0,1, 0,0,0,0,
0,0,0,0, 0,0,0,0, 0,0,0,0, 0,0,0,0, 0,0,0,0,

-------------------------------------------------------
0,0,0,0, 0,0,0,0, 0,0,0,0, 0,0,0,0, 0,0,0,0,
0,0,0,0, 0,0,0,0, 0,0,0,0, 0,0,0,0, 0,0,0,0,
0,0,0,0, 0,0,0,0, 0,0,0,0, 0,0,0,0, 0,0,0,0,
0,0,0,0, 0,0,0,0, 0,0,0,0, 0,0,0,0, 0,0,0,0,

0,0,0,0, 0,0,0,0, 0,0,0,0, 0,0,0,0, 0,0,0,0,
0,0,1,0, 0,0,1,0, 0,0,1,0, 0,0,0,1, 0,0,0,0,
0,0,0,0, 0,0,0,0, 0,0,0,0, 0,0,0,0, 0,0,0,0,
0,0,0,0, 0,0,0,0, 0,0,0,0, 0,0,0,0, 0,0,0,0,

-------------------------------------------------------
0,0,0,0, 0,0,0,0, 0,0,0,0, 0,0,0,0, 0,0,0,0,
0,0,0,0, 0,0,0,0, 0,0,0,0, 0,0,0,0, 0,0,0,0,
0,0,0,0, 0,0,0,0, 0,0,0,0, 0,0,0,0, 0,0,0,0,
0,0,0,0, 0,0,0,0, 0,0,0,0, 0,0,0,0, 0,0,0,0,

0,0,0,0, 0,0,0,0, 0,0,0,0, 0,0,0,0, 0,0,0,0,
0,0,0,0, 0,0,0,0, 0,0,0,0, 0,0,0,0, 0,0,0,0,
0,0,0,0, 0,0,0,0, 0,0,0,0, 0,0,0,0, 0,0,0,0,
0,0,0,0, 0,0,0,0, 0,0,0,0, 0,0,0,0, 0,0,0,0,

-------------------------------------------------------
0,0,0,0, 0,0,0,0, 0,0,0,0, 0,0,0,0, 0,0,0,0,
0,0,0,0, 0,0,0,0, 0,0,0,0, 0,0,0,0, 0,0,0,0,
0,0,0,0, 0,0,0,0, 0,0,0,0, 0,0,0,0, 0,0,0,0,
0,0,0,0, 0,0,0,0, 0,0,0,0, 0,0,0,0, 0,0,0,0,

0,0,0,0, 0,0,0,0, 0,0,0,0, 0,0,0,0, 0,0,0,0,
0,0,0,0, 0,0,0,0, 0,0,0,0, 0,0,0,0, 0,0,0,0,
0,0,0,0, 0,0,0,0, 0,0,0,0, 0,0,0,0, 0,0,0,0,
0,0,0,0, 0,0,0,0, 0,0,0,0, 0,0,0,0, 0,0,0,0,

-------------------------------------------------------
0,0,0,0, 0,0,0,0, 0,0,0,0, 0,0,0,0, 0,0,0,0,
0,0,0,0, 0,0,0,0, 0,0,d,0, 0,0,0,d, 0,0,0,0,
0,0,0,0, 0,0,0,0, 0,0,0,0, 0,0,0,0, 0,0,0,d,
0,0,0,0, 0,0,0,0, 0,0,0,0, 0,0,0,0, 0,0,0,0,

0,0,0,0, 0,0,0,0, 0,0,0,0, 0,0,0,0, 0,0,0,0,
0,0,0,0, 0,0,0,0, 0,0,0,0, 0,0,0,0, 0,0,0,0,
0,0,0,0, 0,0,0,0, 0,0,0,0, 0,0,0,0, 0,0,0,0,
0,0,0,0, 0,0,0,0, 0,0,0,0, 0,0,0,0, 0,0,0,0,

-------------------------------------------------------
0,0,0,0, 0,0,0,0, 0,0,0,0, 0,0,0,0, 0,2,0,0,
0,0,0,0, 0,0,0,0, 0,0,0,0, 0,0,0,0, 0,0,0,0,
0,0,0,d, 0,0,0,2, 0,0,0,2, 0,2,0,0, 0,2,0,0,
0,0,0,0, 0,0,0,0, 0,0,0,0, 0,0,0,0, 0,2,0,0,

0,0,0,0, 0,0,0,0, 0,0,0,0, 0,0,0,0, 0,0,0,0,
0,0,0,0, 0,0,0,0, 0,0,0,0, 0,0,0,0, 0,0,0,0,
0,0,0,0, 0,0,0,1, 0,0,0,1, 0,1,0,0, 0,0,0,0,
0,0,0,0, 0,0,0,0, 0,0,0,0, 0,0,0,0, 0,0,0,0,

-------------------------------------------------------
The constraints are (in the form of (round, position, input_diff, output_diff)
The number infront of each constraint corresponds to the grouping that each constraint falls under.
Each group is treated as independent in this computation
Some constraints may have more than one group identity. These groups have to be considered together
8 (0,1,d,2) (1,5,2,5) linear
c (0,2,d,2) (1,6,2,5) linear
f (0,3,4,2) (1,7,2,5) linear
c (0,2,d,2) (0,8,d,9) (1,e,b,c) linear
2 (1,0,8,4) (2,4,4,2) linear
7 (1,3,2,5) (2,7,5,2) linear
1 (1,7,2,5) (1,a,9,4) (2,8,1,8) linear
2 8 8 (1,0,8,4) (1,a,9,4) (0,1,d,2) (0,b,5,2) (1,d,0,0) (2,0,0,0) (2,a,5,2) (2,d,c,8) (3,0,a,5) nonlinear
a (2,2,1,8) (3,6,8,5) linear
c 5 (2,4,4,2) (1,6,2,5) (1,9,2,5) (2,b,0,0) (3,9,2,5) nonlinear
2 8 8 (1,0,8,4) (1,a,9,4) (0,1,d,2) (0,b,5,2) (1,d,0,0) (2,0,0,0) (2,a,5,2) (3,c,2,5) nonlinear
(0,8,d,9) (1,e,b,c) (1,6,2,5)  higher-order linear
1 2 (1,a,9,4) (1,7,2,5) (1,0,8,4) (2,8,1,8) (2,4,4,2)  higher-order linear
(2,d,c,8) (3,c,2,5) (3,0,a,5)  higher-order linear


This characteristic is not possible due to the following constraint.
(0,8,d,9) (1,e,b,c) (1,6,2,5) We will continue to search for more impossibilities...

