original prob: 52
probability if we exclude those that are not involved in any constraints: 52
0,0,4,0, 0,0,2,0, 0,0,2,0, 0,0,2,0, 0,0,0,0,
4,4,4,4, 2,2,2,2, 2,2,2,2, 2,2,2,2, 0,0,2,0,
4,4,4,0, 2,2,2,0, 2,2,2,0, 2,0,2,2, 0,2,0,0,
4,4,0,0, 2,2,0,0, 2,2,0,0, 2,0,0,2, 2,0,0,2,

0,0,0,0, 0,0,1,0, 0,0,1,0, 0,0,1,0, 0,0,0,0,
0,0,0,0, 1,1,1,1, 1,1,1,1, 1,1,1,1, 0,0,1,0,
0,0,0,0, 1,1,1,0, 1,1,1,0, 1,0,1,1, 1,0,1,1,
0,0,0,0, 1,1,0,0, 1,1,0,0, 1,0,0,1, 0,0,1,0,

-------------------------------------------------------
0,0,0,0, 0,0,0,0, 0,0,0,0, 0,0,0,0, 0,0,1,0,
0,0,2,0, 0,0,1,0, 0,0,1,0, 0,0,0,1, 0,0,0,0,
0,2,0,0, 0,1,0,0, 0,1,0,0, 0,0,0,1, 0,0,0,0,
2,0,0,2, 1,0,0,1, 1,0,0,1, 0,0,1,1, 0,0,0,1,

0,0,0,0, 0,0,0,0, 0,0,0,0, 0,0,0,0, 0,0,0,0,
0,0,1,0, 0,0,1,0, 0,0,1,0, 0,0,0,1, 0,0,0,0,
1,0,1,1, 1,1,1,1, 1,1,1,1, 1,1,1,1, 0,0,0,1,
0,0,1,0, 1,0,1,1, 1,0,1,1, 0,1,1,1, 0,0,0,0,

-------------------------------------------------------
0,0,1,0, 0,0,8,0, 0,0,8,0, 0,0,8,0, 0,0,0,0,
0,0,0,0, 0,0,0,0, 0,0,0,0, 0,0,0,0, 0,0,8,0,
0,0,0,0, 0,0,0,0, 0,0,0,0, 0,0,0,0, 0,0,0,0,
0,0,0,1, 0,0,0,8, 0,0,0,8, 0,0,8,0, 0,0,8,0,

0,0,0,0, 0,0,1,0, 0,0,1,0, 0,0,1,0, 0,0,0,0,
0,0,0,0, 0,0,0,0, 0,0,0,0, 0,0,0,0, 0,0,1,0,
0,0,0,1, 0,0,0,1, 0,0,0,1, 0,1,0,0, 0,0,0,0,
0,0,0,0, 0,0,0,1, 0,0,0,1, 0,0,1,0, 0,0,0,0,

-------------------------------------------------------
0,0,0,0, 0,0,0,0, 0,0,0,0, 0,0,0,0, 0,4,0,0,
0,0,8,0, 0,0,4,0, 0,0,4,0, 0,0,0,4, 0,0,0,0,
0,0,0,0, 0,0,0,0, 0,0,0,0, 0,0,0,0, 0,0,0,4,
0,0,8,0, 0,0,4,0, 0,0,4,0, 0,4,0,0, 0,0,0,0,

0,0,0,0, 0,0,0,0, 0,0,0,0, 0,0,0,0, 0,0,0,0,
0,0,1,0, 0,0,1,0, 0,0,1,0, 0,0,0,1, 0,0,0,0,
0,0,0,0, 0,0,0,0, 0,0,0,0, 0,0,0,0, 0,0,0,0,
0,0,0,0, 0,0,1,0, 0,0,1,0, 0,1,0,0, 0,0,0,0,

-------------------------------------------------------
0,4,0,0, 0,2,0,0, 0,2,0,0, 0,2,0,0, 0,0,0,0,
0,0,0,0, 0,0,0,0, 0,0,0,0, 0,0,0,0, 0,2,0,0,
0,0,0,4, 0,0,0,2, 0,0,0,2, 0,2,0,0, 0,2,0,0,
0,0,0,0, 0,0,0,0, 0,0,0,0, 0,0,0,0, 0,0,0,0,

0,0,0,0, 0,1,0,0, 0,1,0,0, 0,1,0,0, 0,0,0,0,
0,0,0,0, 0,0,0,0, 0,0,0,0, 0,0,0,0, 0,1,0,0,
0,0,0,0, 0,0,0,1, 0,0,0,1, 0,1,0,0, 0,0,0,0,
0,0,0,0, 0,0,0,0, 0,0,0,0, 0,0,0,0, 0,1,0,0,

-------------------------------------------------------
0,0,0,0, 0,0,0,0, 0,0,0,0, 0,0,0,0, 0,0,0,1,
0,2,0,0, 0,1,0,0, 0,1,0,0, 0,0,1,0, 0,0,0,0,
0,2,0,0, 0,1,0,0, 0,1,0,0, 0,0,0,1, 0,0,1,1,
0,0,0,0, 0,0,0,0, 0,0,0,0, 0,0,0,0, 0,0,0,1,

0,0,0,0, 0,0,0,0, 0,0,0,0, 0,0,0,0, 0,0,0,0,
0,1,0,0, 0,1,0,0, 0,1,0,0, 0,0,1,0, 0,0,0,0,
0,0,0,0, 0,1,0,0, 0,1,0,0, 0,0,0,1, 0,0,0,0,
0,1,0,0, 0,1,0,0, 0,1,0,0, 1,0,0,0, 0,0,0,0,

-------------------------------------------------------
0,0,0,1, 0,0,0,8, 0,0,0,8, 0,0,0,8, 8,8,8,8,
0,0,0,0, 0,0,0,0, 0,0,0,0, 0,0,0,0, 0,0,0,8,
0,0,1,1, 0,0,8,8, 0,0,8,8, 8,8,0,0, 8,8,0,0,
0,0,0,1, 0,0,0,8, 0,0,0,8, 0,0,8,0, 8,8,0,8,

0,0,0,0, 0,0,0,1, 0,0,0,1, 0,0,0,1, 0,0,0,0,
0,0,0,0, 0,0,0,0, 0,0,0,0, 0,0,0,0, 0,0,0,1,
0,0,0,0, 0,0,1,1, 0,0,1,1, 1,1,0,0, 0,0,0,0,
0,0,0,0, 0,0,0,1, 0,0,0,1, 0,0,1,0, 0,0,0,0,

-------------------------------------------------------
The constraints are (in the form of (round, position, input_diff, output_diff)
The number infront of each constraint corresponds to the grouping that each constraint falls under.
Each group is treated as independent in this computation
Some constraints may have more than one group identity. These groups have to be considered together
e (0,2,4,2) (1,6,2,1) linear
c (2,2,1,8) (3,6,8,4) linear
9 (4,1,4,2) (5,5,2,1) linear
Original prob: 52
Independent prob (prob ignoring the ones depend on keys): 46

These are the splits:
(0,2,4,2) (1,6,2,1) 
-----------------------------------------------
(2,2,1,8) (3,6,8,4) 
-----------------------------------------------
(4,1,4,2) (5,5,2,1) 
-----------------------------------------------
===============================================
Computing the following constraints theoretically: 
a (0,2,4,2) (1,6,2,1) linear

key space reduction: -2
0: 100
-------------------------------------
Computing the following constraints theoretically: 
a (2,2,1,8) (3,6,8,4) linear

key space reduction: -2
0: 100
-------------------------------------
Computing the following constraints theoretically: 
9 (4,1,4,2) (5,5,2,1) linear

key space reduction: -2
0: 100
-------------------------------------
==============================================
For the theoretical side: 
The following are the distribution: 
Key reduction: -6
0: 100
==============================================
==============================================
Overall: 
The following is the probability distribution: 
Key reduction: -6
46: 100
==============================================
