original prob: 70
probability if we exclude those that are not involved in any constraints: 70
0,0,0,0, 0,0,0,0, 0,0,0,0, 0,0,0,0, 8,0,0,0,
0,0,0,0, 0,0,0,0, 0,0,0,0, 0,0,0,0, 0,0,0,0,
0,0,0,0, 0,0,0,0, 0,0,0,0, 0,0,0,0, 0,0,0,0,
0,1,0,0, 0,8,0,0, 0,8,0,0, 8,0,0,0, 0,0,0,0,

0,0,0,0, 0,0,0,0, 0,0,0,0, 0,0,0,0, 0,0,0,0,
0,0,0,0, 0,0,0,0, 0,0,0,0, 0,0,0,0, 0,0,0,0,
0,0,0,0, 0,0,0,0, 0,0,0,0, 0,0,0,0, 0,0,0,0,
0,0,0,0, 0,1,0,0, 0,1,0,0, 1,0,0,0, 0,0,0,0,

-------------------------------------------------------
8,0,0,0, 4,0,0,0, 0,0,0,0, 0,0,0,0, 0,0,0,0,
0,0,0,0, 0,0,0,0, 0,0,0,0, 0,0,0,0, 0,0,0,0,
0,0,0,0, 0,0,0,0, 0,0,0,0, 0,0,0,0, 0,0,0,0,
0,0,0,0, 0,0,0,0, 0,0,0,0, 0,0,0,0, 0,0,0,0,

0,0,0,0, 1,0,0,0, 1,0,0,0, 1,0,0,0, 0,0,0,0,
0,0,0,0, 0,0,0,0, 0,0,0,0, 0,0,0,0, 1,0,0,0,
0,0,0,0, 0,0,0,0, 0,0,0,0, 0,0,0,0, 0,0,0,0,
0,0,0,0, 0,0,0,0, 0,0,0,0, 0,0,0,0, 0,0,0,0,

-------------------------------------------------------
0,0,0,0, 0,0,0,0, 0,0,0,0, 0,0,0,0, 0,0,0,0,
0,0,0,0, 0,0,0,0, 0,0,0,0, 0,0,0,0, 0,0,0,0,
0,0,0,0, 0,0,0,0, 0,0,0,0, 0,0,0,0, 0,0,0,0,
0,0,0,0, 0,0,0,0, 0,0,0,0, 0,0,0,0, 0,0,0,0,

0,0,0,0, 0,0,0,0, 0,0,0,0, 0,0,0,0, 0,0,0,0,
1,0,0,0, 1,0,0,0, 1,0,0,0, 0,1,0,0, 0,0,0,0,
0,0,0,0, 0,0,0,0, 0,0,0,0, 0,0,0,0, 0,0,0,0,
0,0,0,0, 0,0,0,0, 0,0,0,0, 0,0,0,0, 0,0,0,0,

-------------------------------------------------------
0,0,0,0, 0,0,0,0, 0,0,0,0, 0,0,0,0, 0,0,0,0,
0,0,0,0, 0,0,0,0, 0,0,0,0, 0,0,0,0, 0,0,0,0,
0,0,0,0, 0,0,0,0, 0,0,0,0, 0,0,0,0, 0,0,0,0,
0,0,0,0, 0,0,0,0, 0,0,0,0, 0,0,0,0, 0,0,0,0,

0,0,0,0, 0,0,0,0, 0,0,0,0, 0,0,0,0, 0,0,0,0,
0,0,0,0, 0,0,0,0, 0,0,0,0, 0,0,0,0, 0,0,0,0,
0,0,0,0, 0,0,0,0, 0,0,0,0, 0,0,0,0, 0,0,0,0,
0,0,0,0, 0,0,0,0, 0,0,0,0, 0,0,0,0, 0,0,0,0,

-------------------------------------------------------
0,0,0,0, 0,0,0,0, 0,0,0,0, 0,0,0,0, 0,0,0,0,
0,0,0,0, 0,0,0,0, 0,0,0,0, 0,0,0,0, 0,0,0,0,
0,0,0,0, 0,0,0,0, 0,0,0,0, 0,0,0,0, 0,0,0,0,
0,0,0,0, 0,0,0,0, 0,0,0,0, 0,0,0,0, 0,0,0,0,

0,0,0,0, 0,0,0,0, 0,0,0,0, 0,0,0,0, 0,0,0,0,
0,0,0,0, 0,0,0,0, 0,0,0,0, 0,0,0,0, 0,0,0,0,
0,0,0,0, 0,0,0,0, 0,0,0,0, 0,0,0,0, 0,0,0,0,
0,0,0,0, 0,0,0,0, 0,0,0,0, 0,0,0,0, 0,0,0,0,

-------------------------------------------------------
0,0,0,0, 0,0,0,0, 0,0,0,0, 0,0,0,0, 0,0,0,0,
0,0,0,0, 0,0,0,0, 0,0,0,0, 0,0,0,0, 0,0,0,0,
0,0,0,0, 0,0,0,0, 0,0,0,0, 0,0,0,0, 0,0,0,0,
0,0,0,0, 0,0,0,0, 0,0,0,0, 0,0,0,0, 0,0,0,0,

0,0,0,0, 0,0,0,0, 0,0,0,0, 0,0,0,0, 0,0,0,0,
0,0,0,0, 0,0,0,0, 0,0,0,0, 0,0,0,0, 0,0,0,0,
0,0,0,0, 0,0,0,0, 0,0,0,0, 0,0,0,0, 0,0,0,0,
0,0,0,0, 0,0,0,0, 0,0,0,0, 0,0,0,0, 0,0,0,0,

-------------------------------------------------------
0,0,0,0, 0,0,0,0, 0,0,0,0, 0,0,0,0, 0,0,0,0,
0,0,0,0, 0,0,0,0, 0,0,0,0, 0,0,0,0, 0,0,0,0,
0,0,0,0, 0,0,0,0, 0,0,0,0, 0,0,0,0, 0,0,0,0,
0,0,0,0, 0,0,0,0, 0,0,0,0, 0,0,0,0, 0,0,0,0,

0,0,0,0, 0,0,0,0, 0,0,0,0, 0,0,0,0, 0,0,0,0,
0,0,0,0, 0,0,0,0, 0,0,0,0, 0,0,0,0, 0,0,0,0,
0,0,0,0, 0,0,0,0, 0,0,0,0, 0,0,0,0, 0,0,0,0,
0,0,0,0, 0,0,0,0, 0,0,0,0, 0,0,0,0, 0,0,0,0,

-------------------------------------------------------
0,0,0,0, 0,0,0,0, 0,0,0,0, 0,0,0,0, 0,0,0,0,
0,0,0,0, 0,0,0,0, 0,0,4,0, 0,0,0,4, 0,0,0,0,
0,0,0,0, 0,0,0,0, 0,0,0,0, 0,0,0,0, 0,0,0,4,
0,0,0,0, 0,0,0,0, 0,0,0,0, 0,0,0,0, 0,0,0,0,

0,0,0,0, 0,0,0,0, 0,0,0,0, 0,0,0,0, 0,0,0,0,
0,0,0,0, 0,0,0,0, 0,0,0,0, 0,0,0,0, 0,0,0,0,
0,0,0,0, 0,0,0,0, 0,0,0,0, 0,0,0,0, 0,0,0,0,
0,0,0,0, 0,0,0,0, 0,0,0,0, 0,0,0,0, 0,0,0,0,

-------------------------------------------------------
0,0,0,0, 0,0,0,0, 0,0,0,0, 0,0,0,0, 0,2,0,0,
0,0,0,0, 0,0,0,0, 0,0,0,0, 0,0,0,0, 0,0,0,0,
0,0,0,4, 0,0,0,2, 0,0,0,2, 0,2,0,0, 0,2,0,0,
0,0,0,0, 0,0,0,0, 0,0,0,0, 0,0,0,0, 0,2,0,0,

0,0,0,0, 0,0,0,0, 0,0,0,0, 0,0,0,0, 0,0,0,0,
0,0,0,0, 0,0,0,0, 0,0,0,0, 0,0,0,0, 0,0,0,0,
0,0,0,0, 0,0,0,1, 0,0,0,1, 0,1,0,0, 0,0,0,0,
0,0,0,0, 0,0,0,0, 0,0,0,0, 0,0,0,0, 0,0,0,0,

-------------------------------------------------------
0,2,0,0, 0,1,0,0, 0,1,0,0, 0,1,0,0, 1,1,0,1,
0,0,0,0, 0,0,0,0, 0,f,0,0, 0,0,f,0, 0,1,0,0,
0,2,0,0, 0,1,0,0, 0,1,0,0, 0,0,0,1, 0,0,f,1,
0,2,0,0, 0,1,0,0, 0,1,0,0, 1,0,0,0, 0,1,0,1,

0,0,0,0, 0,1,0,0, 0,1,0,0, 0,1,0,0, 0,0,0,0,
0,0,0,0, 0,0,0,0, 0,0,0,0, 0,0,0,0, 0,1,0,0,
0,0,0,0, 0,1,0,0, 0,1,0,0, 0,0,0,1, 0,0,0,0,
0,0,0,0, 0,1,0,0, 0,1,0,0, 1,0,0,0, 0,0,0,0,

-------------------------------------------------------
1,1,0,1, 8,8,0,a, 8,8,0,a, 8,8,0,a, a,0,b,a,
0,1,0,0, 0,a,0,0, 0,a,0,0, 0,0,a,0, 8,8,0,a,
0,0,f,1, 0,0,8,8, 0,0,8,8, 8,8,0,0, 8,8,a,0,
0,1,0,1, 0,a,0,b, 0,a,0,b, a,0,b,0, 0,0,0,a,

0,0,0,0, 1,1,0,1, 1,1,0,1, 1,1,0,1, 1,0,0,0,
0,1,0,0, 0,1,0,0, 0,1,0,0, 0,0,1,0, 1,1,0,1,
0,0,0,0, 0,0,1,1, 0,0,1,1, 1,1,0,0, 0,0,0,0,
0,0,0,0, 0,1,0,1, 0,1,0,1, 1,0,1,0, 1,1,0,0,

-------------------------------------------------------
a,0,b,a, 5,0,1,9, 5,0,1,0, 5,0,1,0, 0,0,0,4,
8,8,0,a, 4,4,0,5, 4,4,0,5, 5,4,4,0, 5,0,1,0,
8,8,a,0, 4,4,5,0, 4,4,5,0, 5,0,4,4, 0,4,0,4,
0,0,0,a, 0,0,0,5, 0,0,0,5, 0,0,5,0, 0,0,5,4,

1,0,0,0, 1,0,1,1, 1,0,1,1, 1,0,1,1, 1,0,1,1,
1,1,0,1, 1,1,0,1, 1,1,0,1, 1,1,1,0, 1,0,1,1,
0,0,0,0, 1,1,1,0, 1,1,1,0, 1,0,1,1, 1,0,1,0,
1,1,0,0, 1,1,0,1, 1,1,0,1, 1,0,1,1, 1,0,1,1,

-------------------------------------------------------
0,0,0,4, 0,0,0,b, 0,0,0,b, 0,0,0,b, 0,0,2,0,
5,0,1,0, 2,0,b,0, 2,0,b,0, 0,2,0,b, 0,0,0,b,
0,4,0,4, 0,b,0,2, 0,b,0,2, 0,2,0,b, 0,0,0,0,
0,0,5,4, 0,0,2,2, 0,0,2,2, 0,2,2,0, 0,2,0,0,

1,0,1,1, 1,0,1,1, 1,0,1,1, 1,0,1,1, 0,0,1,1,
1,0,1,1, 1,0,1,1, 1,0,1,1, 1,1,0,1, 1,0,1,1,
1,0,1,0, 1,1,1,1, 1,1,1,1, 1,1,1,1, 1,1,0,1,
1,0,1,1, 1,0,1,1, 1,0,1,1, 0,1,1,1, 1,0,1,1,

-------------------------------------------------------
0,0,2,0, 0,0,6,0, 0,0,6,0, 0,0,6,0, 1,0,6,0,
0,0,0,b, 0,0,0,1, 0,0,0,d, d,0,0,0, 0,0,6,0,
0,0,0,0, 0,0,0,0, 0,0,0,0, 0,0,0,0, d,0,0,0,
0,2,0,0, 0,1,0,0, 0,1,0,0, 1,0,0,0, 0,0,6,0,

0,0,1,1, 0,0,1,1, 0,0,1,1, 0,0,1,1, 0,0,1,1,
1,0,1,1, 1,0,1,1, 1,0,1,1, 1,1,0,1, 0,0,1,1,
1,1,0,1, 1,1,0,1, 1,1,0,1, 0,1,1,1, 0,1,0,1,
1,0,1,1, 1,1,1,1, 1,1,1,1, 1,1,1,1, 0,0,1,1,

-------------------------------------------------------
The constraints are (in the form of (round, position, input_diff, output_diff)
The number infront of each constraint corresponds to the grouping that each constraint falls under.
Each group is treated as independent in this computation
Some constraints may have more than one group identity. These groups have to be considered together
2 (9,1,2,1) (a,5,1,a) linear
a (a,0,1,8) (a,a,f,8) (a,d,1,a) (b,0,a,5) linear
a (a,0,1,8) (b,4,8,4) linear
8 (a,1,1,8) (b,5,8,4) linear
f (a,3,1,a) (b,7,a,5) linear
7 a (b,3,a,9) (b,9,8,4) (a,0,1,8) (a,a,f,8) (b,c,0,0) (c,3,4,b) nonlinear
2 (b,0,a,5) (c,4,5,2) linear
4 (b,2,b,1) (c,6,1,b) linear
4 (b,2,b,1) (b,8,8,4) (c,e,5,2) linear
7 (b,3,a,9) (b,9,8,4) (c,f,4,2) linear
4 a 1 (b,2,b,1) (b,8,8,4) (b,f,a,5) (c,2,0,0) (b,7,a,5) (b,a,a,5) (c,8,0,0) (c,f,4,2) (d,2,2,6) nonlinear
b (c,3,4,b) (d,7,b,1) linear
(a,d,1,a) (a,a,f,8) (b,4,8,4) (b,0,a,5)  higher-order linear
(b,8,8,4) (c,e,5,2) (c,6,1,b)  higher-order linear


This characteristic is not possible due to the following constraint.
(a,d,1,a) (a,a,f,8) (b,4,8,4) (b,0,a,5) We will continue to search for more impossibilities...

