original prob: 79
probability if we exclude those that are not involved in any constraints: 79
0,0,0,0, 0,0,0,0, 0,0,0,0, 0,0,0,0, 4,0,0,0,
0,0,0,0, 0,0,0,0, 0,0,0,0, 0,0,0,0, 0,0,0,0,
0,0,0,0, 0,0,0,0, 0,0,0,0, 0,0,0,0, 0,0,0,0,
0,8,0,0, 0,4,0,0, 0,4,0,0, 4,0,0,0, 0,0,0,0,

0,0,0,0, 0,0,0,0, 0,0,0,0, 0,0,0,0, 0,0,0,0,
0,0,0,0, 0,0,0,0, 0,0,0,0, 0,0,0,0, 0,0,0,0,
0,0,0,0, 0,0,0,0, 0,0,0,0, 0,0,0,0, 0,0,0,0,
0,0,0,0, 0,1,0,0, 0,1,0,0, 1,0,0,0, 0,0,0,0,

-------------------------------------------------------
4,0,0,0, 2,0,0,0, 0,0,0,0, 0,0,0,0, 0,0,0,0,
0,0,0,0, 0,0,0,0, 0,0,0,0, 0,0,0,0, 0,0,0,0,
0,0,0,0, 0,0,0,0, 0,0,0,0, 0,0,0,0, 0,0,0,0,
0,0,0,0, 0,0,0,0, 0,0,0,0, 0,0,0,0, 0,0,0,0,

0,0,0,0, 1,0,0,0, 1,0,0,0, 1,0,0,0, 0,0,0,0,
0,0,0,0, 0,0,0,0, 0,0,0,0, 0,0,0,0, 1,0,0,0,
0,0,0,0, 0,0,0,0, 0,0,0,0, 0,0,0,0, 0,0,0,0,
0,0,0,0, 0,0,0,0, 0,0,0,0, 0,0,0,0, 0,0,0,0,

-------------------------------------------------------
0,0,0,0, 0,0,0,0, 0,0,0,0, 0,0,0,0, 0,0,0,0,
0,0,0,0, 0,0,0,0, 0,0,0,0, 0,0,0,0, 0,0,0,0,
0,0,0,0, 0,0,0,0, 0,0,0,0, 0,0,0,0, 0,0,0,0,
0,0,0,0, 0,0,0,0, 0,0,0,0, 0,0,0,0, 0,0,0,0,

0,0,0,0, 0,0,0,0, 0,0,0,0, 0,0,0,0, 0,0,0,0,
1,0,0,0, 1,0,0,0, 1,0,0,0, 0,1,0,0, 0,0,0,0,
0,0,0,0, 0,0,0,0, 0,0,0,0, 0,0,0,0, 0,0,0,0,
0,0,0,0, 0,0,0,0, 0,0,0,0, 0,0,0,0, 0,0,0,0,

-------------------------------------------------------
0,0,0,0, 0,0,0,0, 0,0,0,0, 0,0,0,0, 0,0,0,0,
0,0,0,0, 0,0,0,0, 0,0,0,0, 0,0,0,0, 0,0,0,0,
0,0,0,0, 0,0,0,0, 0,0,0,0, 0,0,0,0, 0,0,0,0,
0,0,0,0, 0,0,0,0, 0,0,0,0, 0,0,0,0, 0,0,0,0,

0,0,0,0, 0,0,0,0, 0,0,0,0, 0,0,0,0, 0,0,0,0,
0,0,0,0, 0,0,0,0, 0,0,0,0, 0,0,0,0, 0,0,0,0,
0,0,0,0, 0,0,0,0, 0,0,0,0, 0,0,0,0, 0,0,0,0,
0,0,0,0, 0,0,0,0, 0,0,0,0, 0,0,0,0, 0,0,0,0,

-------------------------------------------------------
0,0,0,0, 0,0,0,0, 0,0,0,0, 0,0,0,0, 0,0,0,0,
0,0,0,0, 0,0,0,0, 0,0,0,0, 0,0,0,0, 0,0,0,0,
0,0,0,0, 0,0,0,0, 0,0,0,0, 0,0,0,0, 0,0,0,0,
0,0,0,0, 0,0,0,0, 0,0,0,0, 0,0,0,0, 0,0,0,0,

0,0,0,0, 0,0,0,0, 0,0,0,0, 0,0,0,0, 0,0,0,0,
0,0,0,0, 0,0,0,0, 0,0,0,0, 0,0,0,0, 0,0,0,0,
0,0,0,0, 0,0,0,0, 0,0,0,0, 0,0,0,0, 0,0,0,0,
0,0,0,0, 0,0,0,0, 0,0,0,0, 0,0,0,0, 0,0,0,0,

-------------------------------------------------------
0,0,0,0, 0,0,0,0, 0,0,0,0, 0,0,0,0, 0,0,0,0,
0,0,0,0, 0,0,0,0, 4,0,0,0, 0,4,0,0, 0,0,0,0,
0,0,0,0, 0,0,0,0, 0,0,0,0, 0,0,0,0, 0,4,0,0,
0,0,0,0, 0,0,0,0, 0,0,0,0, 0,0,0,0, 0,0,0,0,

0,0,0,0, 0,0,0,0, 0,0,0,0, 0,0,0,0, 0,0,0,0,
0,0,0,0, 0,0,0,0, 0,0,0,0, 0,0,0,0, 0,0,0,0,
0,0,0,0, 0,0,0,0, 0,0,0,0, 0,0,0,0, 0,0,0,0,
0,0,0,0, 0,0,0,0, 0,0,0,0, 0,0,0,0, 0,0,0,0,

-------------------------------------------------------
0,0,0,0, 0,0,0,0, 0,0,0,0, 0,0,0,0, 0,0,0,2,
0,0,0,0, 0,0,0,0, 0,0,0,0, 0,0,0,0, 0,0,0,0,
0,4,0,0, 0,2,0,0, 0,2,0,0, 0,0,0,2, 0,0,0,2,
0,0,0,0, 0,0,0,0, 0,0,0,0, 0,0,0,0, 0,0,0,2,

0,0,0,0, 0,0,0,0, 0,0,0,0, 0,0,0,0, 0,0,0,0,
0,0,0,0, 0,0,0,0, 0,0,0,0, 0,0,0,0, 0,0,0,0,
0,0,0,0, 0,1,0,0, 0,1,0,0, 0,0,0,1, 0,0,0,0,
0,0,0,0, 0,0,0,0, 0,0,0,0, 0,0,0,0, 0,0,0,0,

-------------------------------------------------------
0,0,0,2, 0,0,0,1, 0,0,0,1, 0,0,0,1, 0,1,5,1,
0,0,0,0, 0,0,0,0, 0,0,d,0, 0,0,0,d, 0,0,0,1,
0,0,0,2, 0,0,0,1, 0,0,0,1, 0,1,0,0, 0,1,0,d,
0,0,0,2, 0,0,0,5, 0,0,0,5, 0,0,5,0, 0,1,0,1,

0,0,0,0, 0,0,0,1, 0,0,0,1, 0,0,0,1, 0,0,0,0,
0,0,0,0, 0,0,0,0, 0,0,0,0, 0,0,0,0, 0,0,0,1,
0,0,0,0, 0,0,0,1, 0,0,0,1, 0,1,0,0, 0,0,0,0,
0,0,0,0, 0,0,0,1, 0,0,0,1, 0,0,1,0, 0,0,0,0,

-------------------------------------------------------
0,1,5,1, 0,9,2,b, 0,9,2,b, 0,9,2,b, b,0,b,0,
0,0,0,1, 0,0,0,b, 0,0,0,b, b,0,0,0, 0,9,2,b,
0,1,0,d, 0,b,0,9, 0,b,0,9, 0,9,0,b, b,9,0,b,
0,1,0,1, 0,b,0,9, 0,b,0,9, b,0,9,0, 0,0,2,0,

0,0,0,0, 0,1,1,1, 0,1,1,1, 0,1,1,1, 0,0,0,0,
0,0,0,1, 0,0,0,1, 0,0,0,1, 1,0,0,0, 0,1,1,1,
0,0,0,0, 0,1,0,1, 0,1,0,1, 0,1,0,1, 0,0,0,0,
0,0,0,0, 0,1,0,1, 0,1,0,1, 1,0,1,0, 0,1,0,1,

-------------------------------------------------------
b,0,b,0, 1,0,1,0, 1,0,1,0, 1,0,1,0, 1,0,0,5,
0,9,2,b, 0,f,5,1, 0,1,5,1, 1,0,1,5, 1,0,1,0,
b,9,0,b, 1,5,0,1, 1,5,0,1, 0,1,1,5, 1,1,0,0,
0,0,2,0, 0,0,1,0, 0,0,1,0, 0,1,0,0, 1,1,0,5,

0,0,0,0, 1,0,1,0, 1,0,1,0, 1,0,1,0, 0,0,1,0,
0,1,1,1, 0,1,1,1, 0,1,1,1, 1,0,1,1, 1,0,1,0,
0,0,0,0, 1,1,0,1, 1,1,0,1, 0,1,1,1, 0,0,1,1,
0,1,0,1, 0,1,1,1, 0,1,1,1, 1,1,1,0, 0,0,1,0,

-------------------------------------------------------
1,0,0,5, 8,0,0,2, 8,0,0,2, 8,0,0,2, 0,0,0,0,
1,0,1,0, a,0,b,0, a,0,b,0, 0,a,0,b, 8,0,0,2,
1,1,0,0, a,b,0,0, a,b,0,0, 0,0,a,b, 0,a,a,0,
1,1,0,5, 9,8,0,a, 9,8,0,a, 8,0,a,9, 8,0,a,9,

0,0,1,0, 1,0,1,1, 1,0,1,1, 1,0,1,1, 1,0,1,1,
1,0,1,0, 1,0,1,0, 1,0,1,0, 0,1,0,1, 1,0,1,1,
0,0,1,1, 1,1,1,1, 1,1,1,1, 1,1,1,1, 0,1,0,1,
0,0,1,0, 1,1,1,1, 1,1,1,1, 1,1,1,1, 1,0,1,1,

-------------------------------------------------------
0,0,0,0, 0,0,0,0, 0,0,0,8, 0,0,0,8, 6,5,4,b,
8,0,0,2, 4,0,0,6, 4,0,0,6, 6,4,0,0, 0,0,0,8,
0,a,a,0, 0,6,6,0, 0,6,6,0, 6,0,0,6, 0,4,0,6,
8,0,a,9, 5,0,5,4, 5,0,5,4, 0,5,4,5, 6,0,0,e,

1,0,1,1, 1,0,1,1, 1,0,1,1, 1,0,1,1, 0,0,0,1,
1,0,1,1, 1,0,1,1, 1,0,1,1, 1,1,0,1, 1,0,1,1,
0,1,0,1, 0,1,1,1, 0,1,1,1, 1,1,0,1, 1,1,0,1,
1,0,1,1, 1,0,1,1, 1,0,1,1, 0,1,1,1, 1,0,0,1,

-------------------------------------------------------
The constraints are (in the form of (round, position, input_diff, output_diff)
The number infront of each constraint corresponds to the grouping that each constraint falls under.
Each group is treated as independent in this computation
Some constraints may have more than one group identity. These groups have to be considered together
1 (7,3,2,1) (8,7,1,b) linear
8 (8,1,1,9) (9,5,9,f) linear
c (8,2,5,2) (9,6,2,5) linear
f (8,3,1,b) (9,7,b,1) linear
2 (9,0,b,1) (a,4,1,a) linear
4 (9,2,b,1) (a,6,1,b) linear
8 (a,0,1,8) (b,4,8,4) linear
b (a,3,5,2) (b,7,2,6) linear
c 5 (a,4,1,a) (9,6,2,5) (9,9,9,5) (a,b,0,0) (b,9,a,6) nonlinear
8 3 (a,0,1,8) (9,5,9,f) (9,8,b,1) (a,a,0,0) (b,c,8,5) nonlinear
4 f a (9,2,b,1) (9,8,b,1) (8,3,1,b) (8,9,1,b) (9,f,0,0) (a,2,0,0) (a,8,1,a) (b,e,a,5) nonlinear
b (a,3,5,2) (a,9,1,b) (b,f,9,4) linear
(8,f,1,9) (9,e,2,1) (9,2,b,1)  higher-order linear
c (8,f,1,9) (8,2,5,2) (9,e,2,1) (9,6,2,5) (9,2,b,1)  higher-order linear
1 2 (9,7,b,1) (9,0,b,1) (a,c,1,9) (a,8,1,a)  higher-order linear
1 (9,7,b,1) (a,c,1,9) (a,8,1,a) (a,4,1,a)  higher-order linear
(a,9,1,b) (b,f,9,4) (b,7,2,6)  higher-order linear


This characteristic is not possible due to the following constraint.
(8,f,1,9) (9,e,2,1) (9,2,b,1) We will continue to search for more impossibilities...

