original prob: 79
probability if we exclude those that are not involved in any constraints: 79
0,9,0,0, 0,f,0,0, 0,0,0,0, 0,0,0,0, 0,0,0,0,
2,0,0,0, 1,0,0,0, 1,0,0,0, 0,1,0,0, 0,0,0,0,
0,0,0,2, 0,0,0,1, 0,0,0,1, 0,1,0,0, 0,0,0,0,
0,0,2,0, 0,0,1,0, 0,0,1,0, 0,1,0,0, 0,1,0,0,

0,0,0,0, 0,1,0,0, 0,1,0,0, 0,1,0,0, 0,1,0,0,
0,0,0,0, 1,0,0,0, 1,0,0,0, 0,1,0,0, 0,1,0,0,
0,0,0,0, 0,0,0,1, 0,0,0,1, 0,1,0,0, 0,1,0,0,
0,0,0,0, 0,0,1,0, 0,0,1,0, 0,1,0,0, 0,1,0,0,

-------------------------------------------------------
0,0,0,0, 0,0,0,0, 0,0,0,0, 0,0,0,0, 8,0,0,0,
0,0,0,0, 0,0,0,0, 0,0,0,0, 0,0,0,0, 0,0,0,0,
0,0,0,0, 0,0,0,0, 0,0,0,0, 0,0,0,0, 0,0,0,0,
0,1,0,0, 0,8,0,0, 0,8,0,0, 8,0,0,0, 0,0,0,0,

0,1,0,0, 0,1,0,0, 0,1,0,0, 0,1,0,0, 0,0,0,0,
0,1,0,0, 0,1,0,0, 0,1,0,0, 0,0,1,0, 0,1,0,0,
0,1,0,0, 0,1,0,0, 0,1,0,0, 0,0,0,1, 0,0,0,0,
0,1,0,0, 0,1,0,0, 0,1,0,0, 1,0,0,0, 0,0,0,0,

-------------------------------------------------------
8,0,0,0, 4,0,0,0, 0,0,0,0, 0,0,0,0, 0,0,0,0,
0,0,0,0, 0,0,0,0, 0,0,0,0, 0,0,0,0, 0,0,0,0,
0,0,0,0, 0,0,0,0, 0,0,0,0, 0,0,0,0, 0,0,0,0,
0,0,0,0, 0,0,0,0, 0,0,0,0, 0,0,0,0, 0,0,0,0,

0,0,0,0, 1,0,0,0, 1,0,0,0, 1,0,0,0, 0,0,0,0,
0,1,0,0, 0,1,0,0, 0,1,0,0, 0,0,1,0, 1,0,0,0,
0,0,0,0, 0,0,0,0, 0,0,0,0, 0,0,0,0, 0,0,0,0,
0,0,0,0, 0,0,0,0, 0,0,0,0, 0,0,0,0, 0,0,0,0,

-------------------------------------------------------
0,0,0,0, 0,0,0,0, 0,0,0,0, 0,0,0,0, 0,0,0,0,
0,0,0,0, 0,0,0,0, 0,0,0,0, 0,0,0,0, 0,0,0,0,
0,0,0,0, 0,0,0,0, 0,0,0,0, 0,0,0,0, 0,0,0,0,
0,0,0,0, 0,0,0,0, 0,0,0,0, 0,0,0,0, 0,0,0,0,

0,0,0,0, 0,0,0,0, 0,0,0,0, 0,0,0,0, 0,0,0,0,
1,0,0,0, 1,0,0,0, 1,0,0,0, 0,1,0,0, 0,0,0,0,
0,0,0,0, 0,0,0,0, 0,0,0,0, 0,0,0,0, 0,0,0,0,
0,0,0,0, 0,0,0,0, 0,0,0,0, 0,0,0,0, 0,0,0,0,

-------------------------------------------------------
0,0,0,0, 0,0,0,0, 0,0,0,0, 0,0,0,0, 0,0,0,0,
0,0,0,0, 0,0,0,0, 0,0,0,0, 0,0,0,0, 0,0,0,0,
0,0,0,0, 0,0,0,0, 0,0,0,0, 0,0,0,0, 0,0,0,0,
0,0,0,0, 0,0,0,0, 0,0,0,0, 0,0,0,0, 0,0,0,0,

0,0,0,0, 0,0,0,0, 0,0,0,0, 0,0,0,0, 0,0,0,0,
0,0,0,0, 0,0,0,0, 0,0,0,0, 0,0,0,0, 0,0,0,0,
0,0,0,0, 0,0,0,0, 0,0,0,0, 0,0,0,0, 0,0,0,0,
0,0,0,0, 0,0,0,0, 0,0,0,0, 0,0,0,0, 0,0,0,0,

-------------------------------------------------------
0,0,0,0, 0,0,0,0, 0,0,0,0, 0,0,0,0, 0,0,0,0,
0,0,0,0, 0,0,0,0, 0,0,0,0, 0,0,0,0, 0,0,0,0,
0,0,0,0, 0,0,0,0, 0,0,0,0, 0,0,0,0, 0,0,0,0,
0,0,0,0, 0,0,0,0, 0,0,0,0, 0,0,0,0, 0,0,0,0,

0,0,0,0, 0,0,0,0, 0,0,0,0, 0,0,0,0, 0,0,0,0,
0,0,0,0, 0,0,0,0, 0,0,0,0, 0,0,0,0, 0,0,0,0,
0,0,0,0, 0,0,0,0, 0,0,0,0, 0,0,0,0, 0,0,0,0,
0,0,0,0, 0,0,0,0, 0,0,0,0, 0,0,0,0, 0,0,0,0,

-------------------------------------------------------
0,0,0,0, 0,0,0,0, 0,0,0,0, 0,0,0,0, 0,0,0,0,
0,0,0,0, 0,0,0,0, 0,0,0,0, 0,0,0,0, 0,0,0,0,
0,0,0,0, 0,0,0,0, 0,0,0,0, 0,0,0,0, 0,0,0,0,
0,0,0,0, 0,0,0,0, 0,0,0,0, 0,0,0,0, 0,0,0,0,

0,0,0,0, 0,0,0,0, 0,0,0,0, 0,0,0,0, 0,0,0,0,
0,0,0,0, 0,0,0,0, 0,0,0,0, 0,0,0,0, 0,0,0,0,
0,0,0,0, 0,0,0,0, 0,0,0,0, 0,0,0,0, 0,0,0,0,
0,0,0,0, 0,0,0,0, 0,0,0,0, 0,0,0,0, 0,0,0,0,

-------------------------------------------------------
0,0,0,0, 0,0,0,0, 0,0,0,0, 0,0,0,0, 0,0,0,0,
0,0,0,0, 0,0,0,0, 0,0,0,0, 0,0,0,0, 0,0,0,0,
0,0,0,0, 0,0,0,0, 0,0,0,0, 0,0,0,0, 0,0,0,0,
0,0,0,0, 0,0,0,0, 0,0,0,0, 0,0,0,0, 0,0,0,0,

0,0,0,0, 0,0,0,0, 0,0,0,0, 0,0,0,0, 0,0,0,0,
0,0,0,0, 0,0,0,0, 0,0,0,0, 0,0,0,0, 0,0,0,0,
0,0,0,0, 0,0,0,0, 0,0,0,0, 0,0,0,0, 0,0,0,0,
0,0,0,0, 0,0,0,0, 0,0,0,0, 0,0,0,0, 0,0,0,0,

-------------------------------------------------------
0,0,0,0, 0,0,0,0, 0,0,0,0, 0,0,0,0, 0,0,0,0,
0,0,0,0, 0,0,0,0, 0,0,4,0, 0,0,0,4, 0,0,0,0,
0,0,0,0, 0,0,0,0, 0,0,0,0, 0,0,0,0, 0,0,0,4,
0,0,0,0, 0,0,0,0, 0,0,0,0, 0,0,0,0, 0,0,0,0,

0,0,0,0, 0,0,0,0, 0,0,0,0, 0,0,0,0, 0,0,0,0,
0,0,0,0, 0,0,0,0, 0,0,0,0, 0,0,0,0, 0,0,0,0,
0,0,0,0, 0,0,0,0, 0,0,0,0, 0,0,0,0, 0,0,0,0,
0,0,0,0, 0,0,0,0, 0,0,0,0, 0,0,0,0, 0,0,0,0,

-------------------------------------------------------
0,0,0,0, 0,0,0,0, 0,0,0,0, 0,0,0,0, 0,d,0,0,
0,0,0,0, 0,0,0,0, 0,0,0,0, 0,0,0,0, 0,0,0,0,
0,0,0,4, 0,0,0,d, 0,0,0,d, 0,d,0,0, 0,d,0,0,
0,0,0,0, 0,0,0,0, 0,0,0,0, 0,0,0,0, 0,d,0,0,

0,0,0,0, 0,0,0,0, 0,0,0,0, 0,0,0,0, 0,0,0,0,
0,0,0,0, 0,0,0,0, 0,0,0,0, 0,0,0,0, 0,0,0,0,
0,0,0,0, 0,0,0,1, 0,0,0,1, 0,1,0,0, 0,0,0,0,
0,0,0,0, 0,0,0,0, 0,0,0,0, 0,0,0,0, 0,0,0,0,

-------------------------------------------------------
0,d,0,0, 0,9,0,0, 0,9,0,0, 0,9,0,0, 9,9,0,2,
0,0,0,0, 0,0,0,0, 0,f,0,0, 0,0,f,0, 0,9,0,0,
0,d,0,0, 0,2,0,0, 0,2,0,0, 0,0,0,2, 0,0,f,2,
0,d,0,0, 0,9,0,0, 0,9,0,0, 9,0,0,0, 0,9,0,2,

0,0,0,0, 0,1,0,0, 0,1,0,0, 0,1,0,0, 0,0,0,0,
0,0,0,0, 0,0,0,0, 0,0,0,0, 0,0,0,0, 0,1,0,0,
0,0,0,0, 0,1,0,0, 0,1,0,0, 0,0,0,1, 0,0,0,0,
0,0,0,0, 0,1,0,0, 0,1,0,0, 1,0,0,0, 0,0,0,0,

-------------------------------------------------------
9,9,0,2, 4,5,0,1, 4,5,0,1, 4,5,0,1, 5,0,1,1,
0,9,0,0, 0,5,0,0, 0,5,0,0, 0,0,5,0, 4,5,0,1,
0,0,f,2, 0,0,4,5, 0,0,4,5, 4,5,0,0, 4,5,5,0,
0,9,0,2, 0,5,0,1, 0,5,0,1, 5,0,1,0, 0,0,0,1,

0,0,0,0, 1,1,0,1, 1,1,0,1, 1,1,0,1, 1,0,0,0,
0,1,0,0, 0,1,0,0, 0,1,0,0, 0,0,1,0, 1,1,0,1,
0,0,0,0, 0,0,1,1, 0,0,1,1, 1,1,0,0, 0,0,0,0,
0,0,0,0, 0,1,0,1, 0,1,0,1, 1,0,1,0, 1,1,0,0,

-------------------------------------------------------
5,0,1,1, a,0,a,9, a,0,a,0, a,0,a,0, 0,0,0,2,
4,5,0,1, 2,2,0,a, 2,2,0,a, a,2,2,0, a,0,a,0,
4,5,5,0, 2,2,a,0, 2,2,a,0, a,0,2,2, 0,2,0,2,
0,0,0,1, 0,0,0,8, 0,0,0,8, 0,0,8,0, 0,0,8,2,

1,0,0,0, 1,0,1,1, 1,0,1,1, 1,0,1,1, 1,0,1,1,
1,1,0,1, 1,1,0,1, 1,1,0,1, 1,1,1,0, 1,0,1,1,
0,0,0,0, 1,1,1,0, 1,1,1,0, 1,0,1,1, 1,0,1,0,
1,1,0,0, 1,1,0,1, 1,1,0,1, 1,0,1,1, 1,0,1,1,

-------------------------------------------------------
0,0,0,2, 0,0,0,5, 0,0,0,5, 0,0,0,5, 0,0,1,0,
a,0,a,0, 5,0,5,0, 5,0,5,0, 0,5,0,5, 0,0,0,5,
0,2,0,2, 0,5,0,5, 0,5,0,5, 0,5,0,5, 0,0,0,0,
0,0,8,2, 0,0,5,1, 0,0,5,1, 0,5,1,0, 0,5,0,0,

1,0,1,1, 1,0,1,1, 1,0,1,1, 1,0,1,1, 0,0,1,1,
1,0,1,1, 1,0,1,1, 1,0,1,1, 1,1,0,1, 1,0,1,1,
1,0,1,0, 1,1,1,1, 1,1,1,1, 1,1,1,1, 1,1,0,1,
1,0,1,1, 1,0,1,1, 1,0,1,1, 0,1,1,1, 1,0,1,1,

-------------------------------------------------------
0,0,1,0, 0,0,8,0, 0,0,8,0, 0,0,8,0, 2,0,8,0,
0,0,0,5, 0,0,0,2, 0,0,0,e, e,0,0,0, 0,0,8,0,
0,0,0,0, 0,0,0,0, 0,0,0,0, 0,0,0,0, e,0,0,0,
0,5,0,0, 0,2,0,0, 0,2,0,0, 2,0,0,0, 0,0,8,0,

0,0,1,1, 0,0,1,1, 0,0,1,1, 0,0,1,1, 0,0,1,1,
1,0,1,1, 1,0,1,1, 1,0,1,1, 1,1,0,1, 0,0,1,1,
1,1,0,1, 1,1,0,1, 1,1,0,1, 0,1,1,1, 0,1,0,1,
1,0,1,1, 1,1,1,1, 1,1,1,1, 1,1,1,1, 0,0,1,1,

-------------------------------------------------------
The constraints are (in the form of (round, position, input_diff, output_diff)
The number infront of each constraint corresponds to the grouping that each constraint falls under.
Each group is treated as independent in this computation
Some constraints may have more than one group identity. These groups have to be considered together
7 (0,1,9,f) (0,b,2,1) (1,d,1,8) linear
2 (a,1,d,9) (b,5,9,5) linear
a (b,0,9,4) (b,a,f,4) (b,d,9,5) (c,0,5,a) linear
a (b,0,9,4) (c,4,4,2) linear
8 (b,1,9,5) (c,5,5,2) linear
f (b,3,2,1) (c,7,1,a) linear
7 a (c,3,1,9) (c,9,5,2) (b,0,9,4) (b,a,f,4) (c,c,0,0) (d,3,2,5) nonlinear
2 (c,0,5,a) (d,4,a,5) linear
4 (c,2,1,a) (d,6,a,5) linear
4 (c,2,1,a) (c,8,4,2) (d,e,8,5) linear
7 (c,3,1,9) (c,9,5,2) (d,f,2,1) linear
4 a 1 (c,2,1,a) (c,8,4,2) (c,f,1,8) (d,2,0,0) (c,7,1,a) (c,a,5,a) (d,8,0,0) (d,f,2,1) (e,2,1,8) nonlinear
b (d,3,2,5) (e,7,5,2) linear
(b,d,9,5) (b,a,f,4) (c,4,4,2) (c,0,5,a)  higher-order linear
(c,8,4,2) (d,e,8,5) (d,6,a,5)  higher-order linear


This characteristic is not possible due to the following constraint.
(c,8,4,2) (d,e,8,5) (d,6,a,5) We will continue to search for more impossibilities...

