original prob: 70
probability if we exclude those that are not involved in any constraints: 70
0,0,0,0, 0,0,0,0, 0,0,0,0, 0,0,0,0, 4,0,0,0,
0,0,0,0, 0,0,0,0, 0,0,0,0, 0,0,0,0, 0,0,0,0,
0,0,0,0, 0,0,0,0, 0,0,0,0, 0,0,0,0, 0,0,0,0,
0,8,0,0, 0,4,0,0, 0,4,0,0, 4,0,0,0, 0,0,0,0,

0,0,0,0, 0,0,0,0, 0,0,0,0, 0,0,0,0, 0,0,0,0,
0,0,0,0, 0,0,0,0, 0,0,0,0, 0,0,0,0, 0,0,0,0,
0,0,0,0, 0,0,0,0, 0,0,0,0, 0,0,0,0, 0,0,0,0,
0,0,0,0, 0,1,0,0, 0,1,0,0, 1,0,0,0, 0,0,0,0,

-------------------------------------------------------
4,0,0,0, 2,0,0,0, 0,0,0,0, 0,0,0,0, 0,0,0,0,
0,0,0,0, 0,0,0,0, 0,0,0,0, 0,0,0,0, 0,0,0,0,
0,0,0,0, 0,0,0,0, 0,0,0,0, 0,0,0,0, 0,0,0,0,
0,0,0,0, 0,0,0,0, 0,0,0,0, 0,0,0,0, 0,0,0,0,

0,0,0,0, 1,0,0,0, 1,0,0,0, 1,0,0,0, 0,0,0,0,
0,0,0,0, 0,0,0,0, 0,0,0,0, 0,0,0,0, 1,0,0,0,
0,0,0,0, 0,0,0,0, 0,0,0,0, 0,0,0,0, 0,0,0,0,
0,0,0,0, 0,0,0,0, 0,0,0,0, 0,0,0,0, 0,0,0,0,

-------------------------------------------------------
0,0,0,0, 0,0,0,0, 0,0,0,0, 0,0,0,0, 0,0,0,0,
0,0,0,0, 0,0,0,0, 0,0,0,0, 0,0,0,0, 0,0,0,0,
0,0,0,0, 0,0,0,0, 0,0,0,0, 0,0,0,0, 0,0,0,0,
0,0,0,0, 0,0,0,0, 0,0,0,0, 0,0,0,0, 0,0,0,0,

0,0,0,0, 0,0,0,0, 0,0,0,0, 0,0,0,0, 0,0,0,0,
1,0,0,0, 1,0,0,0, 1,0,0,0, 0,1,0,0, 0,0,0,0,
0,0,0,0, 0,0,0,0, 0,0,0,0, 0,0,0,0, 0,0,0,0,
0,0,0,0, 0,0,0,0, 0,0,0,0, 0,0,0,0, 0,0,0,0,

-------------------------------------------------------
0,0,0,0, 0,0,0,0, 0,0,0,0, 0,0,0,0, 0,0,0,0,
0,0,0,0, 0,0,0,0, 0,0,0,0, 0,0,0,0, 0,0,0,0,
0,0,0,0, 0,0,0,0, 0,0,0,0, 0,0,0,0, 0,0,0,0,
0,0,0,0, 0,0,0,0, 0,0,0,0, 0,0,0,0, 0,0,0,0,

0,0,0,0, 0,0,0,0, 0,0,0,0, 0,0,0,0, 0,0,0,0,
0,0,0,0, 0,0,0,0, 0,0,0,0, 0,0,0,0, 0,0,0,0,
0,0,0,0, 0,0,0,0, 0,0,0,0, 0,0,0,0, 0,0,0,0,
0,0,0,0, 0,0,0,0, 0,0,0,0, 0,0,0,0, 0,0,0,0,

-------------------------------------------------------
0,0,0,0, 0,0,0,0, 0,0,0,0, 0,0,0,0, 0,0,0,0,
0,0,0,0, 0,0,0,0, 0,0,0,0, 0,0,0,0, 0,0,0,0,
0,0,0,0, 0,0,0,0, 0,0,0,0, 0,0,0,0, 0,0,0,0,
0,0,0,0, 0,0,0,0, 0,0,0,0, 0,0,0,0, 0,0,0,0,

0,0,0,0, 0,0,0,0, 0,0,0,0, 0,0,0,0, 0,0,0,0,
0,0,0,0, 0,0,0,0, 0,0,0,0, 0,0,0,0, 0,0,0,0,
0,0,0,0, 0,0,0,0, 0,0,0,0, 0,0,0,0, 0,0,0,0,
0,0,0,0, 0,0,0,0, 0,0,0,0, 0,0,0,0, 0,0,0,0,

-------------------------------------------------------
0,0,0,0, 0,0,0,0, 0,0,0,0, 0,0,0,0, 0,0,0,0,
0,0,0,0, 0,0,0,0, 0,0,0,0, 0,0,0,0, 0,0,0,0,
0,0,0,0, 0,0,0,0, 0,0,0,0, 0,0,0,0, 0,0,0,0,
0,0,0,0, 0,0,0,0, 0,0,0,0, 0,0,0,0, 0,0,0,0,

0,0,0,0, 0,0,0,0, 0,0,0,0, 0,0,0,0, 0,0,0,0,
0,0,0,0, 0,0,0,0, 0,0,0,0, 0,0,0,0, 0,0,0,0,
0,0,0,0, 0,0,0,0, 0,0,0,0, 0,0,0,0, 0,0,0,0,
0,0,0,0, 0,0,0,0, 0,0,0,0, 0,0,0,0, 0,0,0,0,

-------------------------------------------------------
0,0,0,0, 0,0,0,0, 0,0,0,0, 0,0,0,0, 0,0,0,0,
0,0,0,0, 0,0,0,0, 0,0,0,0, 0,0,0,0, 0,0,0,0,
0,0,0,0, 0,0,0,0, 0,0,0,0, 0,0,0,0, 0,0,0,0,
0,0,0,0, 0,0,0,0, 0,0,0,0, 0,0,0,0, 0,0,0,0,

0,0,0,0, 0,0,0,0, 0,0,0,0, 0,0,0,0, 0,0,0,0,
0,0,0,0, 0,0,0,0, 0,0,0,0, 0,0,0,0, 0,0,0,0,
0,0,0,0, 0,0,0,0, 0,0,0,0, 0,0,0,0, 0,0,0,0,
0,0,0,0, 0,0,0,0, 0,0,0,0, 0,0,0,0, 0,0,0,0,

-------------------------------------------------------
0,0,0,0, 0,0,0,0, 0,0,0,0, 0,0,0,0, 0,0,0,0,
0,0,0,0, 0,0,0,0, 0,0,2,0, 0,0,0,2, 0,0,0,0,
0,0,0,0, 0,0,0,0, 0,0,0,0, 0,0,0,0, 0,0,0,2,
0,0,0,0, 0,0,0,0, 0,0,0,0, 0,0,0,0, 0,0,0,0,

0,0,0,0, 0,0,0,0, 0,0,0,0, 0,0,0,0, 0,0,0,0,
0,0,0,0, 0,0,0,0, 0,0,0,0, 0,0,0,0, 0,0,0,0,
0,0,0,0, 0,0,0,0, 0,0,0,0, 0,0,0,0, 0,0,0,0,
0,0,0,0, 0,0,0,0, 0,0,0,0, 0,0,0,0, 0,0,0,0,

-------------------------------------------------------
0,0,0,0, 0,0,0,0, 0,0,0,0, 0,0,0,0, 0,5,0,0,
0,0,0,0, 0,0,0,0, 0,0,0,0, 0,0,0,0, 0,0,0,0,
0,0,0,2, 0,0,0,5, 0,0,0,5, 0,5,0,0, 0,5,0,0,
0,0,0,0, 0,0,0,0, 0,0,0,0, 0,0,0,0, 0,5,0,0,

0,0,0,0, 0,0,0,0, 0,0,0,0, 0,0,0,0, 0,0,0,0,
0,0,0,0, 0,0,0,0, 0,0,0,0, 0,0,0,0, 0,0,0,0,
0,0,0,0, 0,0,0,1, 0,0,0,1, 0,1,0,0, 0,0,0,0,
0,0,0,0, 0,0,0,0, 0,0,0,0, 0,0,0,0, 0,0,0,0,

-------------------------------------------------------
0,5,0,0, 0,a,0,0, 0,a,0,0, 0,a,0,0, 2,a,0,2,
0,0,0,0, 0,0,0,0, 0,7,0,0, 0,0,7,0, 0,a,0,0,
0,5,0,0, 0,2,0,0, 0,2,0,0, 0,0,0,2, 0,0,7,2,
0,5,0,0, 0,2,0,0, 0,2,0,0, 2,0,0,0, 0,a,0,2,

0,0,0,0, 0,1,0,0, 0,1,0,0, 0,1,0,0, 0,0,0,0,
0,0,0,0, 0,0,0,0, 0,0,0,0, 0,0,0,0, 0,1,0,0,
0,0,0,0, 0,1,0,0, 0,1,0,0, 0,0,0,1, 0,0,0,0,
0,0,0,0, 0,1,0,0, 0,1,0,0, 1,0,0,0, 0,0,0,0,

-------------------------------------------------------
2,a,0,2, 1,5,0,5, 1,5,0,5, 1,5,0,5, 5,0,1,5,
0,a,0,0, 0,5,0,0, 0,5,0,0, 0,0,5,0, 1,5,0,5,
0,0,7,2, 0,0,1,5, 0,0,1,5, 1,5,0,0, 1,5,5,0,
0,a,0,2, 0,5,0,1, 0,5,0,1, 5,0,1,0, 0,0,0,5,

0,0,0,0, 1,1,0,1, 1,1,0,1, 1,1,0,1, 1,0,0,0,
0,1,0,0, 0,1,0,0, 0,1,0,0, 0,0,1,0, 1,1,0,1,
0,0,0,0, 0,0,1,1, 0,0,1,1, 1,1,0,0, 0,0,0,0,
0,0,0,0, 0,1,0,1, 0,1,0,1, 1,0,1,0, 1,1,0,0,

-------------------------------------------------------
5,0,1,5, 2,0,8,6, 2,0,8,2, 2,0,8,2, 0,0,0,0,
1,5,0,5, 8,a,0,2, 8,a,0,2, 2,8,a,0, 2,0,8,2,
1,5,5,0, a,2,2,0, a,2,2,0, 2,0,a,2, 0,8,0,2,
0,0,0,5, 0,0,0,2, 0,0,0,2, 0,0,2,0, 0,0,2,0,

1,0,0,0, 1,0,1,1, 1,0,1,1, 1,0,1,1, 1,0,1,1,
1,1,0,1, 1,1,0,1, 1,1,0,1, 1,1,1,0, 1,0,1,1,
0,0,0,0, 1,1,1,0, 1,1,1,0, 1,0,1,1, 1,0,1,0,
1,1,0,0, 1,1,0,1, 1,1,0,1, 1,0,1,1, 1,0,1,1,

-------------------------------------------------------
0,0,0,0, 0,0,0,0, 0,0,0,0, 0,0,0,0, 0,0,0,4,
2,0,8,2, 5,0,4,5, 5,0,4,5, 5,5,0,4, 0,0,0,0,
0,8,0,2, 0,4,0,5, 0,4,0,5, 0,5,0,4, 5,0,0,0,
0,0,2,0, 0,0,5,0, 0,0,5,0, 0,5,0,0, 0,5,0,4,

1,0,1,1, 1,0,1,1, 1,0,1,1, 1,0,1,1, 0,0,1,1,
1,0,1,1, 1,0,1,1, 1,0,1,1, 1,1,0,1, 1,0,1,1,
1,0,1,0, 1,1,1,1, 1,1,1,1, 1,1,1,1, 1,1,0,1,
1,0,1,1, 1,0,1,1, 1,0,1,1, 0,1,1,1, 1,0,1,1,

-------------------------------------------------------
0,0,0,4, 0,0,0,2, 0,0,0,2, 0,0,0,2, 2,0,0,2,
0,0,0,0, 0,0,0,0, 0,0,0,e, e,0,0,0, 0,0,0,2,
5,0,0,0, 2,0,0,0, 2,0,0,0, 0,0,2,0, e,0,2,0,
0,5,0,4, 0,2,0,2, 0,2,0,2, 2,0,2,0, 0,0,2,2,

0,0,1,1, 0,0,1,1, 0,0,1,1, 0,0,1,1, 0,0,1,1,
1,0,1,1, 1,0,1,1, 1,0,1,1, 1,1,0,1, 0,0,1,1,
1,1,0,1, 1,1,0,1, 1,1,0,1, 0,1,1,1, 0,1,0,1,
1,0,1,1, 1,1,1,1, 1,1,1,1, 1,1,1,1, 0,0,1,1,

-------------------------------------------------------
The constraints are (in the form of (round, position, input_diff, output_diff)
The number infront of each constraint corresponds to the grouping that each constraint falls under.
Each group is treated as independent in this computation
Some constraints may have more than one group identity. These groups have to be considered together
2 (9,1,5,a) (a,5,a,5) linear
a (a,0,2,1) (a,a,7,1) (a,d,a,5) (b,0,5,2) linear
a (a,0,2,1) (b,4,1,8) linear
8 (a,1,a,5) (b,5,5,a) linear
f (a,3,2,5) (b,7,5,2) linear
2 (b,0,5,2) (c,4,2,5) linear
4 (b,2,1,8) (c,6,8,4) linear
7 (b,3,5,6) (c,7,2,5) linear
4 (b,2,1,8) (b,8,1,a) (c,e,2,5) linear
7 a b 2 (b,3,5,6) (b,9,5,2) (a,0,2,1) (a,a,7,1) (b,c,0,0) (c,3,0,0) (c,9,8,4) (b,0,5,2) (b,a,5,2) (c,c,0,0) (d,3,4,2) nonlinear
f 3 (c,7,2,5) (b,5,5,a) (b,8,1,a) (c,a,0,0) (d,8,5,2) nonlinear
7 a b (b,3,5,6) (b,9,5,2) (a,0,2,1) (a,a,7,1) (b,c,0,0) (c,3,0,0) (c,9,8,4) (d,f,4,2) nonlinear
(a,d,a,5) (a,a,7,1) (b,4,1,8) (b,0,5,2)  higher-order linear
(b,8,1,a) (c,e,2,5) (c,6,8,4)  higher-order linear


This characteristic is not possible due to the following constraint.
(a,d,a,5) (a,a,7,1) (b,4,1,8) (b,0,5,2) We will continue to search for more impossibilities...

