original prob: 87
probability if we exclude those that are not involved in any constraints: 87
0,2,0,0, 0,3,0,0, 0,0,0,0, 0,0,0,0, 0,0,0,0,
1,0,0,0, 8,0,0,0, 8,0,0,0, 0,8,0,0, 0,0,0,0,
0,0,0,1, 0,0,0,8, 0,0,0,8, 0,8,0,0, 0,0,0,0,
0,0,1,0, 0,0,8,0, 0,0,8,0, 0,8,0,0, 0,8,0,0,

0,0,0,0, 0,1,0,0, 0,1,0,0, 0,1,0,0, 0,1,0,0,
0,0,0,0, 1,0,0,0, 1,0,0,0, 0,1,0,0, 0,1,0,0,
0,0,0,0, 0,0,0,1, 0,0,0,1, 0,1,0,0, 0,1,0,0,
0,0,0,0, 0,0,1,0, 0,0,1,0, 0,1,0,0, 0,1,0,0,

-------------------------------------------------------
0,0,0,0, 0,0,0,0, 0,0,0,0, 0,0,0,0, 4,0,0,0,
0,0,0,0, 0,0,0,0, 0,0,0,0, 0,0,0,0, 0,0,0,0,
0,0,0,0, 0,0,0,0, 0,0,0,0, 0,0,0,0, 0,0,0,0,
0,8,0,0, 0,4,0,0, 0,4,0,0, 4,0,0,0, 0,0,0,0,

0,1,0,0, 0,1,0,0, 0,1,0,0, 0,1,0,0, 0,0,0,0,
0,1,0,0, 0,1,0,0, 0,1,0,0, 0,0,1,0, 0,1,0,0,
0,1,0,0, 0,1,0,0, 0,1,0,0, 0,0,0,1, 0,0,0,0,
0,1,0,0, 0,1,0,0, 0,1,0,0, 1,0,0,0, 0,0,0,0,

-------------------------------------------------------
4,0,0,0, 2,0,0,0, 0,0,0,0, 0,0,0,0, 0,0,0,0,
0,0,0,0, 0,0,0,0, 0,0,0,0, 0,0,0,0, 0,0,0,0,
0,0,0,0, 0,0,0,0, 0,0,0,0, 0,0,0,0, 0,0,0,0,
0,0,0,0, 0,0,0,0, 0,0,0,0, 0,0,0,0, 0,0,0,0,

0,0,0,0, 1,0,0,0, 1,0,0,0, 1,0,0,0, 0,0,0,0,
0,1,0,0, 0,1,0,0, 0,1,0,0, 0,0,1,0, 1,0,0,0,
0,0,0,0, 0,0,0,0, 0,0,0,0, 0,0,0,0, 0,0,0,0,
0,0,0,0, 0,0,0,0, 0,0,0,0, 0,0,0,0, 0,0,0,0,

-------------------------------------------------------
0,0,0,0, 0,0,0,0, 0,0,0,0, 0,0,0,0, 0,0,0,0,
0,0,0,0, 0,0,0,0, 0,0,0,0, 0,0,0,0, 0,0,0,0,
0,0,0,0, 0,0,0,0, 0,0,0,0, 0,0,0,0, 0,0,0,0,
0,0,0,0, 0,0,0,0, 0,0,0,0, 0,0,0,0, 0,0,0,0,

0,0,0,0, 0,0,0,0, 0,0,0,0, 0,0,0,0, 0,0,0,0,
1,0,0,0, 1,0,0,0, 1,0,0,0, 0,1,0,0, 0,0,0,0,
0,0,0,0, 0,0,0,0, 0,0,0,0, 0,0,0,0, 0,0,0,0,
0,0,0,0, 0,0,0,0, 0,0,0,0, 0,0,0,0, 0,0,0,0,

-------------------------------------------------------
0,0,0,0, 0,0,0,0, 0,0,0,0, 0,0,0,0, 0,0,0,0,
0,0,0,0, 0,0,0,0, 0,0,0,0, 0,0,0,0, 0,0,0,0,
0,0,0,0, 0,0,0,0, 0,0,0,0, 0,0,0,0, 0,0,0,0,
0,0,0,0, 0,0,0,0, 0,0,0,0, 0,0,0,0, 0,0,0,0,

0,0,0,0, 0,0,0,0, 0,0,0,0, 0,0,0,0, 0,0,0,0,
0,0,0,0, 0,0,0,0, 0,0,0,0, 0,0,0,0, 0,0,0,0,
0,0,0,0, 0,0,0,0, 0,0,0,0, 0,0,0,0, 0,0,0,0,
0,0,0,0, 0,0,0,0, 0,0,0,0, 0,0,0,0, 0,0,0,0,

-------------------------------------------------------
0,0,0,0, 0,0,0,0, 0,0,0,0, 0,0,0,0, 0,0,0,0,
0,0,0,0, 0,0,0,0, 0,0,0,0, 0,0,0,0, 0,0,0,0,
0,0,0,0, 0,0,0,0, 0,0,0,0, 0,0,0,0, 0,0,0,0,
0,0,0,0, 0,0,0,0, 0,0,0,0, 0,0,0,0, 0,0,0,0,

0,0,0,0, 0,0,0,0, 0,0,0,0, 0,0,0,0, 0,0,0,0,
0,0,0,0, 0,0,0,0, 0,0,0,0, 0,0,0,0, 0,0,0,0,
0,0,0,0, 0,0,0,0, 0,0,0,0, 0,0,0,0, 0,0,0,0,
0,0,0,0, 0,0,0,0, 0,0,0,0, 0,0,0,0, 0,0,0,0,

-------------------------------------------------------
0,0,0,0, 0,0,0,0, 0,0,0,0, 0,0,0,0, 0,0,0,0,
0,0,0,0, 0,0,0,0, 4,0,0,0, 0,4,0,0, 0,0,0,0,
0,0,0,0, 0,0,0,0, 0,0,0,0, 0,0,0,0, 0,4,0,0,
0,0,0,0, 0,0,0,0, 0,0,0,0, 0,0,0,0, 0,0,0,0,

0,0,0,0, 0,0,0,0, 0,0,0,0, 0,0,0,0, 0,0,0,0,
0,0,0,0, 0,0,0,0, 0,0,0,0, 0,0,0,0, 0,0,0,0,
0,0,0,0, 0,0,0,0, 0,0,0,0, 0,0,0,0, 0,0,0,0,
0,0,0,0, 0,0,0,0, 0,0,0,0, 0,0,0,0, 0,0,0,0,

-------------------------------------------------------
0,0,0,0, 0,0,0,0, 0,0,0,0, 0,0,0,0, 0,0,0,2,
0,0,0,0, 0,0,0,0, 0,0,0,0, 0,0,0,0, 0,0,0,0,
0,4,0,0, 0,2,0,0, 0,2,0,0, 0,0,0,2, 0,0,0,2,
0,0,0,0, 0,0,0,0, 0,0,0,0, 0,0,0,0, 0,0,0,2,

0,0,0,0, 0,0,0,0, 0,0,0,0, 0,0,0,0, 0,0,0,0,
0,0,0,0, 0,0,0,0, 0,0,0,0, 0,0,0,0, 0,0,0,0,
0,0,0,0, 0,1,0,0, 0,1,0,0, 0,0,0,1, 0,0,0,0,
0,0,0,0, 0,0,0,0, 0,0,0,0, 0,0,0,0, 0,0,0,0,

-------------------------------------------------------
0,0,0,2, 0,0,0,1, 0,0,0,1, 0,0,0,1, 0,1,5,1,
0,0,0,0, 0,0,0,0, 0,0,d,0, 0,0,0,d, 0,0,0,1,
0,0,0,2, 0,0,0,1, 0,0,0,1, 0,1,0,0, 0,1,0,d,
0,0,0,2, 0,0,0,5, 0,0,0,5, 0,0,5,0, 0,1,0,1,

0,0,0,0, 0,0,0,1, 0,0,0,1, 0,0,0,1, 0,0,0,0,
0,0,0,0, 0,0,0,0, 0,0,0,0, 0,0,0,0, 0,0,0,1,
0,0,0,0, 0,0,0,1, 0,0,0,1, 0,1,0,0, 0,0,0,0,
0,0,0,0, 0,0,0,1, 0,0,0,1, 0,0,1,0, 0,0,0,0,

-------------------------------------------------------
0,1,5,1, 0,9,2,b, 0,9,2,b, 0,9,2,b, b,0,b,0,
0,0,0,1, 0,0,0,b, 0,0,0,b, b,0,0,0, 0,9,2,b,
0,1,0,d, 0,b,0,9, 0,b,0,9, 0,9,0,b, b,9,0,b,
0,1,0,1, 0,b,0,9, 0,b,0,9, b,0,9,0, 0,0,2,0,

0,0,0,0, 0,1,1,1, 0,1,1,1, 0,1,1,1, 0,0,0,0,
0,0,0,1, 0,0,0,1, 0,0,0,1, 1,0,0,0, 0,1,1,1,
0,0,0,0, 0,1,0,1, 0,1,0,1, 0,1,0,1, 0,0,0,0,
0,0,0,0, 0,1,0,1, 0,1,0,1, 1,0,1,0, 0,1,0,1,

-------------------------------------------------------
b,0,b,0, 1,0,1,0, 1,0,1,0, 1,0,1,0, 1,0,0,5,
0,9,2,b, 0,f,5,1, 0,1,5,1, 1,0,1,5, 1,0,1,0,
b,9,0,b, 1,5,0,1, 1,5,0,1, 0,1,1,5, 1,1,0,0,
0,0,2,0, 0,0,1,0, 0,0,1,0, 0,1,0,0, 1,1,0,5,

0,0,0,0, 1,0,1,0, 1,0,1,0, 1,0,1,0, 0,0,1,0,
0,1,1,1, 0,1,1,1, 0,1,1,1, 1,0,1,1, 1,0,1,0,
0,0,0,0, 1,1,0,1, 1,1,0,1, 0,1,1,1, 0,0,1,1,
0,1,0,1, 0,1,1,1, 0,1,1,1, 1,1,1,0, 0,0,1,0,

-------------------------------------------------------
1,0,0,5, 8,0,0,a, 8,0,0,a, 8,0,0,a, 0,0,0,8,
1,0,1,0, 8,0,a,0, 8,0,a,0, 0,8,0,a, 8,0,0,a,
1,1,0,0, a,a,0,0, a,a,0,0, 0,0,a,a, 0,8,a,0,
1,1,0,5, 8,8,0,a, 8,8,0,a, 8,0,a,8, 8,0,a,0,

0,0,1,0, 1,0,1,1, 1,0,1,1, 1,0,1,1, 1,0,1,1,
1,0,1,0, 1,0,1,0, 1,0,1,0, 0,1,0,1, 1,0,1,1,
0,0,1,1, 1,1,1,1, 1,1,1,1, 1,1,1,1, 0,1,0,1,
0,0,1,0, 1,1,1,1, 1,1,1,1, 1,1,1,1, 1,0,1,1,

-------------------------------------------------------
0,0,0,8, 0,0,0,4, 0,0,0,c, 0,0,0,c, 5,6,0,c,
8,0,0,a, 4,0,0,5, 4,0,0,5, 5,4,0,0, 0,0,0,c,
0,8,a,0, 0,4,5,0, 0,4,5,0, 5,0,0,4, 0,4,0,4,
8,0,a,0, 4,0,6,0, 4,0,6,0, 0,6,0,4, 5,0,0,8,

1,0,1,1, 1,0,1,1, 1,0,1,1, 1,0,1,1, 0,0,0,1,
1,0,1,1, 1,0,1,1, 1,0,1,1, 1,1,0,1, 1,0,1,1,
0,1,0,1, 0,1,1,1, 0,1,1,1, 1,1,0,1, 1,1,0,1,
1,0,1,1, 1,0,1,1, 1,0,1,1, 0,1,1,1, 1,0,0,1,

-------------------------------------------------------
The constraints are (in the form of (round, position, input_diff, output_diff)
The number infront of each constraint corresponds to the grouping that each constraint falls under.
Each group is treated as independent in this computation
Some constraints may have more than one group identity. These groups have to be considered together
3 (0,1,2,3) (0,b,1,8) (1,d,8,4) linear
1 (8,3,2,1) (9,7,1,b) linear
8 (9,1,1,9) (a,5,9,f) linear
c (9,2,5,2) (a,6,2,5) linear
f (9,3,1,b) (a,7,b,1) linear
2 (a,0,b,1) (b,4,1,8) linear
4 (a,2,b,1) (b,6,1,a) linear
b (b,3,5,a) (b,9,1,a) (b,c,1,8) (c,3,8,4) linear
8 (b,0,1,8) (c,4,8,4) linear
b (b,3,5,a) (c,7,a,5) linear
c 5 (b,4,1,8) (a,6,2,5) (a,9,9,5) (b,b,0,0) (c,9,8,4) nonlinear
8 3 (b,0,1,8) (a,5,9,f) (a,8,b,1) (b,a,0,0) (c,c,8,4) nonlinear
4 f a (a,2,b,1) (a,8,b,1) (9,3,1,b) (9,9,1,b) (a,f,0,0) (b,2,0,0) (b,8,1,a) (c,e,a,6) nonlinear
(9,f,1,9) (a,e,2,1) (a,2,b,1)  higher-order linear
c (9,f,1,9) (9,2,5,2) (a,e,2,1) (a,6,2,5) (a,2,b,1)  higher-order linear
1 2 (a,7,b,1) (a,0,b,1) (b,c,1,8) (b,8,1,a)  higher-order linear
1 (a,7,b,1) (b,c,1,8) (b,8,1,a) (b,4,1,8)  higher-order linear
(b,c,1,8) (b,9,1,a) (c,7,a,5) (c,3,8,4)  higher-order linear


This characteristic is not possible due to the following constraint.
(9,f,1,9) (a,e,2,1) (a,2,b,1) We will continue to search for more impossibilities...

