9.705402121750347222e-01
9.707127730317548497e-01
9.743413270565006723e-01
9.743413270565006723e-01
9.746873800782819286e-01
9.748604377214917793e-01
9.748604377214917793e-01
9.760724228256207891e-01
9.769387502646653676e-01
9.793672383422931116e-01
9.795408583004892034e-01
9.802355471502615103e-01
9.807567833963922732e-01
9.807567833963922732e-01
9.814520581283496803e-01
9.816259291789836139e-01
9.819737341567744693e-01
9.824955988905852422e-01
9.831917123134461534e-01
9.833657931632366900e-01
9.840623266907745359e-01
9.840623266907745359e-01
9.844107196026075091e-01
9.849334667697093870e-01
9.852820701399904735e-01
9.852820701399904735e-01
9.854564034180576249e-01
9.856307577648634188e-01
9.859795296850654145e-01
9.863283859413629617e-01
9.866773265745524268e-01
9.866773265745524268e-01
9.866773265745524268e-01
9.868518285452386740e-01
9.868518285452386740e-01
9.877246551438796374e-01
9.878992838484309535e-01
9.880739336931922967e-01
9.882486046832826831e-01
9.884232968238229056e-01
9.887727445767459100e-01
9.891222769929653991e-01
9.891222769929653991e-01
9.891222769929653991e-01
9.894718941135153267e-01
9.896467344507454689e-01
9.903463077658906100e-01
9.905212541119351455e-01
9.906962216751705741e-01
9.908712104607436677e-01
9.908712104607436677e-01
9.908712104607436677e-01
9.908712104607436677e-01
9.910462204738034186e-01
9.910462204738034186e-01
9.913963042029877437e-01
9.915713779294192953e-01
9.915713779294192953e-01
9.917464729039516813e-01
9.917464729039516813e-01
9.920967266179538946e-01
9.924470653862828007e-01
9.927974892502571258e-01
9.927974892502571258e-01
9.927974892502571258e-01
9.929727331060315132e-01
9.929727331060315132e-01
9.929727331060315132e-01
9.929727331060315132e-01
9.931479982512253502e-01
9.933232846910119429e-01
9.933232846910119429e-01
9.934985924305664851e-01
9.936739214750660576e-01
9.940246434996179437e-01
9.940246434996179437e-01
9.942000364900338560e-01
9.942000364900338560e-01
9.942000364900338560e-01
9.943754508061218855e-01
9.943754508061218855e-01
9.945508864530686610e-01
9.945508864530686610e-01
9.945508864530686610e-01
9.947263434360625878e-01
9.947263434360625878e-01
9.947263434360625878e-01
9.949018217602938474e-01
9.949018217602938474e-01
9.949018217602938474e-01
9.952528424532394169e-01
9.954283848323437489e-01
9.954283848323437489e-01
9.956039485734655692e-01
9.957795336818049403e-01
9.957795336818049403e-01
9.957795336818049403e-01
9.957795336818049403e-01
9.957795336818049403e-01
9.961307680209442461e-01
9.963064172621534098e-01
9.963064172621534098e-01
9.963064172621534098e-01
9.964820878913980273e-01
9.964820878913980273e-01
9.964820878913980273e-01
9.966577799138873761e-01
9.968334933348328430e-01
9.970092281594473693e-01
9.970092281594473693e-01
9.970092281594473693e-01
9.971849843929460055e-01
9.971849843929460055e-01
9.971849843929460055e-01
9.971849843929460055e-01
9.971849843929460055e-01
9.973607620405455787e-01
9.973607620405455787e-01
9.975365611074649141e-01
9.977123815989249467e-01
9.977123815989249467e-01
9.977123815989249467e-01
9.977123815989249467e-01
9.977123815989249467e-01
9.980640868763588358e-01
9.980640868763588358e-01
9.982399716727837768e-01
9.984158779146513618e-01
9.984158779146513618e-01
9.984158779146513618e-01
9.984158779146513618e-01
9.985918056071916293e-01
9.989437253652212467e-01
9.989437253652212467e-01
9.989437253652212467e-01
9.989437253652212467e-01
9.991197174411807769e-01
9.991197174411807769e-01
9.991197174411807769e-01
9.992957309887533501e-01
9.992957309887533501e-01
9.994717660131787751e-01
9.994717660131787751e-01
9.998239005135575175e-01
1.000176120984274108e+00
1.000352263471629088e+00
1.000352263471629088e+00
1.000528427467316295e+00
1.000704612976589303e+00
1.000880820004703242e+00
1.001057048556915241e+00
1.001057048556915241e+00
1.001233298638484204e+00
1.001233298638484204e+00
1.001762178111953672e+00
1.001938514363580612e+00
1.002114872170888793e+00
1.002291251539149330e+00
1.002291251539149330e+00
1.002467652473634230e+00
1.002467652473634230e+00
1.002820519062378679e+00
1.002996984727192675e+00
1.003349980824106424e+00
1.003526511266772614e+00
1.003703063312625821e+00
1.003879636966954259e+00
1.004056232235047696e+00
1.004056232235047696e+00
1.004409487633700415e+00
1.004409487633700415e+00
1.004762829550942760e+00
1.005116258029165266e+00
1.005116258029165266e+00
1.005469773110789333e+00
1.005469773110789333e+00
1.005646563141141980e+00
1.005646563141141980e+00
1.005823374838267448e+00
1.005823374838267448e+00
1.005823374838267448e+00
1.006000208207476820e+00
1.006000208207476820e+00
1.006177063254083848e+00
1.006353939983403389e+00
1.006707758511452555e+00
1.007415655994197801e+00
1.007415655994197801e+00
1.007592684651501758e+00
1.007769735034111935e+00
1.007769735034111935e+00
1.007946807147361401e+00
1.007946807147361401e+00
1.008123900996585220e+00
1.008301016587120014e+00
1.008655313013480326e+00
1.008655313013480326e+00
1.008832493859989743e+00
1.009009696469177486e+00
1.009009696469177486e+00
1.009009696469177486e+00
1.009364166996977730e+00
1.009541434926289449e+00
1.009718724639678600e+00
1.010073369440109836e+00
1.010428101441132043e+00
1.010428101441132043e+00
1.010605500155267622e+00
1.010782920685638020e+00
1.010960363037609833e+00
1.010960363037609833e+00
1.011492821076829474e+00
1.012203070957458317e+00
1.012558327063880048e+00
1.013802412793727070e+00
1.013802412793727070e+00
1.014335920981337624e+00
1.014513800895364692e+00
1.014691702744149104e+00
1.014869626533100977e+00
1.014869626533100977e+00
1.015403529595096055e+00
1.015581541198861792e+00
1.015937630313563433e+00
1.015937630313563433e+00
1.016115707835345772e+00
1.017184634810071708e+00
1.017541119872643840e+00
1.018076012682660014e+00
1.018076012682660014e+00
1.018432718096985434e+00
1.018611103882793856e+00
1.018789511728305230e+00
1.019146393620264712e+00
1.019503363816540720e+00
1.019681882042455356e+00
1.019681882042455356e+00
1.020038984777172031e+00
1.020753455531350440e+00
1.022004631387038565e+00
1.022720076500083453e+00
1.023435876584670279e+00
1.024152031993215362e+00
1.027738151266708089e+00
1.027738151266708089e+00
1.031333206804791569e+00
1.033134099612461609e+00
1.034396063490018447e+00
1.930550232572216585e+00
1.949131036709263798e+00
1.950151450549438392e+00
1.950491748944904513e+00
1.950491748944904513e+00
1.952876087885974332e+00
1.954240338617317052e+00
1.955264373943091050e+00
1.956630886042311168e+00
1.957656620206308595e+00
1.959025401182693749e+00
1.959367799437745639e+00
1.959710278974283071e+00
1.960052839830906057e+00
1.961081010707697692e+00
1.961423897231210356e+00
1.962109914857493420e+00
1.962453046037821558e+00
1.962796258848025666e+00
1.963139553326954001e+00
1.963139553326954001e+00
1.964169927164982843e+00
1.964513548707845780e+00
1.964513548707845780e+00
1.965544904672814397e+00
1.967609831133476650e+00
1.968298797259697919e+00
1.968643403744290810e+00
1.968988092562293790e+00
1.968988092562293790e+00
1.969332863753058716e+00
1.970022653410420821e+00
1.970367671955862487e+00
1.970367671955862487e+00
1.970712773031754850e+00
1.971403222932891719e+00
1.971403222932891719e+00
1.971748571837207198e+00
1.972439517751223059e+00
1.972785114840164944e+00
1.972785114840164944e+00
1.973130794736604798e+00
1.973130794736604798e+00
1.973476557480234428e+00
1.973476557480234428e+00
1.973822403110774282e+00
1.974168331667974119e+00
1.974514343191611010e+00
1.974514343191611010e+00
1.974514343191611010e+00
1.975206615297451229e+00
1.975206615297451229e+00
1.975552875959353250e+00
1.975899219747089930e+00
1.975899219747089930e+00
1.975899219747089930e+00
1.975899219747089930e+00
1.975899219747089930e+00
1.975899219747089930e+00
1.975899219747089930e+00
1.976245646700582892e+00
1.976245646700582892e+00
1.976245646700582892e+00
1.976592156859781735e+00
1.976592156859781735e+00
1.976938750264665368e+00
1.976938750264665368e+00
1.976938750264665368e+00
1.976938750264665368e+00
1.977285426955241121e+00
1.977285426955241121e+00
1.977632186971545414e+00
1.977632186971545414e+00
1.977632186971545414e+00
1.977632186971545414e+00
1.977979030353643752e+00
1.978325957141630065e+00
1.978325957141630065e+00
1.978325957141630065e+00
1.978325957141630065e+00
1.978325957141630065e+00
1.978672967375627589e+00
1.978672967375627589e+00
1.978672967375627589e+00
1.978672967375627589e+00
1.978672967375627589e+00
1.979714499155352359e+00
1.979714499155352359e+00
1.979714499155352359e+00
1.979714499155352359e+00
1.980061843575204872e+00
1.980409271642119107e+00
1.980756783396392162e+00
1.980756783396392162e+00
1.980756783396392162e+00
1.980756783396392162e+00
1.980756783396392162e+00
1.981104378878350447e+00
1.981104378878350447e+00
1.981452058128349680e+00
1.981799821186774224e+00
1.982147668094038417e+00
1.982147668094038417e+00
1.982147668094038417e+00
1.982495598890585242e+00
1.982843613616887213e+00
1.982843613616887213e+00
1.983191712313446153e+00
1.983539895020792976e+00
1.983539895020792976e+00
1.983539895020792976e+00
1.984236512630121574e+00
1.984236512630121574e+00
1.984236512630121574e+00
1.984236512630121574e+00
1.984584947613312389e+00
1.984933466769709387e+00
1.984933466769709387e+00
1.984933466769709387e+00
1.984933466769709387e+00
1.984933466769709387e+00
1.985282070139990473e+00
1.985282070139990473e+00
1.985630757764863530e+00
1.985630757764863530e+00
1.985630757764863530e+00
1.985630757764863530e+00
1.985979529685065303e+00
1.985979529685065303e+00
1.985979529685065303e+00
1.985979529685065303e+00
1.985979529685065303e+00
1.986328385941362962e+00
1.986328385941362962e+00
1.986328385941362962e+00
1.986677326574552538e+00
1.986677326574552538e+00
1.986677326574552538e+00
1.986677326574552538e+00
1.986677326574552538e+00
1.987026351625459819e+00
1.987026351625459819e+00
1.987026351625459819e+00
1.987026351625459819e+00
1.987375461134940569e+00
1.987375461134940569e+00
1.987724655143879637e+00
1.988073933693192297e+00
1.988073933693192297e+00
1.988423296823822906e+00
1.988423296823822906e+00
1.988423296823822906e+00
1.988772744576745799e+00
1.988772744576745799e+00
1.988772744576745799e+00
1.988772744576745799e+00
1.988772744576745799e+00
1.988772744576745799e+00
1.989122276992965288e+00
1.989471894113515216e+00
1.989471894113515216e+00
1.989821595979459623e+00
1.989821595979459623e+00
1.989821595979459623e+00
1.989821595979459623e+00
1.989821595979459623e+00
1.989821595979459623e+00
1.989821595979459623e+00
1.990171382631891639e+00
1.990171382631891639e+00
1.990171382631891639e+00
1.990171382631891639e+00
1.990521254111935257e+00
1.990521254111935257e+00
1.990521254111935257e+00
1.990521254111935257e+00
1.990521254111935257e+00
1.990871210460743779e+00
1.990871210460743779e+00
1.990871210460743779e+00
1.991221251719500485e+00
1.991221251719500485e+00
1.991221251719500485e+00
1.991221251719500485e+00
1.991571377929419295e+00
1.991571377929419295e+00
1.991571377929419295e+00
1.991571377929419295e+00
1.991571377929419295e+00
1.991571377929419295e+00
1.991921589131743220e+00
1.991921589131743220e+00
1.991921589131743220e+00
1.991921589131743220e+00
1.992271885367745909e+00
1.992622266678730769e+00
1.992622266678730769e+00
1.992622266678730769e+00
1.992622266678730769e+00
1.992622266678730769e+00
1.992622266678730769e+00
1.993323284691012054e+00
1.993673921475066058e+00
1.993673921475066058e+00
1.993673921475066058e+00
1.994024643499617833e+00
1.994024643499617833e+00
1.994024643499617833e+00
1.994024643499617833e+00
1.994375450806121997e+00
1.994375450806121997e+00
1.994375450806121997e+00
1.994726343436062477e+00
1.994726343436062477e+00
1.994726343436062477e+00
1.995077321430954731e+00
1.995077321430954731e+00
1.995077321430954731e+00
1.995077321430954731e+00
1.995428384832343749e+00
1.995428384832343749e+00
1.995428384832343749e+00
1.995779533681804940e+00
1.995779533681804940e+00
1.995779533681804940e+00
1.996130768020944357e+00
1.996130768020944357e+00
1.996130768020944357e+00
1.996130768020944357e+00
1.996130768020944357e+00
1.996482087891398027e+00
1.996482087891398027e+00
1.996482087891398027e+00
1.996833493334832843e+00
1.996833493334832843e+00
1.996833493334832843e+00
1.997184984392945895e+00
1.997184984392945895e+00
1.997536561107464914e+00
1.997536561107464914e+00
1.997536561107464914e+00
1.997536561107464914e+00
1.997888223520148054e+00
1.997888223520148054e+00
1.997888223520148054e+00
1.997888223520148054e+00
1.997888223520148054e+00
1.997888223520148054e+00
1.998239971672783888e+00
1.998239971672783888e+00
1.998591805607191629e+00
1.998591805607191629e+00
1.998591805607191629e+00
1.998943725365221358e+00
1.998943725365221358e+00
1.998943725365221358e+00
1.998943725365221358e+00
1.999295730988753350e+00
1.999295730988753350e+00
1.999295730988753350e+00
1.999295730988753350e+00
1.999295730988753350e+00
1.999647822519698970e+00
2.000000000000000000e+00
2.000000000000000000e+00
2.000000000000000000e+00
2.000000000000000000e+00
2.000000000000000000e+00
2.000000000000000000e+00
2.000352263471628866e+00
2.000352263471628866e+00
2.000704612976589303e+00
2.000704612976589303e+00
2.000704612976589303e+00
2.000704612976589303e+00
2.000704612976589303e+00
2.000704612976589303e+00
2.000704612976589303e+00
2.001057048556915241e+00
2.001057048556915241e+00
2.001057048556915241e+00
2.001057048556915241e+00
2.001057048556915241e+00
2.001057048556915241e+00
2.001057048556915241e+00
2.001409570254671255e+00
2.001409570254671255e+00
2.001762178111953894e+00
2.001762178111953894e+00
2.001762178111953894e+00
2.002114872170889015e+00
2.002114872170889015e+00
2.002467652473634452e+00
2.002467652473634452e+00
2.002467652473634452e+00
2.002467652473634452e+00
2.002467652473634452e+00
2.002467652473634452e+00
2.002820519062378679e+00
2.002820519062378679e+00
2.002820519062378679e+00
2.002820519062378679e+00
2.002820519062378679e+00
2.002820519062378679e+00
2.002820519062378679e+00
2.002820519062378679e+00
2.003173471979341258e+00
2.003173471979341258e+00
2.003526511266772836e+00
2.003526511266772836e+00
2.003879636966954259e+00
2.003879636966954259e+00
2.003879636966954259e+00
2.003879636966954259e+00
2.003879636966954259e+00
2.003879636966954259e+00
2.003879636966954259e+00
2.003879636966954259e+00
2.004232849122198346e+00
2.004232849122198346e+00
2.004232849122198346e+00
2.004232849122198346e+00
2.004232849122198346e+00
2.004232849122198346e+00
2.004232849122198346e+00
2.004232849122198346e+00
2.004939532967280780e+00
2.004939532967280780e+00
2.004939532967280780e+00
2.004939532967280780e+00
2.004939532967280780e+00
2.004939532967280780e+00
2.004939532967280780e+00
2.005293004741899310e+00
2.005646563141142202e+00
2.005646563141142202e+00
2.006000208207476820e+00
2.006000208207476820e+00
2.006000208207476820e+00
2.006000208207476820e+00
2.006000208207476820e+00
2.006353939983403389e+00
2.006353939983403389e+00
2.006353939983403389e+00
2.006353939983403389e+00
2.006353939983403389e+00
2.006353939983403389e+00
2.006707758511452333e+00
2.006707758511452333e+00
2.007061663834186049e+00
2.007061663834186049e+00
2.007061663834186049e+00
2.007061663834186049e+00
2.007061663834186049e+00
2.007415655994197579e+00
2.007415655994197579e+00
2.007769735034111935e+00
2.007769735034111935e+00
2.007769735034111935e+00
2.008123900996585220e+00
2.008123900996585220e+00
2.008123900996585220e+00
2.008123900996585220e+00
2.008478153924304621e+00
2.008478153924304621e+00
2.008832493859989743e+00
2.008832493859989743e+00
2.008832493859989743e+00
2.008832493859989743e+00
2.008832493859989743e+00
2.009186920846390834e+00
2.009186920846390834e+00
2.009186920846390834e+00
2.009186920846390834e+00
2.009541434926289671e+00
2.009896036142500009e+00
2.009896036142500009e+00
2.009896036142500009e+00
2.010250724537867129e+00
2.010250724537867129e+00
2.010605500155267400e+00
2.010605500155267400e+00
2.010605500155267400e+00
2.010605500155267400e+00
2.010960363037610055e+00
2.010960363037610055e+00
2.010960363037610055e+00
2.010960363037610055e+00
2.011315313227834078e+00
2.011315313227834078e+00
2.011670350768912208e+00
2.012025475703846933e+00
2.012380688075674495e+00
2.012380688075674495e+00
2.012735987927461334e+00
2.012735987927461334e+00
2.012735987927461334e+00
2.013091375302306751e+00
2.013091375302306751e+00
2.013091375302306751e+00
2.013446850243341135e+00
2.013446850243341135e+00
2.013446850243341135e+00
2.013802412793727292e+00
2.013802412793727292e+00
2.014158062996659559e+00
2.014158062996659559e+00
2.014158062996659559e+00
2.014158062996659559e+00
2.014513800895364692e+00
2.014513800895364692e+00
2.014513800895364692e+00
2.014513800895364692e+00
2.014869626533100977e+00
2.014869626533100977e+00
2.014869626533100977e+00
2.015225539953159117e+00
2.015225539953159117e+00
2.015225539953159117e+00
2.015581541198861792e+00
2.015581541198861792e+00
2.015581541198861792e+00
2.015581541198861792e+00
2.015581541198861792e+00
2.015937630313563211e+00
2.015937630313563211e+00
2.015937630313563211e+00
2.015937630313563211e+00
2.016293807340650446e+00
2.016293807340650446e+00
2.016293807340650446e+00
2.016293807340650446e+00
2.016650072323542542e+00
2.016650072323542542e+00
2.016650072323542542e+00
2.017006425305690076e+00
2.017362866330576043e+00
2.017719395441717189e+00
2.017719395441717189e+00
2.017719395441717189e+00
2.017719395441717189e+00
2.018076012682660014e+00
2.018076012682660014e+00
2.018432718096985212e+00
2.018789511728305452e+00
2.018789511728305452e+00
2.018789511728305452e+00
2.018789511728305452e+00
2.019146393620264490e+00
2.019146393620264490e+00
2.019146393620264490e+00
2.019146393620264490e+00
2.019146393620264490e+00
2.019503363816540720e+00
2.019503363816540720e+00
2.019503363816540720e+00
2.019860422360842733e+00
2.020217569296913318e+00
2.020574804668526792e+00
2.020932128519489890e+00
2.020932128519489890e+00
2.021289540893642656e+00
2.021647041834857106e+00
2.021647041834857106e+00
2.022004631387038565e+00
2.022004631387038565e+00
2.022004631387038565e+00
2.022004631387038565e+00
2.022004631387038565e+00
2.022004631387038565e+00
2.022004631387038565e+00
2.022004631387038565e+00
2.022362309594123886e+00
2.022362309594123886e+00
2.022720076500083675e+00
2.022720076500083675e+00
2.022720076500083675e+00
2.022720076500083675e+00
2.023077932148920510e+00
2.023077932148920510e+00
2.023435876584670279e+00
2.023435876584670279e+00
2.023435876584670279e+00
2.023793909851401285e+00
2.023793909851401285e+00
2.024152031993215139e+00
2.024152031993215139e+00
2.024152031993215139e+00
2.024868543078660377e+00
2.025226932110658407e+00
2.025226932110658407e+00
2.025226932110658407e+00
2.025585410194473024e+00
2.025943977374369709e+00
2.025943977374369709e+00
2.026302633694648136e+00
2.026302633694648136e+00
2.026661379199639512e+00
2.027020213933709236e+00
2.027379137941254683e+00
2.028097253954533219e+00
2.028097253954533219e+00
2.028456446049228035e+00
2.028456446049228035e+00
2.028815727595323359e+00
2.028815727595323359e+00
2.028815727595323359e+00
2.029175098637383101e+00
2.029175098637383101e+00
2.029534559220004475e+00
2.029534559220004475e+00
2.029534559220004475e+00
2.029534559220004475e+00
2.030613478657717241e+00
2.031333206804791569e+00
2.032053294187292192e+00
2.032053294187292192e+00
2.032413472703927582e+00
2.032413472703927582e+00
2.032773741164006331e+00
2.033134099612461387e+00
2.033134099612461387e+00
2.033134099612461387e+00
2.033494548094259002e+00
2.033494548094259002e+00
2.034215715337913011e+00
2.034215715337913011e+00
2.035298142579553105e+00
2.036020212184660672e+00
2.036020212184660672e+00
2.036742643366951988e+00
2.036742643366951988e+00
2.037465436488728354e+00
2.037826968890291912e+00
2.037826968890291912e+00
2.038550305601804169e+00
2.038912110002669476e+00
2.040360235635814146e+00
2.041084843908650637e+00
2.041447284568988607e+00
2.042172439166256126e+00
2.042535153194788844e+00
2.042535153194788844e+00
2.045803689613124643e+00
2.047986835110513493e+00
2.048715285033027911e+00
2.052363062048172537e+00
2.062258379922904616e+00
2.067047107805285222e+00
