1.947431949195846279e+00
1.955947468198697914e+00
1.957314627780649019e+00
1.957314627780649019e+00
1.957998693720866434e+00
1.958340848362785325e+00
1.960738205658944633e+00
1.961766865268220750e+00
1.962453046037821558e+00
1.963482929513482578e+00
1.964169927164982843e+00
1.964513548707845780e+00
1.964857252114090569e+00
1.966232885153610166e+00
1.966576998462549630e+00
1.967609831133476650e+00
1.967954273069191684e+00
1.967954273069191684e+00
1.970022653410420821e+00
1.970712773031754850e+00
1.971057956677590761e+00
1.971403222932891719e+00
1.971403222932891719e+00
1.972094003430115539e+00
1.972094003430115539e+00
1.972785114840164944e+00
1.972785114840164944e+00
1.972785114840164944e+00
1.973130794736604798e+00
1.974168331667974119e+00
1.974860437721491779e+00
1.975206615297451229e+00
1.975552875959353250e+00
1.977632186971545414e+00
1.977979030353643752e+00
1.978325957141630065e+00
1.978672967375627589e+00
1.978672967375627589e+00
1.979367238342293112e+00
1.980061843575204872e+00
1.980061843575204872e+00
1.980409271642119107e+00
1.980409271642119107e+00
1.980409271642119107e+00
1.980756783396392162e+00
1.981104378878350447e+00
1.981104378878350447e+00
1.981452058128349680e+00
1.981452058128349680e+00
1.981799821186774224e+00
1.982147668094038417e+00
1.982147668094038417e+00
1.982147668094038417e+00
1.982495598890585242e+00
1.982843613616887213e+00
1.983191712313446153e+00
1.983191712313446153e+00
1.983539895020792976e+00
1.983888161779488124e+00
1.984584947613312389e+00
1.984584947613312389e+00
1.985630757764863530e+00
1.985630757764863530e+00
1.985630757764863530e+00
1.985979529685065303e+00
1.986328385941362962e+00
1.986677326574552538e+00
1.986677326574552538e+00
1.986677326574552538e+00
1.987375461134940569e+00
1.987375461134940569e+00
1.987724655143879637e+00
1.987724655143879637e+00
1.987724655143879637e+00
1.987724655143879637e+00
1.988073933693192297e+00
1.988073933693192297e+00
1.988423296823822906e+00
1.988423296823822906e+00
1.989122276992965288e+00
1.989471894113515216e+00
1.989821595979459623e+00
1.989821595979459623e+00
1.990171382631891639e+00
1.990521254111935257e+00
1.990871210460743779e+00
1.991221251719500485e+00
1.991221251719500485e+00
1.991571377929419295e+00
1.991571377929419295e+00
1.991571377929419295e+00
1.991571377929419295e+00
1.991921589131743220e+00
1.992271885367745909e+00
1.992271885367745909e+00
1.992622266678730769e+00
1.992622266678730769e+00
1.992622266678730769e+00
1.992622266678730769e+00
1.992622266678730769e+00
1.993323284691012054e+00
1.993323284691012054e+00
1.993323284691012054e+00
1.993673921475066058e+00
1.993673921475066058e+00
1.994024643499617833e+00
1.994024643499617833e+00
1.995077321430954731e+00
1.995077321430954731e+00
1.995428384832343749e+00
1.995428384832343749e+00
1.995779533681804940e+00
1.995779533681804940e+00
1.996130768020944357e+00
1.996130768020944357e+00
1.996130768020944357e+00
1.996482087891398027e+00
1.996482087891398027e+00
1.996833493334832843e+00
1.996833493334832843e+00
1.996833493334832843e+00
1.996833493334832843e+00
1.996833493334832843e+00
1.997184984392945895e+00
1.997536561107464914e+00
1.997536561107464914e+00
1.998239971672783888e+00
1.998591805607191629e+00
1.998943725365221358e+00
1.999647822519698970e+00
1.999647822519698970e+00
1.999647822519698970e+00
2.000000000000000000e+00
2.000352263471628866e+00
2.000704612976589303e+00
2.000704612976589303e+00
2.001057048556915241e+00
2.001057048556915241e+00
2.001409570254671255e+00
2.001762178111953894e+00
2.002114872170889015e+00
2.002114872170889015e+00
2.002467652473634452e+00
2.002467652473634452e+00
2.002467652473634452e+00
2.003173471979341258e+00
2.003173471979341258e+00
2.003173471979341258e+00
2.003173471979341258e+00
2.003173471979341258e+00
2.003173471979341258e+00
2.003526511266772836e+00
2.003879636966954259e+00
2.003879636966954259e+00
2.003879636966954259e+00
2.004586147774849003e+00
2.004939532967280780e+00
2.004939532967280780e+00
2.004939532967280780e+00
2.005293004741899310e+00
2.005646563141142202e+00
2.006000208207476820e+00
2.006353939983403389e+00
2.006353939983403389e+00
2.006707758511452333e+00
2.008123900996585220e+00
2.008478153924304621e+00
2.008832493859989743e+00
2.008832493859989743e+00
2.008832493859989743e+00
2.009186920846390834e+00
2.009186920846390834e+00
2.010250724537867129e+00
2.010250724537867129e+00
2.010605500155267400e+00
2.010960363037610055e+00
2.012025475703846933e+00
2.012380688075674495e+00
2.012380688075674495e+00
2.012380688075674495e+00
2.012380688075674495e+00
2.012735987927461334e+00
2.012735987927461334e+00
2.012735987927461334e+00
2.013091375302306751e+00
2.013091375302306751e+00
2.013091375302306751e+00
2.013446850243341135e+00
2.013446850243341135e+00
2.013802412793727292e+00
2.014158062996659559e+00
2.014158062996659559e+00
2.014513800895364692e+00
2.014869626533100977e+00
2.015225539953159117e+00
2.015225539953159117e+00
2.015225539953159117e+00
2.015581541198861792e+00
2.016293807340650446e+00
2.016293807340650446e+00
2.017006425305690076e+00
2.017006425305690076e+00
2.017006425305690076e+00
2.017362866330576043e+00
2.017362866330576043e+00
2.017362866330576043e+00
2.017719395441717189e+00
2.017719395441717189e+00
2.018076012682660014e+00
2.018789511728305452e+00
2.019146393620264490e+00
2.019503363816540720e+00
2.019503363816540720e+00
2.020217569296913318e+00
2.020932128519489890e+00
2.020932128519489890e+00
2.021289540893642656e+00
2.021647041834857106e+00
2.021647041834857106e+00
2.022004631387038565e+00
2.022004631387038565e+00
2.022004631387038565e+00
2.022362309594123886e+00
2.022362309594123886e+00
2.022362309594123886e+00
2.022720076500083675e+00
2.023077932148920510e+00
2.023435876584670279e+00
2.023793909851401285e+00
2.024152031993215139e+00
2.024152031993215139e+00
2.024510243054245873e+00
2.024868543078660377e+00
2.025226932110658407e+00
2.025226932110658407e+00
2.026302633694648136e+00
2.026302633694648136e+00
2.028097253954533219e+00
2.028097253954533219e+00
2.028456446049228035e+00
2.030253749185491063e+00
2.031333206804791569e+00
2.031333206804791569e+00
2.032053294187292192e+00
2.034937243255372508e+00
2.038550305601804169e+00
2.038912110002669476e+00
2.040722494279497479e+00
2.041447284568988607e+00
