3.03223
3.0154
1.4247
1.19501
1.41621
2.9907
3.006
2.98912
3.01061
1.40445
3.006
1.42635
2.44673
1.41345
1.66943
3.0122
2.98633
2.98842
3.02093
1.40346
3.02397
2.99806
1.40527
3.01416
3.00706
2.97573
1.67491
2.98041
2.98302
2.42068
2.99262
1.41956
1.19981
4.00176
3.02505
1.41933
2.98528
1.41715
1.41792
1.41798
1.68287
3.01754
3.0007
1.41357
1.41416
1.68428
2.41962
1.40131
1.40673
2.96365
2.99631
4.01309
1.67659
2.98772
3.00459
1.41862
3.01416
1.19119
2.42612
1.42063
1.41146
1.68061
1.4218
1.67287
3.00671
1.41328
1.41545
3.02433
1.4276
1.4114
1.19758
1.18868
2.42896
2.4141
3.01061
3.00194
1.4158
1.40877
3.01576
1.4273
1.41504
1.39945
2.99543
4.01096
3.02523
2.40976
1.40614
1.19008
2.42186
1.1936
2.99736
1.41474
4.00106
2.97781
3.01736
1.41903
2.99052
4.00777
1.41334
2.41304
1.18762
1.67406
1.66643
4.00883
4.02918
1.4148
1.67455
1.3991
1.42322
1.42033
3.02308
2.40241
2.97902
1.41915
3.99683
1.19925
1.68245
2.98685
2.99525
1.42328
3.00441
2.99965
3.01327
1.41727
2.99332
1.40713
1.40503
1.41968
2.40591
1.42547
1.40352
1.40241
3.01025
1.67821
1.40329
3.00476
2.98145
1.19966
2.42316
4.00141
2.99842
2.438
1.19335
2.98302
1.42269
1.18807
3.97382
2.41539
2.40988
1.41703
1.678
3.01327
2.42694
1.41351
2.41645
3.99017
1.20138
4.00247
2.43335
3.02738
3.02361
3.02379
1.40778
1.41474
1.4124
1.4276
1.41851
3.00919
1.40067
1.41287
4.01309
2.9733
2.41703
1.67835
3.99122
1.41234
1.4178
3.01149
2.99965
1.40918
1.68549
3.99402
3.01274
2.9879
1.42659
1.40731
3.01932
1.41798
1.42269
3.03205
1.67547
4.0353
4.01558
1.41199
1.19345
3.96727
1.4231
1.41298
1.18928
1.43133
4.02308
1.41986
2.9921
2.98703
1.40982
1.19658
3.00035
1.40643
1.42127
1.17643
1.4131
1.40941
3.02505
3.02594
4.04399
2.99631
3.0007
1.42322
1.43193
1.42588
1.20072
1.41486
1.42163
2.41951
1.40428
3.00848
1.41609
3.98493
1.69665
2.99315
1.66803
2.99894
1.40918
1.42015
2.98772
2.99842
1.40509
1.42322
1.42039
2.96537
2.40836
1.42139
1.68776
1.41504
3.01114
2.42683
1.42098
1.41492
4.00954
1.41803
3.01043
1.66475
2.99912
2.42186
1.42529
2.98825
1.41545
2.42635
1.41211
3.003
2.9993
2.99683
1.41827
1.20163
1.19774
1.4076
3.00759
1.18052
3.01505
1.69344
3.00035
2.98912
1.41568
1.40597
1.6862
1.41886
3.00706
1.41533
3.99578
3.00159
2.99912
2.99402
1.41568
1.42689
2.41035
3.00618
1.41686
1.41427
1.42718
3.01238
1.194
1.20198
2.96451
1.40241
2.98354
1.40865
3.00919
1.41023
3.00123
2.99824
3.02523
2.99087
2.98965
2.98615
1.19728
2.99175
1.42718
4.03458
1.41035
1.42541
3.01238
4.04508
1.68783
3.99052
1.41645
1.18227
2.9818
1.41698
3.01043
2.40813
1.19411
2.9872
3.01114
3.01203
1.39626
1.69337
2.99578
1.42446
1.4009
1.42068
1.40754
1.42293
3.02702
1.42647
2.99613
3.95526
3.00282
4.01736
3.00883
1.42352
3.00441
1.67878
1.42783
3.0154
2.96658
1.40696
1.41205
1.42092
1.41474
3.01007
1.41381
3.00194
3.00954
2.40708
1.67687
2.99578
3.00635
3.00159
1.42074
2.99578
1.41146
1.18993
3.02165
2.41386
3.01986
3.9825
2.99543
1.41263
1.41011
2.98703
1.40067
3.00565
3.02487
1.41093
3.01398
1.4151
2.98424
2.99842
2.99894
2.9886
1.42133
3.01986
2.9942
1.42458
1.42677
3.0179
3.01362
1.40941
1.42216
3.00671
2.99367
1.19708
1.41011
2.98877
1.43961
3.00547
2.99631
1.40959
2.98738
2.40895
2.9628
2.98319
1.40626
3.01167
2.9914
3.01594
1.68005
4.00176
1.66266
2.98947
3.01825
2.99157
3.00706
3.97521
4.03566
1.42825
1.41551
4.04254
1.42275
1.41986
1.41786
2.98807
1.41322
3.00406
1.41076
3.96795
3.01256
1.41064
1.19678
2.98965
1.19976
1.42092
3.01451
3.003
1.19572
1.19395
2.97954
1.20052
1.41269
3.00176
3.03169
2.9993
4.01132
1.43193
1.17897
1.68181
2.98197
1.40976
4.0007
1.42511
1.41739
1.41692
1.4178
3.02451
1.20163
2.40638
1.41381
1.18652
1.41762
2.99245
1.40842
1.20437
3.00459
3.98633
1.67273
4.04217
1.42068
1.18532
2.98284
1.41733
1.42618
1.41445
1.41533
2.42293
1.42074
1.42511
1.65897
3.02075
2.99052
2.99262
1.41645
1.40044
3.006
1.42145
2.97798
1.18923
2.40544
3.00706
1.42222
1.68301
3.97348
1.42275
1.41006
1.41739
3.94066
2.42742
1.40527
3.00335
2.97382
2.40265
3.02666
1.41551
3.00282
1.40865
2.99508
1.4083
2.98389
2.9914
2.41328
1.41609
1.4148
2.9811
1.67533
1.40038
2.41422
1.42051
2.41246
2.99315
2.40439
2.99227
1.18837
3.00123
3.99122
1.41052
2.40183
1.41886
1.40253
3.99718
2.41774
3.01915
1.40941
1.6754
1.41751
1.40294
1.39238
1.40393
2.41445
1.42098
2.97885
2.98895
3.01879
1.42045
3.00494
1.41633
3.00954
1.19738
3.01309
3.97902
3.00936
3.00317
1.41117
2.39302
2.99666
4.00671
1.41328
2.9921
3.00441
1.41082
1.41123
1.42328
1.41809
1.41604
1.41469
1.19526
1.67462
1.41615
3.9818
1.68061
1.39748
2.99087
1.42157
1.67329
1.19204
3.00494
2.98982
3.003
1.40819
1.42452
1.42133
1.18667
2.98738
2.98615
2.97486
4.022
1.40982
3.00742
1.41293
1.42482
2.98424
2.42021
1.42045
1.41809
1.40585
1.40265
1.42694
1.67041
1.40994
4.02415
1.40754
1.66894
3.00229
1.67301
1.41703
3.00388
1.68089
4.02415
1.18027
4.02344
1.41557
3.98076
3.98284
1.41474
1.42801
1.42027
1.67364
1.40719
2.98528
3.01238
1.40871
1.41903
1.19078
2.43299
3.01007
1.41703
3.04163
1.6823
1.68308
1.41064
1.18507
1.41586
3.00123
1.66538
1.41404
3.03692
1.4023
1.41211
3.01558
1.40067
1.41903
3.95937
1.41129
3.01078
2.99175
2.41316
1.409
1.3998
1.41058
1.41474
1.18697
1.41351
3.98493
3.01861
1.40544
3.98598
3.00582
1.41093
2.99578
1.41433
1.41035
1.41041
1.68513
2.99157
3.02523
1.40906
1.65938
1.41099
2.99965
1.40731
2.99947
2.9921
3.04163
3.02846
3.00688
2.99736
1.41521
1.41839
2.39661
1.42931
1.17967
1.67645
2.40684
1.42594
2.4292
3.00459
3.00866
1.40713
1.41082
2.99385
2.98371
3.95937
3.00759
3.00053
3.01203
1.42369
1.4221
2.98058
1.18237
1.18928
2.98337
1.41469
1.42298
2.99631
2.43288
1.68132
1.41064
3.00777
1.40988
1.17648
2.99543
2.99578
1.41504
3.00795
1.1936
2.99438
1.41533
1.41962
1.19325
1.40614
2.96572
2.39893
1.40608
3.03151
2.99736
1.43258
3.0122
2.97244
1.67751
2.97711
3.00671
2.97711
3.00512
2.99965
2.98197
3.97763
1.41193
1.4069
2.99613
1.19073
1.39579
1.42027
3.03422
1.40895
1.41809
1.41263
1.42576
1.41915
1.18022
1.68096
1.42452
2.99824
2.9921
3.02559
1.39962
2.99508
2.98354
1.42009
1.41146
2.98738
1.41082
3.00653
3.99648
2.99877
1.19647
2.99666
1.42683
3.01897
1.42659
3.00194
1.68322
1.427
1.40976
3.01327
1.41915
3.00671
1.19612
1.18727
2.99262
2.99648
2.98145
1.18893
3.96623
1.66482
1.42884
1.41986
3.01132
3.97555
3.01861
2.42718
2.39661
1.68089
2.9956
3.01149
2.98197
4.00211
4.03277
2.98877
2.974
3.01718
4.02379
2.99701
1.41181
2.97227
3.00671
1.19718
1.40965
1.41029
2.40626
2.974
1.43003
1.42991
1.42771
1.4151
1.40684
1.40515
1.40924
1.68747
2.99192
1.1938
1.18597
1.41345
1.41856
1.40113
3.01185
1.19421
2.97971
1.4211
3.96899
1.41023
1.41762
2.9818
1.41921
4.00035
1.68634
1.67462
1.42045
2.9825
1.41216
1.41792
2.98982
1.42505
1.68075
2.98406
3.00123
2.42021
3.01078
3.01362
2.98807
1.41439
1.67878
2.98163
2.41903
1.41609
3.01362
1.41111
1.41598
1.66629
3.00423
2.99596
1.41945
1.42269
3.02254
2.39533
1.17638
1.42629
4.01416
1.41416
1.42399
2.99262
1.40877
1.42145
1.67491
1.68669
2.98807
1.68393
1.40562
3.02774
3.02505
1.42653
1.41093
2.99666
1.68245
3.00106
1.42771
1.41486
2.4247
3.00972
2.9928
1.40533
1.2031
1.66112
3.97106
1.40247
3.00229
2.98895
2.9759
1.41527
1.4218
3.02004
1.41451
3.0179
2.98703
3.0122
2.99245
2.40521
1.42334
3.95492
2.99578
3.00211
1.427
1.66015
3.02075
3.00159
2.99789
1.40795
3.029
1.40503
1.40865
1.19159
1.39736
1.41275
3.01701
2.98598
1.42157
1.42033
3.01167
1.42151
1.41211
1.40813
3.01007
1.41234
1.41568
1.19647
1.67596
1.40889
1.4218
3.00264
2.98128
3.00053
1.40842
1.41146
1.41909
3.02075
1.20006
2.41058
3.006
2.97244
1.40218
1.41369
3.003
2.98267
2.40393
1.41786
1.42092
1.41334
1.42411
2.41574
1.41
3.00547
3.006
1.41798
1.68294
1.41152
2.98546
2.42068
1.20158
1.41287
1.41222
3.98215
2.99227
1.42045
1.41615
3.01416
2.9872
3.01647
1.4247
1.40317
1.39088
3.99473
2.98406
3.01701
2.99912
1.41181
2.42021
2.42706
2.40965
2.99842
1.20036
3.01025
4.01203
3.01434
2.98563
2.99701
1.67589
2.42612
3.00901
1.42653
1.41029
1.4062
2.99367
2.44913
2.99718
1.69259
1.41047
1.42074
2.9935
2.98877
2.97729
2.43585
1.18762
1.40859
4.01915
1.41
1.41076
1.41099
1.40754
2.98528
3.00883
2.41845
1.17808
4.02057
3.01025
2.99385
1.40801
2.98093
1.42777
3.01986
1.18712
1.40189
2.41786
1.19254
1.41974
1.4107
2.98424
3.00742
1.19094
1.40743
1.20361
3.99087
2.38967
1.20041
2.97365
1.4141
1.41457
1.42718
4.00848
1.42884
3.01434
2.98947
1.67385
1.19129
3.0037
1.4083
3.01025
1.41698
1.41851
1.41915
1.69729
1.41827
1.67786
3.01825
1.41281
1.20624
1.41562
1.40935
1.41187
2.98912
4.0007
1.41416
1.41082
1.41199
4.00848
4.03891
3.98912
2.99525
1.41064
3.00106
1.41886
1.41692
1.42328
1.42057
1.42104
2.96744
3.00035
1.42689
1.41345
3.00565
1.41404
1.39736
1.19068
1.4141
1.42033
3.00211
1.42151
1.40953
1.67512
3.00582
3.00282
1.39916
1.67624
4
3.01007
3.00335
1.39991
2.99438
1.40982
1.40398
1.41633
1.40895
2.98302
1.6644
1.41316
2.99877
3.00866
1.67737
2.40218
2.97054
3.00494
2.9942
1.41515
1.42831
1.41545
3.01879
2.99087
1.41099
2.41609
1.41492
3.99648
1.41956
1.40626
3.01897
2.39198
3.01932
3.01327
1.42004
1.41656
3.01825
1.18447
4.01879
3.02326
3.00476
2.97971
2.99
1.41821
2.98615
3.02022
3.01843
2.97781
3.01701
2.39163
1.20168
3.0122
4.00954
1.40982
1.4016
1.42234
1.66733
2.40824
2.9993
3.01451
1.6644
3.03061
1.40702
1.40731
2.98633
3.01558
1.42405
2.99718
1.42009
2.40311
3.00512
2.97677
3.02004
3.01434
1.41927
1.41527
3.98354
2.99122
4.00106
3.0263
4.02093
2.99175
2.99596
1.41956
1.42145
2.99771
1.42027
3.99052
1.42825
2.98581
1.19285
3.0154
3.02361
3.00106
3.01061
1.40171
1.4198
3.00106
1.42961
1.41662
2.98738
2.42552
3.01843
2.98441
1.4188
1.41199
2.99824
3.95834
1.41715
3.00547
1.4141
1.40713
1.4114
2.99367
1.66964
1.68903
2.41257
1.2063
3.01167
1.41621
2.99965
1.18757
2.99806
1.41745
3.022
1.41809
2.9886
1.42357
2.42234
3.00159
1.43537
3.98738
3.98633
2.99736
3.00264
1.41146
1.41023
1.42251
1.41339
1.40603
2.40369
2.43264
2.99192
1.41322
2.99912
2.99789
1.41275
2.99122
1.68209
1.40813
2.99824
1.42293
3.00618
3.00972
1.41275
1.18822
1.20148
1.41633
3.00742
1.42033
1.67364
1.40626
1.42121
1.40142
1.42251
1.18102
3.00106
1.69059
1.18888
1.4148
1.40562
2.9949
2.99367
2.99965
3.00848
1.19673
2.98528
1.41082
2.40813
2.99297
3.01274
2.9935
3.00795
2.98825
1.19915
1.20036
2.98041
2.98511
3.0122
3.01398
2.97417
3.99017
1.40924
1.41551
1.42257
1.4076
2.98058
1.41498
1.40544
1.42057
1.41093
3.0007
1.19411
3.01647
1.42837
1.4124
3.01505
1.19854
1.66936
3.01096
3.00141
1.41129
1.41604
2.41856
1.42293
2.97971
1.42511
2.99385
1.41322
3.98076
2.9825
1.41287
2.97313
2.97573
1.41927
1.43234
3.01149
2.99402
3.01362
1.40556
1.40655
3
1.42251
1.42245
1.18827
1.41939
3.01167
1.40743
1.41228
2.99
3.01772
3.01061
1.68252
1.42647
1.40527
1.42198
1.66803
2.4188
3.02415
3.00317
1.42222
3.00919
2.99122
1.41586
1.41815
3.00194
2.98668
2.9811
1.41821
3.01345
1.67998
1.41592
1.41357
3.03548
1.43341
1.41939
1.42033
2.95595
1.43228
3.01309
1.19905
1.20274
1.42641
1.40906
1.42009
1.40498
3.01629
3.00512
2.99613
3.00476
3.01451
1.41117
1.42298
4.01701
1.68019
1.18542
1.43377
3.01487
1.42004
2.99227
3.00671
2.9921
2.39175
1.42677
2.98546
1.4218
4.0099
1.41727
1.41187
1.68896
3.01345
1.40766
1.67955
1.41328
3.00282
1.19557
1.40883
1.40924
1.41592
1.42346
3.00247
2.43728
1.42228
3.01879
4.01061
1.41093
1.41915
3.01327
3.01469
1.42357
1.18692
3.00317
1.41
2.98337
1.41023
1.68195
1.42145
1.19622
1.4208
1.42098
3.01665
1.41193
2.42766
1.41117
1.41181
1.19587
1.40737
1.42157
1.68492
2.41739
3.01505
1.41088
2.99385
1.41545
1.42487
1.43228
3.00812
1.42086
1.41815
1.41146
1.41041
1.41416
1.40468
2.9759
1.41463
3.02361
3.01718
3.02272
1.18948
1.41892
1.41029
1.43038
1.67294
3.02505
3.99297
3.01718
1.68266
1.42021
1.67343
1.42511
1.18427
2.98476
3.01416
2.41692
2.98267
2.98128
2.40171
4.00459
1.40935
2.99508
3.01487
1.42145
1.41334
1.19829
1.41557
1.41252
1.40684
1.67048
1.1939
1.40661
1.68839
4.00106
1.42458
3.01078
4.00742
1.67512
2.41962
1.42163
1.41463
1.68103
1.40352
2.99297
2.9811
1.42843
2.99736
3.00936
1.41234
1.41281
4.01167
1.67751
1.41909
2.40754
2.42151
1.39997
1.42541
2.97469
1.42854
1.41662
2.98965
2.42316
1.66999
1.42116
2.98895
3.00459
3.99613
3.0195
1.4247
3.98493
2.99701
2.43098
1.40918
1.41703
3.01114
2.9949
1.67983
2.98581
1.40783
1.41945
1.42234
1.6754
3.96486
3.01078
2.41339
1.41439
1.19905
2.99824
2.99912
1.19446
2.98807
1.40766
1.18477
2.99473
3.98947
4.01594
2.98703
3.00406
3.00494
1.40965
1.43086
3.003
1.68577
3.01007
1.68535
1.40895
3.01808
3.01416
3.0007
4.02236
3.00353
1.41645
4.00671
3.97937
1.41962
1.19491
1.18457
2.99087
1.41539
1.6823
1.41656
1.4276
1.42352
3.0007
1.67568
1.41962
1.41698
1.40638
2.42033
1.41398
1.40474
3.00159
3.00088
1.41768
1.41099
1.67133
1.41129
2.9928
1.41815
2.98041
1.4016
1.40883
1.40684
1.41457
2.98546
1.41035
1.41662
3.01203
1.66342
1.42405
1.41651
3.02846
1.41833
4.03891
3.01825
1.41058
2.97071
1.19028
3.00547
1.41692
1.41099
1.41945
1.42618
1.4188
2.99157
2.98807
1.20477
1.41228
3.00211
1.4231
1.39985
1.41228
1.42346
1.43193
3.02236
2.99087
1.67547
1.67238
1.40398
1.40591
1.41692
2.98563
1.68627
2.99683
1.40538
1.68676
1.40819
4.02989
1.40439
3.02218
1.41615
1.41586
1.41017
3.00529
4.03458
3.0353
2.42234
1.41768
3.01825
1.42754
1.42039
1.67871
1.40661
1.41551
3.00053
3.01149
1.41504
1.18367
1.40294
1.18417
1.40912
2.41035
1.67842
2.40032
1.41945
1.68761
2.9893
1.41992
3.01523
2.99894
1.41833
2.9949
3.0083
4.04108
2.98024
2.98965
3.00123
3.01825
2.42896
2.99087
3.01932
1.40813
2.97279
1.42943
2.98581
1.4131
1.42464
1.40439
2.99367
1.4208
2.99718
1.67857
2.40626
1.41298
3.0229
3.00317
1.40988
2.98163
1.40941
3.98006
1.41463
2.98267
1.68117
1.41129
2.99947
1.40696
1.18357
1.697
3.02272
3.00159
3.97106
2.41093
4.00883
1.41733
3.00618
1.67716
1.41175
2.99525
1.42216
3.01523
3.01114
1.41939
3.01932
1.42133
1.42151
1.41933
3.00565
2.98703
1.42216
1.41187
1.41562
2.98633
1.39637
3.02057
3.99789
1.40311
1.19124
3.0272
3.0099
1.41427
1.41715
3.00529
1.42033
1.66384
1.42068
1.19713
1.4231
4.01843
2.41551
1.41927
1.41304
3.00706
3.00565
2.4107
1.40189
2.99824
2.98615
1.42594
1.41903
1.42606
4.00211
3.00053
1.42287
2.9886
3.00106
1.42712
1.42387
1.20848
3.00866
2.99578
1.69116
3.00106
2.99631
3.01434
2.41927
1.42748
2.974
4.01274
1.41839
2.96486
1.18397
2.97106
1.41821
1.19511
1.41369
3.0037
1.17987
1.41386
2.98738
2.98302
3.00159
1.19733
1.42541
2.99859
1.41686
3.00494
1.19083
3.00724
3.006
3.00018
2.42683
1.41909
2.99683
1.40067
1.41351
1.40941
1.42245
1.41123
1.42706
1.19219
1.43133
3.01309
2.99859
1.41557
1.41187
2.98772
1.19658
1.18532
2.9942
2.99543
2.98128
2.98877
1.69251
2.99683
1.42009
1.18582
1.42116
1.69316
4.00742
1.66468
2.42163
2.39719
2.99877
3.0154
1.40743
1.67371
3.00529
1.19521
1.41645
1.4069
2.99122
3.00264
1.6923
1.41416
1.19184
1.41492
1.40918
1.42068
1.66447
1.4211
3.006
4.04254
2.98006
1.19587
1.41099
3.03855
3.0037
3.97348
2.43252
1.42535
3.0099
1.41047
1.41088
2.9921
1.41598
3.00547
3.0154
1.68471
1.42831
2.9993
3.0037
2.98947
3.00053
1.40573
1.41216
1.42015
1.41486
1.41351
3.01629
1.41827
1.41586
3.00035
3.00848
3.00671
1.20052
1.67913
1.40947
2.99245
3.00353
1.4276
2.40218
1.42535
2.98528
2.99859
2.99965
1.19814
2.98197
3.00795
1.41803
1.41351
4.01309
1.40398
4.02882
1.41592
2.9993
3.01451
3.02738
2.4188
2.9956
1.42552
1.41686
2.98302
2.99175
1.41715
1.41316
1.40334
3.00459
3.02272
1.41011
2.96365
1.41645
2.96933
1.40906
2.42434
2.42754
1.40375
1.18963
1.4093
3.02541
1.40684
2.97261
2.99385
2.98947
3.00335
2.99736
2.98163
2.99806
2.40836
1.68068
1.41064
1.41111
1.68026
1.40982
2.9914
1.41786
2.9935
1.41123
1.4221
2.9907
1.42997
1.19295
1.41727
2.99087
1.42228
2.9865
1.19405
1.41974
3.01629
1.41598
1.42169
1.20244
1.41974
1.409
1.4076
1.41921
1.41892
3.98842
3.02183
2.99438
1.19038
3.00353
3.00317
3.00247
2.42057
2.9956
3.02576
3.9811
2.98337
1.18622
1.66384
2.98633
1.68386
1.42086
3.006
1.39904
3.01647
1.40871
3.0263
1.40579
2.98232
1.42748
1.18993
1.41745
2.99842
1.4221
1.19385
2.99877
2.98093
2.97555
1.41633
2.99297
2.98024
1.41029
1.4247
2.96882
2.99122
1.427
1.42487
3.01256
3.00211
3.00106
1.41656
1.40959
2.99578
3.02702
3.00141
1.41257
1.42328
2.98511
3.00671
3.003
2.42908
1.40713
2.98965
1.41199
2.98024
3.00088
1.40369
3.00053
3.01398
3.01238
1.41339
1.41328
1.41099
1.42222
1.41
1.68818
3.99754
1.4069
2.98319
3.01096
