14.1545
14.7712
13.9447
14.3276
14.9125
14.0693
14.7905
13.2585
14.4454
12.4686
14.2996
16.6077
14.9776
11.8579
14.2585
12.4764
13.3706
13.2056
15.2186
14.8503
14.6424
14.5081
14.9125
15.1174
12.6513
13.3347
12.4686
13.4686
14.1926
16.3561
15.1671
13.3927
12.6557
13.5654
14.415
14.8301
14.3135
16.1926
12.4339
15.6781
14.0458
14.2858
15.0931
15.0931
13.6691
13.2252
14.9776
13.3347
14.4001
14.0693
15.3276
14.8915
14.3135
15.415
13.3276
12.6077
13.4001
13.415
16.4764
16.3561
14.5906
13.3135
14.0342
13.4378
12.8401
13.5324
15.0693
14.7521
15.9125
14.2996
15
16.3561
16.1926
11.7356
14.9776
14.0113
13.6962
14.3276
12.3598
13.4608
14.5906
13.3706
13.8102
15.2186
13.4001
12.4038
14.1926
14.4764
13.3065
14.6424
15.9556
13.2384
13.4531
12.3634
12.4416
14.9776
15.0458
14.6962
13.9232
13.6871
12.4113
14.4301
13.9232
15.0227
12.4188
13.3489
14.5081
14.1671
14.5406
12.7712
15.142
14.5906
14.7712
14.2056
15.415
14.5737
14.5906
15.1671
13.5991
14.0575
14.9776
14.142
12.4113
13.4531
13.3927
13.9339
12.7521
11.8176
13.4378
15.2186
15
14.2721
14.1545
13.2252
11.7857
15.0227
13.4454
12.7379
15.2721
14.8102
12.4416
14.3561
13.2789
13.1735
13.5406
14.9556
13.3927
13.4454
12.4378
12.5041
14.5243
14.9339
14.9125
12.8503
14.8707
14.4764
12.3276
13.5162
12.8151
14.5081
14.3853
15.6424
13.2926
16.3561
14.3561
11.7054
14.1545
16.6077
14.3418
13.8604
13.2653
11.8176
13.8201
13.4843
12.4493
14.6601
14.8503
12.4882
14.0693
16.2451
14.6962
12.4843
14.1052
14.9776
13.7905
13.3065
15.4454
15.1671
14.2996
13.4001
12.6381
16.3561
15.2186
14.7521
11.6871
14.7332
13.6163
13.2585
15.6781
13.3065
13.625
16.1926
13.6601
16.415
12.8201
13.6962
12.4416
16.4764
13.5081
14.7332
15.3276
16.0931
13.5906
14.0693
15.0227
13.6601
16.2451
14.5243
13.3634
13.3347
13.5243
14.7905
14.9339
11.7309
13.3135
16.142
14.5081
13.5162
12.7954
13.6424
13.3135
16.8301
12.7008
14.2451
15.1174
16
13.3634
16.0931
13.5243
16.415
14.4922
14.6781
12.4264
14.1296
15.6077
12.8301
13.8604
14.9125
14.6962
15.2451
14.4301
16.0931
14.4301
16.2451
12.7192
14.9556
14.0575
13.4764
13.4608
13.2252
13.5162
14.9339
13.6424
12.7857
16.3561
15.3276
13.4226
16.415
13.3418
13.4843
13.8503
13.4843
15.0227
14.8301
14.8102
14.0342
13.4454
14.3706
16.6781
13.5654
13.5821
14.5906
14.0811
12.4647
14.3853
14.8503
13.2585
16.3561
14.4001
13.3205
12.3418
16.5406
15.1174
13.4301
16.1926
12.6513
14.5906
16.6781
13.4226
14.7332
15.2186
13.0227
13.5002
15.0931
13.625
12.5081
15.5081
12.2996
12.5991
14.9125
14.7146
13.3853
14.2451
14.2056
16.6781
13.9776
12.389
13.4686
12.7521
16.6781
12.8102
14.5571
13.6871
11.8427
12.7008
13.5324
13.3205
14.7521
14.1174
11.764
13.3853
12.3347
13.9776
14.7712
13.2926
13.4226
15.0693
15.0931
16.4764
15.3853
13.2318
13.7054
14.6424
16.6077
13.3276
13.5081
15
12.4725
15.5737
13.5991
14.7146
13.8811
13.9666
14.1174
13.2858
16.2451
13.5002
13.4075
15
14.9556
16.2996
13.2926
16.1926
13.3347
12.4339
13.3561
14.8707
14.2451
11.6713
15.1174
13.4454
14.6601
15.415
14.8503
14.9776
12.4378
14.5571
13.3276
14.5081
15.9125
15
13.3489
13.4531
13.1926
13.3927
13.5906
15.9125
15.142
14.625
14
13.4843
14.2056
13.3706
13.6424
13.5002
11.7568
13.5654
14.3135
15.1174
13.2384
14.5243
12.4038
15.2996
13.4301
14.9776
12.3382
13.8503
15.2996
14.0113
15.2996
12.8707
13.3706
14.3853
14.8102
14.4454
13.7239
12.4922
16.1926
15.0227
15.9125
14.625
15.1174
14.0575
14.9125
13.4843
13.5571
14.2721
13.9125
14.7905
14.625
13.5821
14.3706
15.3276
12.5041
12.4764
13.4226
13.3276
14.1174
14.8915
13.4686
13.2926
12.5821
13.4226
13.6163
15.0931
14.6601
16.0458
13.2996
11.9502
12.4764
14.1174
12.7521
15.4764
16.3561
14.6077
12.6962
14.5081
13.8811
13.9339
16.0458
13.9888
14.5243
14.5737
13.5406
12.4378
16.3561
12.3964
14.5737
11.6803
14.0342
15.4454
16.2996
12.6826
14.9125
14.6781
12.8604
15.4454
16.415
12.776
13.3634
14.8102
14.5406
12.4226
15.1671
14.9776
15.1174
13.4226
15.2996
14.5081
13.017
15.1174
16.0458
14.6601
12.6736
16.415
15.3276
14.2858
12.8401
15.9125
15.0227
13.2252
14.3418
14.6601
14.7905
14.4454
15.0458
15
13.3706
16.5406
14.6077
12.5906
12.8553
13.8811
14
15.1671
15.2451
14.6962
15.8707
14.0113
13.8301
15.2186
13.1671
14.2318
14.2996
15.1174
13.5906
15.8707
13.6424
14.6962
11.7356
13.3634
14.7146
13.2451
15.3561
14.625
13.3561
11.6034
14.1296
14.3561
14.4608
13.4843
14.9125
13.9888
16.7521
14.9125
14.2858
13.5162
13.5162
14.8301
14.5906
13.5324
13.4764
16.4764
14.7712
13.5821
13.3418
14.625
13.9888
12.6826
15.142
14.5406
13.6691
14.7521
13.5737
12.5081
16.1926
13.4001
14.8503
13.4922
12.3816
16.2996
12.8967
15.142
12.902
13.1671
13.2318
13.2996
13.3853
14.1545
13.3927
12.7664
13.4531
13.8707
14.4922
14.0342
12.317
15.3561
13.3634
15.8707
13.5488
12.3779
14.7146
13.8811
15.2186
16.0458
14.3853
11.8993
14.6424
14.6781
14.7712
15.1174
14.1296
12.8811
13.7521
15.0458
14.1798
15.2721
13.415
13.5571
14.4608
14.1545
13.8503
14.9125
12.8052
13.4075
13.5488
13.4608
14.6424
15.6781
14.5571
14.4301
15.1926
14.6962
13.3135
16.9125
14.5243
13.6424
16.8301
17
13.5324
15.3276
14.3706
13.3065
12.4764
14.4764
14.4764
13.5243
14.8102
15.142
15.7905
13.3706
15.2996
15.1671
15.1174
14.9776
12.4264
14.5081
14.2056
16
14.2451
13.5991
14.7332
14.9125
13.3634
14.625
14.8707
13.5488
14.142
14.8301
14.5243
13.9556
15.3853
15.0931
12.4804
13.4922
12.5529
13.4922
13.415
12.7712
12.4647
15.3276
13.8201
15
15.2186
14.9776
15.0931
15.2451
13.4454
13.8707
15.0931
12.3743
15.2721
13.6163
13.4531
14.8301
14.4454
14.3853
13.8102
12.5406
14.9125
14.0458
13.5081
13.2996
15.9125
15.0458
15.0693
13.7426
14.3276
13.2384
13.5737
15.1174
12.8915
14.3561
15.0693
14.625
13.902
14.415
14.2721
14.3135
13.6337
16.0931
15.142
14.9556
13.4764
13.8003
13.4843
14.3276
13.2318
14.4001
14.1052
13.3347
11.7833
15.5081
12.4075
15.0693
15.3276
12.6871
13.5002
13.4531
15.2996
16.6781
13.3561
16.6077
13.7808
13.1113
13.5488
16.2451
13.7426
12.7285
12.8915
13.4075
14.6781
16.0458
11.7285
13.5162
15.0931
12.7192
14.5081
14.0227
14.0342
12.6646
14.2996
12.8707
13.3634
12.4226
13.5324
12.4608
15.0693
14.2858
12.367
13.3276
12.2418
15.1671
14.3135
15.1671
14.5243
14.7905
15.9125
14.9339
13.3561
13.5821
13.3927
13.625
13.3927
14.8503
14.6962
12.6781
12.5365
12.3311
11.8276
13.5406
16.2451
14.2858
14.9339
14.8102
15.1174
13.1608
14.625
11.8656
14.4301
13.4226
11.6691
15.0458
16.142
15.0458
14.9339
15.9556
16.1926
16.0931
14.9776
13.4764
15.0227
13.4843
14.5081
12.7146
13.4608
12.7426
14.1545
12.2858
15.2186
12.8052
13.4922
14.9125
13.4922
12.6557
15.142
12.3525
13.4922
11.7784
14.2056
13.3706
14.4922
14.4922
14.7146
11.776
15.1671
15.9556
13.6781
16.1926
13.9125
12.9285
16.5406
14.1296
14.1296
14.7146
12.8201
14.4301
14.4608
14.2318
15.0458
12.6034
11.8276
14.5906
13.3065
14.625
14.3418
12.7616
12.5906
12.8811
12.2585
14.5906
13.4531
14.3853
12.8401
14.3418
12.3779
12.8201
15.5081
11.745
13.3634
14.7521
12.776
16.6077
12.3779
16.1926
12.8759
15.0693
11.6736
14.4454
13.5571
13.9447
13.2451
13.1926
12.7954
13.6513
13.4075
15.0693
15.1174
12.7808
13.4454
13.5162
13.3418
13.415
14.5243
12.4339
12.4001
15.3276
11.7833
16.3561
14.5243
14.5243
16.0931
15.3561
13.5737
15.1174
13.415
16.0931
13.2721
14.5906
16.2996
13.902
13.2451
15.5081
12.4113
14.8301
15.3561
13.7712
14.6424
15.1671
15.142
12.4226
12.8301
13.5081
14.3853
14.9776
14.8503
12.4843
12.5002
14.625
13.3634
13.4001
13.5821
12.5041
15.3561
13.5324
14.9776
16
14.9556
13.2252
14.7521
13.6962
13.2858
16.7521
13.4608
14.5571
14.8503
14.6601
13.5081
12.415
14.0227
11.8376
11.7146
13.4454
16.0931
15.0227
16.8301
15.2451
14.9339
13.3706
15.0931
14.8301
12.3634
15.4764
14.5081
14.1174
13.3561
15.0227
14.5243
14.8707
15.2186
11.6491
15.3276
15.8707
14.7521
15.2721
16.2996
14.1545
13.4686
13.5571
16.142
12.4264
14.4764
13.4608
14.2585
11.8276
14.0931
14.7712
14.8503
15.0227
13.5162
14.9776
13.4226
14.8915
14.3561
12.776
13.6513
11.6826
15.7905
13.3853
14.8915
16
13.6163
14.2318
12.3489
15.2996
16.142
15
12.4416
15.9556
14.6424
12.4725
14.8915
15.2451
15.1926
14.5081
12.303
16.2996
13.4686
16.8301
13.6513
13.6962
13.9776
13.3927
13.4226
13.9556
12.9072
14.6781
13.9556
15.2186
11.8604
13.4378
16.142
14.5081
13.2926
14.2318
11.793
14.2451
15.0458
14.4301
13.3065
13.2996
14.0113
14.9776
13.9888
14.3418
14.9556
12.7285
13.5821
14.1052
13.9125
13.9232
15.0931
14.8301
14.7712
14.9125
14.2721
13.4764
16.0458
14.4454
13.3561
12.4001
16.6077
14.7905
12.8052
15.3276
13.4608
13.4608
14.1052
13.5406
13.9339
13.3706
15.9125
12.902
16.0458
13.1113
14.8102
16.7521
14.6781
16.2451
15.1174
14.4454
14.1052
12.7379
15.2996
13.4075
12.389
14.1926
12.4764
11.8681
13.8401
16.6077
13.2721
12.8351
14.0811
12.7521
15.3853
11.863
14.3418
13.4843
12.2892
13.8201
13.6601
12.2318
14.9556
14.9125
14.2186
12.7054
13.4378
12.3454
11.7664
13.5991
12.4725
13.0113
15.4454
12.7285
14.7712
15.2186
13.8003
15.6424
15.2186
14.625
15.0693
12.6736
13.2926
15.415
12.367
13.8915
16
12.7332
17
13.5906
13.3706
13.4226
12.3779
15
12.9339
12.8604
13.3418
13.3706
15.142
13.4764
14.142
14.8102
13.9556
12.4416
14.5081
12.5695
15.2996
13.9888
13.4686
16.0931
16.2451
15
13.3347
14.1545
13.6781
12.7008
15.1926
11.7568
13.3205
13.9447
14.9556
16
13.4764
13.4843
13.4843
13.3634
14.9125
15.0693
12.776
14.8102
11.8401
11.8301
12.389
12.4454
15.1926
13.4922
13.7521
14.9556
13.5406
14.7332
15.142
14.9556
12.457
12.7146
15.2721
13.415
13.1545
14.7332
14.2056
12.3561
13.1991
12.8251
16.0458
13.2996
12.6601
14.625
14.2318
14.2721
13.415
13.3779
15.0227
15.1174
13.4001
14
14.5571
14.3706
14.9776
14.2721
14.3853
13.3706
14.6601
14.7332
15.0931
16.6077
14.1545
14.8301
13.3634
14.0342
12.8707
12.4416
14.8915
12.4454
16.1926
14.9776
15.2721
14.9125
14.4001
12.7332
13.3779
15.1926
14.5737
13.6962
11.8528
12.3382
14.625
13.3561
15.142
14.8707
14.8301
13.3634
13.3634
12.3205
13.5488
14.2858
12.4454
14.2056
15.1671
14.4301
13.3489
14.0113
14.1671
14.4454
13.4608
14.8301
14.4764
14.625
12.6601
14.9776
14.3276
12.7568
12.8052
13.7808
13.3065
15.6781
14.9776
14.1545
15
15.0458
13.5906
13.4686
16.2996
13.9125
15.7905
16
15.0227
13.3853
14.5906
14.2186
15.0458
13.6691
14.9339
15.8301
14.415
13.8301
14.1296
14.2721
15.3276
13.5406
12.7905
13.5406
15.7521
12.6871
15.4764
13.3489
13.4454
13.2518
12.6337
15.2451
13.4001
14.3706
14.8102
12.8003
14.5737
13.3489
13.5002
14.8915
14.142
15.0227
14.8102
14.9339
15.2186
15.0931
13.9232
16.2996
13.6077
14.1926
15.7905
15.0227
13.4531
14.2996
14.8915
14.1052
13.3276
13.4922
13.4922
14.5081
14.4454
14.7905
12.5529
13.5081
14.8301
13.2789
13.5991
13.4608
13.1926
12.3743
13.2451
14.8503
14.6077
14.9776
15.2996
15.0693
13.4922
12.5041
13.2926
15.1174
16.142
15.1926
13.3489
16.1926
12.4001
14.7332
14.3418
13.7054
15.0931
14.8301
14.415
14.8915
13.9888
15.0693
14.0342
14.2996
14.0931
14.9339
14.9339
16.0931
13.3561
13.3276
14.0575
13.4378
14.8707
13.902
14.9776
14.4454
16.0931
13.2996
16.2996
13.4001
14.2721
13.1991
12.457
11.7592
16.3561
12.3964
16.2996
12.8003
15.0458
12.5406
14.3418
13.1235
12.3927
15.1926
11.7616
13.5162
13.2996
12.4882
12.3706
16
14.2056
13.2858
12.3454
15.2451
13.3205
12.902
13.6077
13.8401
13.4378
11.6579
11.7808
15.0227
14.3853
14.5906
14.5243
13.2318
13.3561
16.2996
16.4764
13.7521
13.6077
14.1545
15
14.6781
16.2451
13.5081
15.7905
14.9776
13.4531
15.3561
13.4843
12.457
11.7285
14.0113
15.0931
13.4686
13.3418
14.2996
14.8707
13.2384
15.0693
15.2186
14.5081
14.2721
12.3205
14.5406
14.6424
15.0931
14.8102
13.6781
13.5002
12.3525
13.3135
13.9339
13.3489
13.5991
14.1671
13.4226
14.4608
15.9556
13.6781
16.142
13.3418
12.6646
13.5821
11.7473
13.4608
14.9776
15.0458
14.3561
14.3135
12.4531
14.1798
15.142
13.4226
14.3853
13.4454
13.8503
16
12.776
16.3561
14.7332
14.4454
13.9776
12.7239
16.2996
13.5406
14.8707
13.8503
14.5243
12.5529
13.4226
14.6962
12.7616
14.9776
12.8003
15.2451
14.2186
13.4843
12.6917
13.2926
12.5202
14.8707
14.0113
12.5202
15.1174
13.625
13.5081
14.5906
14.1798
13.2789
15.142
15.8707
13.5737
13.4843
14.0931
12.6469
15.7905
13.6163
12.4922
14.7332
14.8915
15.142
14.0342
13.9125
14.5571
14.8503
15.0931
16
12.5529
13.8201
14.7332
12.3418
15.2451
13.5324
16.4764
11.7262
12.3964
13.625
15.1926
13.2789
13.2858
14.9339
14.5081
15.142
13.4001
13.3205
15.0693
13.5654
14.7146
14.8707
14.7521
14.2858
16.0931
14.8301
12.7379
13.2926
14.0811
14.6077
13.5002
14.3561
16.3561
13.1735
12.3525
14.2996
16.2451
15.415
12.9285
12.7521
12.8052
14.5081
13.9125
15.0931
15
13.9447
14.5081
12.3347
14.8503
12.4764
13.8604
14.625
16.415
14.415
14
14.1296
11.7332
12.3065
12.7379
14.7146
15.1926
12.6962
15.1671
13.2451
13.6163
13.9556
14.3853
16.6781
14.4454
13.3561
14.1296
14.4454
14.7712
15.2721
12.4493
12.8401
14.6077
12.4226
14.1671
14.3418
12.8301
11.6163
13.5737
12.3706
12.8707
14.415
15.1671
14.2451
12.9666
14.625
13.3706
14.625
14.0575
14.0575
14.7521
14.0113
15.1671
15.0693
12.4188
15.0227
14.2858
14.3418
15.0227
12.8604
15.2996
12.4843
13.3853
14.7712
14.0458
14.8301
12.7146
16
12.6917
15.142
13.4764
12.7616
13.4226
13.4764
13.2858
16.2451
15.0931
12.4113
14.7146
12.6646
15.0458
12.4804
13.3706
12.4339
13.9556
13.3779
14.1296
14.4922
14
12.7808
16.4764
13.3347
12.7379
14.3135
12.6337
14.9339
12.7239
12.2721
14.7712
13.415
14.3853
14
14.6424
14.2858
14.6781
15.3276
16.1926
13.2252
16.1926
13.2996
13.2252
12.3964
12.6691
13.5243
13.5081
11.6917
14.0458
14.1052
14.415
15.0227
14.1174
14.5081
14.0931
14.1296
12.8967
13.8401
16.0931
14.0458
13.4378
13.5821
12.6424
13.1862
11.8003
14.1174
14.3706
13.415
14.6601
11.8452
12.7857
12.5081
13.1608
13.5571
15.3276
14.0458
14.8707
15.1671
13.4922
14.8503
13.3135
13.3489
13.7712
14.6781
13.4301
14.2056
14.1798
16.0931
13.4686
13.4075
13.3205
15.0931
13.3634
15.2451
12.4647
14.4454
13.2653
11.7426
14.8503
14.415
12.3311
12.7008
12.8052
12.6962
14.5243
13.5821
15.2186
13.2585
13.3489
14.8707
14.9339
14.8301
15.1174
14.2721
13.4378
14.5571
12.3634
14.6601
14.625
12.4804
13.3853
13.9125
16.5406
14.6781
13.5488
13.9888
14.415
14.6077
14.2996
16.2451
14.0113
14.4922
13.8707
14.8503
13.3706
15.1926
13.9125
13.9666
14.7712
12.3525
14.8915
15.5737
13.5243
16.1926
13.2384
13.5737
12.4301
12.7954
15.1671
15.1671
12.4922
15
11.8503
15.2451
13.8811
15.0458
14.4922
11.8028
16.5406
12.7192
13.5654
14.5571
14.6077
13.3065
14.8915
11.6624
13.4608
14.4454
13.5324
13.5737
13.5571
15.8301
12.8052
15.142
15
14.5571
14.3853
13.5002
12.3743
13.4226
14.5243
13.5654
15.1926
14.8301
14.6424
13.4454
14.9556
13.8915
15.142
14.7332
13.4075
13.4764
14.3135
11.8376
14.8301
15.2721
13.4843
15.9125
13.3706
13.3489
13.7712
13.4922
16.0931
13.8915
15.0931
13.8003
14.5406
12.4608
12.3418
14.8915
12.3927
11.7309
13.4301
13.3779
13.2789
13.8707
12.7857
13.5488
14.8503
14.8102
14.8503
14.7712
12.3779
13.9776
12.7664
14.3706
13.2585
14.3276
13.5488
15.0693
13.4686
13.4226
12.4226
13.7521
15.142
14.5571
13.4454
12.8351
12.8401
13.4378
14.2858
15.0458
13.4531
14.5406
14.4454
13.2451
13.3418
15.0693
14.4454
16.2451
14.6781
12.8656
14.8707
13.3853
13.5991
14.8301
15.1926
13.1862
13.3634
12.9072
14.4608
12.5002
11.776
13.4226
13.5571
14.5906
11.7881
12.7239
16.5406
12.6646
15.0458
12.3525
12.4339
14.0227
16.6077
15.0693
13.8401
16.6077
13.3561
12.8863
13.4686
12.7332
14.9776
14.7521
13.5002
14.1174
16.4764
14.4608
15.0693
12.31
12.5162
14.7146
12.4378
13.5324
14.4608
13.2056
12.3418
15
15.2996
14.7712
13.2789
16.0931
15.0693
16.3561
13.4454
15.1174
14.5906
15.6424
13.4226
12.4113
11.8376
13.3706
11.8052
15.5406
13.8915
11.7403
14.9776
13.3561
12.8759
14.0931
13.5002
13.4454
14.4764
14.0113
13.5821
15.0458
14.1545
12.7473
14.7712
12.7808
13.9666
14.415
14.3706
13.9776
14.3706
13.2653
12.4647
16.415
14.4454
16.415
15.1174
15.2996
12.5365
14.3853
12.8351
16.1926
12.6826
15.4454
13.5324
14.8707
14.9776
16.415
12.3135
13.8707
12.7712
12.3418
14.8503
13.7054
15.0931
14.7905
14.7332
13.3418
16
14.8503
12.2926
15.9556
14.5081
13.6163
15.3561
12.7808
13.2451
15.142
12.3489
14.4001
14.9125
14.2186
14.0227
13.4531
12.8351
16.6077
13.9447
13.5081
15
14.2186
14.2056
14.9125
13.415
15.0227
15.9556
15.142
13.4454
14.9556
12.9339
14.8915
15.142
13.4075
14.7905
16.2996
14.415
13.4001
14.7905
15.3276
13.3853
12.5864
14.0227
15.2451
12.8052
13.4608
14.3135
14.5906
14.8102
13.5406
11.6849
15.142
14.5081
14.142
12.389
14.1052
