11.6034 0.048828125
11.7686703125 3.125
12.420433532934128 8.154296875
12.777902040816326 7.177734375
13.433314285714287 24.267578125
14.160618852459017 17.87109375
14.524213846153845 3.173828125
14.635754430379755 3.857421875
14.762505555555556 3.515625
14.856319696969695 3.22265625
14.947479452054793 3.564453125
15.034304109589046 3.564453125
15.116780597014927 3.271484375
15.209806153846156 3.173828125
15.405307575757575 3.22265625
16.048641176470593 4.98046875
16.483268 3.662109375
16.970833333333335 0.146484375
