2.87717
3.15765
2.65169
3.42281
3.43537
2.81249
3.41903
3.25034
2.80647
2.70912
2.85168
2.67329
2.70466
3.24199
3.4368
2.86365
2.7869
2.85965
2.6792
3.41621
3.38828
3.26191
3.25328
3.40708
3.44254
3.26444
2.78341
2.86397
2.67582
2.6901
2.67147
3.15353
3.41386
2.7875
2.85997
2.69422
2.67245
2.67441
3.40988
2.80079
2.69294
3.23658
2.69579
3.40591
2.69679
2.66391
3.40195
2.8809
3.43704
3.15883
3.26847
3.14299
3.41269
2.86782
2.67821
2.67245
3.42446
2.69508
3.10348
2.78796
3.42659
3.39036
3.3846
3.44349
2.88025
2.68259
3.23949
3.40218
3.14728
2.77826
3.12809
3.39869
3.14085
3.2399
3.12752
2.78159
3.22398
3.44589
3.14085
2.67161
2.6901
3.2472
2.85694
3.41856
2.69565
3.41739
3.23928
3.42801
2.80171
2.67765
2.79344
2.8762
3.44062
2.83572
3.14747
2.68542
3.17048
3.37886
3.16198
2.6768
3.1362
2.77314
2.68443
2.69152
2.70682
2.68188
3.16929
2.66629
2.77705
2.6628
2.86157
2.68754
2.66838
3.39175
2.87184
2.87168
2.67048
3.42588
2.6582
3.42257
3.40824
2.69138
2.69223
2.87056
3.40544
2.66978
3.25917
3.23306
2.70624
2.88301
3.42872
3.25118
2.8874
3.13853
2.80355
2.6681
3.39939
3.38759
2.83997
3.23575
3.22934
3.45552
2.85885
3.44158
2.74527
2.85582
2.79818
3.40941
3.1333
3.43062
3.24804
2.78659
3.22954
2.68641
2.87023
2.67413
2.78826
2.68005
2.77524
3.42659
2.65973
3.39175
2.7936
3.24199
2.78614
2.6667
2.67203
3.15392
3.38483
2.67273
3.14047
2.69251
2.67596
3.41903
3.44829
2.68329
2.79925
2.78113
3.42021
3.44158
3.40148
2.77917
3.14884
3.13949
3.12944
3.24574
2.67737
2.89671
2.79055
2.6901
3.398
2.80848
3.4141
3.12367
2.82445
2.84407
3.14611
2.67357
2.69565
2.68061
2.68443
2.79772
3.23741
3.15431
2.684
2.67976
3.43585
2.88009
2.88838
3.27165
2.67652
3.21987
3.1067
3.42825
2.79131
3.25874
3.40638
2.9084
2.86173
3.44062
3.14319
2.78918
3.27165
2.85821
2.8733
2.80678
3.39452
3.13369
2.66587
2.67441
2.80324
3.27677
2.68925
3.4368
3.41058
2.66629
3.40451
2.87104
2.86943
3.40708
3.41527
3.26529
3.44637
3.24428
2.66029
3.26233
3.40568
3.13736
3.39128
2.66294
3.15529
3.23451
3.43133
3.1254
3.40334
3.22934
2.86205
3.39221
3.23058
3.11946
2.6628
3.4148
2.80724
2.65681
2.67807
2.65473
2.65017
2.67892
2.80232
2.68981
2.87443
2.86093
2.65362
3.41316
3.237
2.88268
3.39939
3.42777
2.65598
2.6754
2.66866
3.13523
2.87104
3.39846
3.4292
2.6674
3.41739
3.22418
3.41974
3.44757
2.7968
3.15333
2.67034
3.25938
3.12272
2.80386
2.69522
3.23949
2.66349
2.86686
3.1463
2.77887
2.76653
3.25938
3.41058
2.79803
3.40614
3.40171
3.43395
2.76893
2.69067
2.67512
3.43323
2.69209
2.67034
2.78507
2.78979
3.44254
3.11411
2.6928
2.76025
3.2864
3.37612
3.15647
3.39684
2.67962
2.7825
3.12636
2.78219
3.41739
3.40661
3.21598
3.24157
3.42541
2.70251
2.7831
2.65501
3.43395
2.87604
2.66112
2.7907
2.86429
2.66085
3.36973
2.68428
3.14708
2.8905
3.39893
3.41316
2.66545
3.438
2.68471
2.68528
2.79405
2.78462
3.15628
2.80555
3.24449
3.4349
2.76503
2.6816
2.80063
2.80155
3.2516
3.25601
2.87539
2.68825
2.77088
2.87701
2.86541
3.43514
2.66908
2.86638
3.39383
2.88854
2.67413
2.66754
3.38828
3.37909
3.44134
3.12042
3.24595
3.15373
3.15236
2.68896
2.70581
3.41363
3.21782
3.2725
2.6857
2.68839
3.398
2.88333
3.39707
2.89835
3.15118
2.78979
3.11107
3.14416
2.69908
3.40708
3.12886
3.27293
3.41058
3.41504
3.13756
2.86189
3.14144
3.40311
3.13853
2.66517
3.14942
3.22975
3.41762
3.13581
2.76309
2.8563
2.6857
3.40684
2.67582
3.2495
3.40381
3.21557
3.12559
2.67161
2.79207
3.43657
2.84186
3.42139
2.7769
2.68768
2.87443
3.41129
2.79177
2.78008
2.68273
3.27357
3.16494
2.68386
3.39591
2.8954
2.66405
3.39846
3.11869
3.42422
2.7872
3.39267
2.69779
2.67779
3.22872
2.67737
3.12559
3.11927
3.23058
3.40638
2.69422
3.40102
2.77962
2.69865
3.43014
2.70409
3.21967
3.12483
3.39059
2.84962
3.38967
2.68825
3.23637
2.89786
2.68188
3.4148
2.67948
2.65446
3.41809
2.79055
2.86349
2.87556
3.22789
3.43823
3.27677
2.68146
3.40055
3.14884
3.14455
3.25517
3.41457
3.42021
2.78811
3.38207
3.22295
3.42257
2.68457
2.79573
3.13814
3.15588
3.41386
2.67413
2.67892
3.22707
2.89001
3.43371
2.86863
2.66643
2.76878
2.86975
2.87249
2.79956
3.1502
3.41058
2.85821
3.37955
2.86029
2.69038
3.13195
2.67962
2.69565
2.79482
3.13562
3.21353
3.41692
2.89376
2.66629
3.22501
2.77796
2.85646
3.25286
3.26911
3.2516
2.7757
2.68245
2.67835
3.23762
3.41222
2.66643
3.41293
2.67666
2.6928
2.67526
3.41316
3.40965
2.68655
3.42541
3.2424
3.24261
3.43062
2.67217
3.12598
2.66503
3.42186
2.79589
3.39267
2.88284
3.40148
3.398
3.41129
2.77103
2.84313
2.80278
3.4148
2.6792
3.27613
3.25433
3.39221
3.38782
2.70008
3.2516
3.41082
3.40334
3.24178
3.41668
2.67399
3.42872
3.25769
2.87007
2.68089
2.77615
2.87766
2.65987
3.43919
3.43967
2.67751
3.39846
3.40544
2.86943
3.42848
2.7071
2.66015
2.85757
2.87184
2.78462
2.81033
2.88658
3.42754
2.67892
2.65362
3.13872
2.77223
2.87685
2.68005
3.43014
2.80617
3.40918
2.77314
3.43919
3.13156
3.46133
3.41386
3.15314
3.25917
3.42281
3.26106
3.17405
3.43609
3.40848
2.85502
2.66978
2.68768
2.70998
2.65529
2.79956
2.66559
2.8111
3.37703
2.81327
3.15059
3.24053
2.89376
2.67231
2.67469
2.87636
2.86013
3.12291
2.77464
3.25244
2.65515
3.39082
3.4368
2.66978
2.67793
3.41551
2.8683
2.66726
3.1502
2.67906
3.1124
2.69622
3.43871
2.68528
3.2399
3.24282
3.43466
2.86237
3.44349
3.42163
3.41527
2.8014
2.66852
3.41222
2.69437
3.43466
3.40988
2.66894
2.68132
3.40871
2.67512
3.12214
3.1393
2.6761
3.14884
2.87056
2.6857
3.26487
2.67203
2.87798
3.13736
2.8809
3.40218
3.26402
2.64934
2.66922
2.68953
2.80033
2.81745
3.27698
2.64713
2.71445
3.21373
2.77871
3.15922
2.77751
2.66308
3.26995
2.86718
3.24303
3.41645
2.67723
2.65904
3.41105
2.69237
2.70108
2.67287
2.79085
2.67231
3.14669
3.24825
2.68598
2.69465
2.78174
2.69565
2.86493
3.13639
3.44325
2.86782
3.14299
2.69879
3.4188
3.43157
3.12675
2.67427
2.77887
3.42116
3.23741
3.44206
3.24157
3.40009
3.12291
3.12598
3.41903
2.88138
2.7875
2.67723
3.23016
3.42234
3.16316
3.14299
3.15647
3.38483
2.67203
2.66238
3.42375
2.78553
3.44038
3.42825
2.86959
2.86959
2.68414
2.68005
2.65987
3.21967
3.23389
2.78902
3.27378
2.69095
2.78068
3.43752
3.15001
3.16731
2.8861
2.88009
3.21026
3.42588
3.1279
2.66643
3.42825
2.77013
2.67371
3.43181
2.67217
2.78159
3.4273
2.86846
2.68428
3.24887
3.25685
2.66419
2.79895
3.43347
3.39336
3.43276
3.43299
3.43514
3.2579
2.87443
2.78735
2.84518
3.4247
3.40032
2.66601
3.24908
2.67512
3.42659
2.68598
3.42375
3.41856
2.6928
2.69394
2.8128
3.18182
3.25013
2.70725
2.86943
2.6681
3.16731
3.23866
3.40824
2.79451
2.86045
3.43371
3.13156
3.21946
2.86045
2.78902
3.13775
2.87798
2.84708
2.67006
2.88073
2.68542
3.43299
2.79818
2.85821
3.13041
2.80232
3.40218
3.41809
2.69123
2.77043
2.8571
3.38253
3.24762
3.1231
2.65487
2.85455
2.7766
2.79421
3.26571
3.24074
3.40824
2.78098
3.40754
2.67765
3.2372
2.76878
2.80263
2.80048
2.70065
3.14416
3.2617
2.87701
3.11297
3.24407
3.39777
2.69223
2.86846
3.43943
3.24657
3.12733
2.86702
2.79283
3.41927
2.68202
3.43109
2.86461
2.86702
3.43299
2.66559
3.23492
3.4221
2.89704
3.20498
3.39313
3.41903
2.66363
2.81141
3.23949
3.14008
2.87653
3.23326
2.65335
3.12752
3.42304
2.87136
3.42541
3.40871
3.3899
2.88447
2.7872
3.44397
2.67034
3.39013
3.42281
3.15647
3.41339
3.438
2.66629
3.26212
3.15628
2.70337
3.13949
2.66349
2.87475
2.76369
2.67849
3.42825
2.81018
2.68513
3.26233
2.66029
3.25727
2.79879
2.86782
3.42541
3.20315
3.1426
2.8874
3.11449
3.41269
3.41998
2.67835
2.77902
2.76623
2.78826
2.67638
2.68811
2.8128
3.40988
2.78826
2.64837
2.70022
3.25832
2.66308
3.42304
3.26593
3.41527
2.80832
2.76998
3.41175
3.25727
2.78356
3.42848
3.42801
2.88593
3.16513
2.78568
3.40638
2.88544
2.66908
2.68089
3.39661
3.17564
2.68981
3.41692
3.43823
2.64975
3.44134
3.41527
3.44397
2.79024
2.79925
2.86638
3.3973
3.39545
3.38299
2.80817
2.77841
2.81048
2.69052
3.41786
3.39753
2.79161
2.67245
3.24637
3.12983
3.40451
2.86686
3.43585
3.17365
2.86221
3.40381
3.41715
2.68939
2.80017
3.13911
3.44086
3.39591
2.7875
2.68485
2.68315
2.67118
2.67864
2.70466
3.43633
3.40265
3.41363
2.87523
2.78159
2.67878
3.1362
3.16099
3.42801
2.66587
2.66908
2.87088
3.25013
3.40965
3.4148
2.68358
3.25727
3.42564
3.20986
3.22295
2.86879
3.42446
2.76085
3.14047
2.67878
2.86461
3.39869
2.80509
2.78325
2.68245
2.76608
3.40731
3.41645
2.65293
2.70122
3.45094
2.88317
2.68216
2.69522
2.6688
3.15118
3.41129
3.41011
2.70094
3.40848
2.68556
3.13176
2.89409
2.68768
3.14241
2.66964
2.87168
2.69095
3.42328
3.40988
3.22624
3.45214
3.13562
2.79299
2.8034
3.41011
3.24365
3.24741
3.24282
2.78644
2.7936
3.43157
3.39359
3.23949
3.24136
2.88544
2.87056
3.13253
3.16395
3.12214
3.4589
2.8128
2.79039
2.85789
2.81512
3.14864
3.25013
2.79161
3.41951
2.67835
3.40311
2.67189
2.69067
3.13253
2.88431
2.79558
3.40591
3.39336
2.68287
3.24929
3.17226
3.13176
3.41129
3.4148
2.67948
2.65515
3.12367
2.79512
3.39313
2.69465
3.22562
3.39916
3.22357
3.3973
2.86927
2.66838
2.6928
3.2447
3.26741
3.44877
2.7872
3.43442
2.83903
2.69437
3.42163
3.41363
2.69266
3.38851
2.85041
2.69394
3.39777
2.67624
3.12483
3.43847
3.15431
2.67076
3.10765
3.26106
2.6688
3.40895
3.24804
3.38736
2.67723
2.76758
3.39013
3.10178
2.87556
3.39568
2.81543
2.68273
3.40055
2.86317
2.78401
2.78963
2.67666
3.39452
2.67385
3.39244
3.25328
2.66712
2.85423
2.67315
2.78462
3.45383
3.13736
3.26043
2.87378
3.46084
2.78356
2.6709
2.68019
2.87378
3.41152
3.41082
2.77947
3.14396
3.24992
3.41246
2.8775
2.65848
3.44182
2.8712
2.78994
2.85949
3.15157
3.42967
2.66335
2.68825
3.39753
3.40591
2.76983
2.87588
3.23783
3.42375
2.67695
3.43086
2.69237
3.14124
3.43537
2.86349
3.42943
2.67666
3.40988
3.14591
2.68556
3.12598
3.3869
2.80617
3.38437
2.7754
3.12713
3.17107
3.26106
3.39498
2.79482
3.1362
3.22274
3.40684
3.41715
2.68075
2.6857
2.87491
2.79344
2.88756
2.67413
2.68967
3.18662
2.79512
2.6768
2.65779
2.68953
2.85725
3.14533
2.88236
2.88041
2.67498
3.42517
3.12233
2.67371
3.42659
2.68485
3.43657
2.86493
2.66726
3.43704
2.78371
2.78872
2.67034
2.65515
3.25076
3.39962
2.67343
3.42068
3.40708
2.86413
3.17067
3.27357
3.44062
2.70022
2.78386
3.23078
2.85662
3.42163
2.70581
3.41974
3.15255
3.41339
3.25181
3.24199
2.8783
2.83682
3.13098
3.3973
3.41035
3.12272
3.25601
2.86237
2.66643
3.42446
2.6761
3.40965
2.68499
2.89475
3.26529
3.43418
3.43109
3.39267
3.36451
3.41668
3.45022
2.66643
3.23368
2.67469
3.43014
2.85981
3.39545
3.14552
3.43181
3.41222
3.43561
3.43847
2.80724
3.40544
2.79131
3.21006
2.791
2.66015
2.68245
3.42092
3.13523
2.69479
2.76788
2.67666
3.27314
3.22934
2.67189
3.26529
2.67892
3.24219
3.22727
2.6891
3.40521
2.79619
3.24428
3.26085
2.66796
3.43181
2.66043
3.42848
3.11202
2.67554
3.43157
2.66057
2.791
3.41668
3.41386
3.42825
3.43585
3.41082
2.69993
3.41293
3.23554
2.69038
2.8675
2.66503
2.79543
2.7965
2.66294
2.86686
3.14319
3.22665
2.75831
2.67469
2.85009
2.80509
3.42186
3.22439
3.41739
3.42375
3.40334
3.11488
3.41246
3.40614
2.79009
2.65751
2.65473
3.40521
2.66978
3.22851
3.24386
3.43657
2.66531
3.25013
2.80417
2.79941
2.69494
3.40708
2.66615
2.87491
3.43157
2.86525
2.86766
2.67723
3.4221
2.84629
3.14728
2.67427
3.39383
2.78994
2.69152
3.43609
2.66461
2.6799
3.41011
3.40381
2.84218
2.69508
3.42375
2.85885
2.78053
3.38575
2.8874
3.2472
3.16652
3.14786
2.88675
2.87023
3.13118
2.68627
2.68655
2.85662
3.29199
3.39591
2.85869
2.6918
3.14806
2.78644
3.40871
3.39962
3.13562
3.43109
3.41457
3.22624
2.77043
2.85025
2.69024
2.85757
2.68047
2.68216
2.80771
2.6792
2.67301
2.66252
3.41762
2.69622
3.11678
2.68471
2.68358
2.67934
2.80832
3.41246
2.76264
2.88544
2.66559
2.67821
3.15099
2.69622
3.43371
3.43704
2.66461
3.40778
2.87297
3.39267
3.26466
3.3899
2.88577
2.85105
3.40568
2.68005
2.69679
2.66587
3.25433
3.38368
3.44493
2.78356
3.23637
2.67371
3.24532
2.79283
2.87184
2.67765
3.38921
2.65238
2.69109
2.83855
3.13543
3.42967
2.68768
3.44421
3.14494
2.80171
2.77374
3.40661
2.77524
2.78796
2.69622
3.42801
3.39522
3.41175
2.66043
3.13156
2.86959
3.41363
3.42517
3.39893
3.42045
3.12694
2.81157
3.4148
3.43847
2.87669
2.86317
3.39151
2.67413
3.39359
2.67484
2.78447
2.68315
3.42446
3.45769
2.66517
2.7907
2.85518
2.87653
2.86863
3.40381
2.68641
3.44685
2.88756
2.68797
2.6874
2.78129
3.39707
2.67133
3.43323
3.40708
2.86927
3.16356
3.16573
3.42068
3.42943
2.86622
3.40498
3.40895
3.14241
3.14008
3.40404
3.41551
2.69138
2.67709
3.42116
3.43109
3.13969
2.79314
2.79512
3.39661
3.1426
2.88805
3.25917
2.69123
3.4141
2.79238
3.25076
2.76593
3.2121
2.87992
3.41998
3.43014
2.71099
2.67287
3.42399
2.88919
2.6823
2.78902
2.80494
3.39753
2.66363
2.69308
3.42352
2.76533
2.67695
3.23037
3.13504
2.87847
3.24741
2.68386
2.86863
3.40428
3.12809
2.8712
2.8406
3.25748
2.83494
2.79864
2.8555
2.86173
3.28254
2.80879
2.80155
3.26974
2.8796
2.78948
3.2849
2.79055
2.67189
3.4507
2.80386
2.66363
3.4188
2.67849
2.79696
3.40941
2.67498
2.86782
2.69636
2.67793
3.23347
2.66405
3.44325
2.67484
2.66852
2.68188
3.18122
3.38184
3.25013
3.43157
3.43014
3.45118
3.40871
3.41621
2.7936
2.78614
2.80002
3.2849
3.398
2.77449
3.40638
2.86269
3.17048
2.85965
2.70022
3.40102
3.41246
3.41762
2.67231
3.15863
3.4188
3.13504
2.69508
3.12425
3.14241
2.85582
2.65501
3.26149
3.24887
3.41293
3.13639
3.1465
2.68669
3.41715
2.78902
3.43086
2.8936
3.40638
3.16021
3.22213
3.12233
3.16395
2.791
3.15706
3.43371
3.44397
3.37726
3.11812
3.13794
2.88772
2.86879
2.78538
3.43014
2.90823
2.69351
3.40684
3.4349
3.14047
3.38207
2.67976
2.82227
2.80524
3.43728
3.16356
3.44278
3.22707
2.68132
3.23762
3.25622
3.40638
2.68047
3.22727
2.69294
3.15667
3.42564
2.68019
3.23368
2.78113
2.66587
3.23389
2.88382
2.88805
2.69893
2.67624
2.78614
2.77826
3.41316
3.1681
2.67737
3.23471
2.67878
2.68132
3.41739
2.67273
2.8683
2.78918
2.68216
3.43157
2.88009
3.43157
2.67245
2.65876
3.39637
2.86365
2.68329
3.41058
2.81141
2.67245
2.70768
3.10879
3.39406
3.26508
3.44757
2.68485
2.68033
2.84914
2.79375
2.7907
2.89001
3.42068
3.38276
2.68854
3.20701
2.66936
3.43299
3.4247
3.23244
3.42588
2.68712
3.13949
3.42754
2.67878
2.6452
3.24094
3.40988
3.42754
3.22686
2.77721
3.25265
2.85502
2.67512
3.13195
3.21926
3.42612
2.69237
3.12502
3.40638
2.79879
3.44134
3.24428
3.29092
3.40801
3.24178
2.67596
3.12886
3.23202
3.42092
3.43418
3.40591
3.16691
2.69608
2.83824
2.66447
2.68528
2.68033
2.68245
2.67568
2.69465
2.87976
2.68612
3.40871
3.27165
2.68981
3.40311
2.68528
2.69722
3.40288
3.15706
3.23368
2.77811
3.41974
2.86205
2.85949
2.86189
2.70739
3.40474
2.6589
2.68896
2.80309
3.39036
3.2372
3.39522
3.41621
2.85694
3.37818
3.24574
3.15431
3.41058
3.39452
2.67076
3.41833
2.86622
2.85248
2.78614
3.13485
2.8905
2.68783
2.67498
3.40614
3.41692
2.68598
3.22913
2.85853
3.40428
3.39522
2.66698
2.7939
3.13736
3.24282
3.14747
3.14572
2.76728
3.16849
3.24825
3.21516
3.40195
3.26022
3.14105
2.84867
3.39406
2.68485
2.66238
2.87669
3.41457
2.86109
3.43181
2.77509
3.13137
2.69067
2.87814
3.41199
2.68301
2.89131
3.41011
2.80417
2.69993
3.21823
3.4292
2.69024
2.67357
3.15922
2.6557
3.23617
3.27123
2.7907
2.80017
3.13272
3.11908
2.87798
3.26191
3.42352
2.79788
3.11984
3.16533
3.43514
2.79711
3.43371
2.6823
3.24741
2.86413
2.67878
3.42517
2.79849
3.25769
2.65681
2.68414
2.65155
3.43038
2.79039
2.80248
3.1502
2.88805
2.66503
3.15138
2.88984
2.79987
3.14572
3.43967
3.37795
2.78948
2.69422
2.80386
2.79192
2.66601
3.39267
3.2283
2.68216
2.68358
2.69109
3.12771
3.23658
2.85216
2.6695
2.70251
3.14747
2.67203
2.68103
2.68259
3.22521
3.42021
2.67203
2.87539
2.86221
2.67695
3.1502
3.16612
2.70538
2.8675
3.40288
3.41998
2.70811
2.66489
3.41293
3.42541
3.22233
2.68896
3.11717
3.11965
3.47766
3.41574
3.44397
3.40661
2.79436
3.13949
3.4247
2.81823
2.67849
3.16119
2.80386
2.69922
2.68287
3.41339
3.2314
3.42991
3.13485
2.81095
3.39522
2.79849
3.23264
3.40195
3.1549
2.85694
2.69451
3.40801
3.41504
3.42163
3.13988
3.41598
3.22872
2.79283
3.38047
2.68939
3.14377
2.79665
3.40731
2.69081
3.26064
3.4188
2.79834
3.45142
3.24074
3.40614
3.41269
2.85981
3.37909
2.66419
2.84297
2.87394
2.68358
2.69038
3.42991
3.40684
3.40614
3.16612
2.67441
3.41856
3.39869
2.8809
2.86991
2.87104
2.66573
3.23554
3.41199
3.19748
3.23078
2.72024
3.39151
2.87023
3.42801
2.84803
2.68712
2.88447
3.39869
3.22316
2.80463
3.24074
3.42801
2.66782
3.41927
3.40404
3.15981
3.14591
3.40125
3.39429
2.79299
2.88984
3.38967
2.85981
3.41105
3.40102
3.13717
3.25013
2.87297
3.15981
3.42375
2.69636
3.13311
2.80171
2.89001
3.14144
3.44206
3.14221
2.66489
2.67624
2.67245
3.15275
3.45166
3.40311
3.41246
3.26022
2.68315
3.40941
2.82367
2.68882
3.44493
3.14903
