12.8003
13.9888
12.4264
11.7616
14.4301
14.5406
13.8401
14.6781
13.3706
14.415
12.9447
11.7426
15.0458
12.6781
13.415
13.4686
13.4075
13.5002
14.3276
13.7239
16.6077
14.5081
13.9125
11.7905
12.3598
16.3561
14.8301
14.0693
13.4226
13.5081
15.9125
13.2789
13.4075
15.0458
12.6691
16
15.1174
14.4301
14.2056
16.3561
15.0458
13.625
14.5737
15.0693
12.9611
16.415
14.8301
15.2186
14.9776
14.0227
13.3706
13.4686
14.3135
12.4264
15.2186
14.7332
14.9556
13.4226
12.5906
12.4188
14.625
13.9125
16.2451
12.4686
14.5243
12.3853
13.4922
14.6962
13.3706
14.8503
12.7379
12.4188
15.6077
16.142
14.8102
14.9125
14.5906
15.0693
13.4378
15.2721
15.5737
15.3561
14.2721
14.0342
13.5243
13.4301
14.9556
11.7688
14.3561
13.8604
14.0575
14.2451
13.4686
12.7905
14.4764
13.5162
14.9776
14.1671
13.5324
12.7054
13.8003
15.8707
12.4264
14.3706
15.142
13.3927
15.7905
14.8102
13.3065
14.3853
13.4531
14.9556
12.3489
12.4113
15.142
14.0693
15.1174
12.7712
14.625
13.5243
13.9666
13.9556
15.1926
13.415
14.4454
13.4686
14.415
14.8301
13.5324
13.3276
14.625
12.389
14.8915
14.7332
14.7332
13.5406
12.3598
15.2451
15.3853
14.5571
13.7426
11.7592
15.1174
13.4454
12.4264
13.8604
14.6601
14.8707
13.4843
15.0227
11.7592
13.5737
14.6424
13.3779
13.4075
15.1671
16.6077
13.4922
15.1174
12.5122
14.5243
12.3489
13.5243
14.9776
14.7905
14.5906
13.415
13.9556
12.7616
15.142
15.5081
14.6424
16.415
13.4075
13.3779
15.7521
13.6962
12.5041
11.7954
14.5906
14.3561
16.7521
13.9556
14.9556
13.7146
16.142
14.8301
15.3853
12.8401
14
13.3347
16.5406
15
13.2451
14.3135
15.3276
12.4075
13.8915
11.8452
13.3489
14.6962
14.2721
14.9125
12.5695
14.3135
12.4226
13.4531
15.0693
11.8351
12.7808
15.0693
14.9125
16.2996
15.0227
15
13.5571
13.2858
14.8503
14.2318
14.4922
15.415
12.7426
14.4922
13.4922
13.2789
13.2996
14.8915
11.7857
12.4378
15.142
12.4804
14.6781
16.415
13.6513
12.5654
12.6871
12.8915
13.5162
12.6293
13.4001
13.5821
15.0458
15.2451
14.0458
13.3779
13.6337
14
14.6781
15.2186
15.1926
14.6962
14.1052
12.3561
14.1545
16
15.5081
13.3418
14.2318
14.8102
14.5906
11.6962
12.4113
14.5406
12.4113
14.9125
14.6077
13.3205
15.0693
14.7146
13.5406
12.389
13.9447
14.4301
13.5821
16.3561
13.5906
13.3418
14.7521
13.5406
16.6781
14.7905
12.4725
13.5654
14.2056
13.4226
12.776
14.2318
13.3418
12.4226
15.1926
12.3561
15.0693
13.8604
13.3927
16
14.5406
14.3135
13.3205
14.6962
11.8052
16.3561
13.415
13.9447
12.4531
15.1174
13.5324
13.3927
12.3964
15.0693
12.6962
14.6781
12.4188
15.1174
14.6962
15.4764
14.2318
13.5243
13.3853
14.9556
15.0458
13.5162
16.2996
14.6077
14.9556
14.9339
12.2451
12.3853
14.8915
15.2186
15.0693
13.9776
15
14.9556
12.3706
14.8915
14.7332
14.7521
13.5081
13.4454
13.4843
12.3927
12.7712
13.5002
14.8102
12.5041
15.0458
12.4531
12.3743
15.142
14.2056
15.0931
12.3598
15.0931
12.3454
14.9776
14.8301
14.8301
14
12.7379
11.7309
12.8003
12.4001
13.9125
16.0931
13.5324
13.3561
15.2996
11.7954
16.415
15.1671
12.8301
12.7426
13.3927
12.8301
14.1296
14.6781
13.1735
14.8301
14.9339
14.8503
13.3634
16.415
13.6871
13.2585
15.7146
14.8301
14.5406
13.4764
11.7239
15.8301
13.3561
13.6077
13.9556
14.8301
15.9125
12.4339
14.4454
13.415
14.6781
13.2451
13.5654
14.8102
13.9447
14.5081
14.3853
13.4454
12.4075
13.4843
15.2186
13.4608
13.9776
14.8503
14.9125
13.3205
13.9888
16.142
14.5406
13.3276
14.0575
13.7808
12.7239
12.3454
14.1296
14.5406
16.415
14.1052
11.7616
14.3135
12.303
14.415
14.3276
13.4378
12.2926
14.3706
12.4608
13.3706
14.9125
13.3853
15.8707
12.4531
14.9556
15.1671
14.0931
14.5906
13.625
12.71
13.6691
12.2892
14.0458
16.7521
11.7592
13.9447
14.3706
12.7664
13.4843
14.8707
15.3853
12.7712
13.7054
13.4001
13.3779
14.3276
14.8301
15.1174
13.4226
12.8052
12.9339
12.8656
16.2996
13.1798
13.9339
12.415
14
14.9339
13.2585
12.31
13.4922
14.0575
16.2996
13.9556
14.0227
14.2858
14.4301
15.142
16.0458
15.0458
12.8604
14.5737
11.8102
14.0458
14.6601
14.4764
13.3779
14.4764
13.2789
13.7146
14.2318
12.4493
12.4882
13.8102
14.9556
14.0227
14.8707
13.3489
15.1926
12.8401
14.3135
12.4378
14.5243
12.7808
13.5991
15.3853
14.0931
15.0693
12.3634
13.2858
14.9776
15.9125
14.9125
12.6513
14.4001
14.3853
15.0693
14.5243
12.4301
13.4922
14.5081
13.9339
15
12.2858
16.0458
14.1671
13.7712
13.4454
11.8733
16.6781
13.4686
13.5243
15.1174
12.8251
12.4686
13.4301
13.4301
11.8028
16.8301
14.9125
16.1926
14.0693
13.4378
13.3489
11.6962
13.5737
15.0458
16.4764
16.415
13.5906
13.8301
13.7239
12.8301
13.7712
13.3135
12.389
12.3065
14.9776
15.9125
15.0693
12.4882
12.457
11.7332
13.1926
14.3418
13.3276
15.0931
14.2585
12.5654
14.6424
16.2451
15.8301
13.8811
15.1174
15
13.415
11.6962
14.6781
14.8503
13.3927
14.2721
13.4686
11.7664
15.1174
13.6601
14.5906
14.8915
15.4454
13.4301
15.6781
14.7521
12.6691
14.9776
14.9556
14.5081
14.1052
14.8503
13.6077
12.8201
13.5821
15.0931
15.0693
14.7905
15.1174
13.3489
13.3489
14.7905
13.6691
11.776
14.5906
12.367
13.4075
12.7712
14.625
13.3853
12.8915
14.8915
16.0458
13.9666
13.3205
12.6781
15.1671
14.1671
12.8915
12.3964
13.902
13.5162
12.3418
12.4301
14.1174
16.0458
12.389
13.2721
11.8226
13.1174
14.8102
13.4531
12.3634
15.142
14.5906
12.6601
13.9556
13.3489
15
11.9693
13.7332
16.0458
15.2451
13.4686
13.1735
14.2721
13.2653
15.0227
13.8915
12.7808
13.6337
14.8707
14.6424
12.7808
14.3276
15.1671
14.8301
16.2996
14.625
11.7979
12.3418
14.1052
12.4075
14.5243
11.7521
15.2721
14.5737
13.2252
14.0342
14.9339
13.5406
15.1671
16.5406
16.2996
14.1052
15.9125
13.4075
14.4001
15.0693
14.8707
14.9339
13.4531
15.9125
12.5654
14.8301
13.6871
13.9556
14.4922
15.5081
13.6962
14.5737
15.0693
13.5406
14.7905
13.1545
14.5243
16.1926
15.3853
13.3347
12.3927
14.1926
11.8301
14.9556
13.2121
15.1174
11.7712
13.9125
16.0931
15.1926
16.5406
14.9339
13.3347
14.5737
13.4454
16
15.0931
13.3205
13.3347
14.3706
14.2721
15.0458
14.0458
12.7905
13.4226
15.0693
14.2721
15.7905
14.4001
12.8401
13.5081
14.8915
14.7146
14.5406
15.0458
14.4922
14.0113
13.2451
14.2996
11.8553
14.8102
12.2823
12.6557
13.3418
11.7031
16.7521
13.2789
16.7521
15.9556
15.0693
13.7521
13.4301
13.3276
14.5081
12.3561
16.0458
13.4531
13.8915
13.5737
13.5324
14.3418
15.0931
12.6962
16.5406
14.9556
12.6826
13.4001
15.415
14.9776
12.6826
13.4686
16.0931
14.2186
14.6962
14.4454
12.415
13.7616
12.9125
12.4416
13.2186
12.6962
13.415
12.9721
12.9072
13.4378
15.0693
15.1671
13.1113
14.0811
13.3634
15.4454
12.5864
12.6163
14.3276
13.5488
13.5821
16.2996
12.5654
16.2451
13.5002
13.6871
14.0458
15.142
11.6962
14.8915
14.9776
14.2318
16.3561
13.2789
13.3135
13.8102
13.4301
13.3706
15.0458
14.6781
15.0458
12.8151
14.6781
13.1358
13.2518
14.7146
14.1798
12.7285
15.5081
15.0931
15
14.2721
15.3561
14.1545
15.2996
12.5612
13.5571
15.4454
17
13.5821
13.4378
12.3065
14.3561
13.6337
14.1052
14.1798
14.0931
13.2926
13.4001
15.9125
16.142
13.3634
14.7712
12.4226
14.1798
12.4647
16.3561
13.4075
13.4531
15.1926
13.4922
12.4339
12.8707
14.8503
14.8707
13.2926
15.1174
13.4922
15.0931
12.4493
12.3598
14.7905
12.6826
12.4493
14.2318
15.0227
13.5406
11.745
12.7905
13.5406
12.7954
13.9339
11.776
15.3853
11.7784
15.3276
14.1798
13.3347
14.8301
13.902
14.2318
14.8915
13.4378
14.2585
11.7379
11.7568
13.2721
13.4001
14.5737
11.7568
13.4764
15.0931
13.3205
14.7521
14.0342
14.0931
13.8707
11.7146
12.457
12.8301
15.2186
15.2451
13.3205
14.4001
14.4001
12.5041
13.8102
14.6601
12.3525
12.6601
14.3135
14.9776
12.7616
13.3135
16
12.3382
12.4226
11.71
14.2186
14.0693
12.6871
13.5243
13.9232
16.1926
13.5737
16.0931
14.2996
15.1671
13.8707
13.5906
13.5821
15.1926
14.9556
15.7146
16.7521
13.1926
14.0458
15
12.7239
15
14.3706
13.2858
16.2996
14.9125
14.3561
13.3706
12.4001
15.1174
12.71
14.4001
13.4226
14.415
15.2451
16.2451
12.2789
11.7146
13.6601
13.6077
13.5162
14.625
12.6917
13.3853
15.0931
13.3347
15.1174
12.4301
12.367
12.7616
12.9072
12.7146
12.4608
12.9125
12.6469
12.4764
13.7146
15.4764
14.7332
12.31
13.5081
15
14.4608
13.6691
13.5081
15.2186
13.4922
15.9556
12.6293
15.3561
14.3276
14.5406
12.7521
12.4454
12.8301
11.7285
12.8052
13.5488
14.0342
14.4764
13.5654
13.9888
13.2585
15.6424
14.5906
13.4378
14.6781
15.7905
13.2451
14.2721
12.4804
15.9556
14.4922
11.8102
14.5571
12.7808
14.5571
13.5571
13.2186
14.4764
12.3598
13.3561
12.4493
13.5243
14.2186
15.1671
14.0342
14.5737
13.4378
14.6962
15.0227
13.902
14.7905
16.8301
13.4378
13.6962
15.0227
14.7905
16.0931
12.4922
12.5081
14.4608
12.5821
15.0693
13.4001
15.0931
14.3561
13.8401
13.5737
13.5737
12.4416
14.8707
16.4764
12.9285
14.4301
16.1926
12.71
13.6163
15.9125
14.9776
13.3489
13.7054
13.9776
14.1296
11.7192
13.4922
13.3135
12.2687
14.0113
13.4001
15.4764
13.9776
15.2186
14.3418
14.6424
12.4454
16.2451
14.6962
16.4764
14.5243
14.6781
16.1926
14.8915
13.5737
13.6781
14.0113
14.2585
13.5243
12.389
12.3816
14.3418
14.6962
15.0693
12.7568
12.7664
13.4454
13.2996
14.4001
12.4378
15.142
11.7857
13.4454
13.3561
13.9888
12.7808
14.7712
13.5081
13.4378
13.6513
13.5821
13.5488
12.4882
14.3135
13.5243
13.2451
14.3418
14.8915
14.6781
13.7616
14.625
15.0931
13.6077
12.71
15.8301
15.2721
13.4301
13.1608
14.6077
12.9072
13.7616
16
14.3853
12.6557
13.6077
12.8151
14.4608
13.4378
14.7332
13.4001
13.2318
15.2186
14.3418
15.9556
13.2789
13.3927
15.0458
15.2996
11.7146
14.7905
12.4339
13.3347
14.0575
15.7146
13.3706
13.415
14.8915
14.9776
15.2721
12.5529
15.0458
14.3706
14.4608
13.4686
13.5654
14.2996
12.4226
15.2451
16.5406
13.6337
16.2996
12.4686
13.3927
15.0931
16.0931
13.6601
14.6962
15.0458
16.1926
13.6513
13.3135
11.8351
12.389
14.9339
12.8707
11.8503
16.2996
13.5488
14.9556
13.9666
16.2451
12.5081
14.9556
14.6077
14.4001
12.8351
12.8003
12.389
12.7664
14.1798
11.6403
15.0931
15.2186
15.1174
13.142
13.6871
16.6781
13.6601
14.6781
13.5654
15.142
15.0458
12.7332
13.2585
14.0575
14.4454
14.4001
14.8503
15.8301
13.5162
14.4001
15.0227
15
13.2858
13.2585
13.3205
15.6077
12.5324
15.1671
15.9556
13.5906
16.142
12.7521
14.8301
13.9776
12.5654
12.415
14.8301
13.2789
13.8503
15
12.5991
14.3706
13.8003
11.776
16.0458
15.8707
14.7332
12.6381
11.8301
16.415
14.9556
12.6826
12.4038
12.303
12.3276
15.4454
15.0693
14.9556
16.9125
14.7905
14.4764
14.625
12.6424
13.3927
12.4264
13.4001
16.2996
13.7521
13.6424
12.7954
14.2858
14.4301
13.4301
14.415
15.0693
14.1174
11.7736
14.9125
13.5571
15.0227
12.4226
14.8503
14.6601
14.7905
11.6781
13.2858
13.4075
12.625
14.7332
14.8915
12.6781
15.0931
13.4454
14.7905
14.2318
14.0113
14.2858
11.7833
12.8301
13.5571
11.6691
14.9776
16.0931
14.7146
12.3816
14.415
12.4378
13.2926
15.3853
13.5002
14.8503
15.0227
14.4454
14.6781
15.0931
14.3561
14.0458
15.2186
14.7521
14.6601
13.3634
15.7146
13.6691
14.8102
13.4686
13.4075
15.1926
13.3276
12.7473
12.4301
13.3347
13.2926
15.3276
15.142
14.0113
12.457
12.5202
12.4493
11.7544
13.3779
11.7379
14.7712
14.625
13.4764
14.5906
14.3853
12.3418
14.9776
13.4075
15.1926
14.4764
13.4531
15.0227
14.2186
14.9556
14.2858
14.4301
13.3634
12.5864
15.0458
16.2996
14.9776
15.1671
14.415
13.3135
13.9556
16.1926
14.3276
12.8251
15.2721
14.8301
12.4647
16.0458
13.415
14.2585
14.2996
13.8102
14.9339
14.2721
13.3634
13.3779
13.3347
11.6315
16.1926
12.3525
16.415
12.4804
14.3853
16.7521
13.6691
14.9339
15.0931
15.3561
13.4454
12.612
14.5406
12.8967
14.2996
12.4531
13.4226
14.5081
14.3561
14.9776
14.4764
14.1052
15.1926
15.1671
14.6424
11.7146
12.4608
13.3347
15.1926
14.4764
14.7146
13.3418
13.9339
15.2721
11.7784
13.5906
13.5081
16.2451
14.142
13.5571
14.8301
14.8707
16
13.5406
12.5283
14.8301
11.863
13.3927
16.7521
13.4301
15.2186
14.9556
14.5571
13.4226
11.6624
13.9888
12.5162
15.8301
15.2721
15.9556
12.3311
15.2721
15.0458
15.0693
13.8201
14.6962
14.2186
12.7192
14.2721
12.8915
14.3276
12.7285
14.9556
14
12.6646
14.6601
15.2996
12.3065
13.3135
13.2996
14.6601
11.7077
15.1671
14.8915
14.4922
13.3779
16
14.3418
16.0931
14.5243
13.4301
13.2585
13.3779
11.8176
14.3135
12.7521
13.9776
15.0931
12.6381
12.8503
12.7616
15.0931
13.2186
13.2186
11.8889
13.3065
12.7192
14.8102
14.7332
14.9339
13.5654
14.625
14.3561
14.5737
13.2789
13.2653
12.4038
13.4001
11.8052
13.2858
16.0458
14.3853
14.7521
13.0113
14.7146
11.7262
12.6646
14.7905
12.3561
13.2996
16.2996
16
12.4416
14.7521
14.0342
13.6077
11.9179
13.9339
13.2926
16.3561
15.415
14.7332
14.9776
14.3853
15.1174
15.1671
12.7905
14.0931
14.6601
16.3561
14.9125
13.4608
13.4922
15.142
14.4454
14.7905
12.5122
16.1926
12.8102
12.7521
13.4226
13.3135
16.142
14.3853
13.6077
13.5406
14.8503
12.3927
12.2755
12.8967
12.7521
14.0227
14.0693
13.3634
12.7426
12.9447
13.2996
13.5162
14.2585
13.2518
11.8604
13.4075
13.4531
14.3706
13.5654
13.6077
13.6163
15.1174
14.9339
15
13.3927
14.6601
14.8707
14.0458
14.3853
13.8102
14.5737
13.4764
15.3276
15.2996
13.6513
13.1174
14.142
13.3634
14.7521
12.8707
12.3454
14.6601
14.9125
15.1671
14.0227
14.8503
16.3561
14.6077
14.5243
15.0227
14.3706
12.324
14.9125
14.6601
15.0693
14.9556
15.1174
12.6381
13.5081
13.5406
11.6894
14.2318
12.3779
14.0693
13.1052
12.4038
14.3853
14.5243
14.6601
13.3347
12.6781
14.8301
13.4075
12.6781
14.6077
14.8503
14.9125
15.2186
12.2858
13.3418
14.8915
14.7712
13.2451
14.0693
13.4001
16.2451
14.7521
13.5406
14.0342
13.625
13.4922
13.2653
13.3418
13.3561
15.0693
14.2451
12.8351
13.5243
16.2996
16.4764
15.2186
13.4922
11.7262
12.7568
15.3853
14.1926
13.9556
13.7146
12.8401
13.2926
14.3135
13.3135
12.8503
11.7616
14.6601
15.2451
15.1671
12.3135
15.3276
15.5406
14.4001
14.7712
13.1926
14
13.4686
14.4608
13.4686
14.8503
13.4378
13.5991
14.1798
16.0458
12.4804
12.8503
14.2186
13.4608
14.8915
16.2451
14.2858
15.2451
14.2858
13.4608
14.7146
14.8301
13.415
13.4686
14.7521
13.9447
16.8301
14.3853
12.7192
14.2858
15.2186
13.4301
12.5529
15.1671
13.9776
13.2518
13.4001
16.2996
14.3561
15.0693
14.9339
12.3418
13.5324
14.4001
14.0931
15.4454
13.6337
14.8503
13.4764
13.3418
13.3561
14.5737
13.5991
12.6871
15.2721
14.2186
13.6163
12.8811
14.5571
12.4922
14.2056
12.4531
13.3205
15.4454
14.4922
14.7712
12.8967
11.6381
13.6424
15.9556
14.2451
14.5243
12.415
15.0227
14.2186
13.4686
11.8276
13.4531
13.2789
14.4764
13.2384
12.3964
15.3853
13.902
16.0931
14.9125
14.1671
16.415
13.4075
16.2451
13.9666
11.7905
15.2451
14.9556
14.9125
13.7239
14.4301
13.5821
12.7426
12.7332
14.7712
13.3065
11.7954
14.8915
14.625
12.8102
11.7712
12.8351
12.5002
14.9556
12.3311
12.4493
13.3135
15.0227
12.8553
13.9666
16.8301
14.8503
13.2926
13.2789
13.3205
15.0693
15.5406
14.6781
14.7521
12.9393
13.3634
13.902
16.7521
12.9721
16.2996
15.142
15.0458
15.8301
15.142
14.142
12.7285
14.1545
12.9447
13.4764
14.8301
16
13.3135
13.4764
12.9944
13.3779
13.5406
13.8503
12.8102
12.5081
12.4962
13.3853
15.142
15.3853
15.5406
14.9556
12.8503
14.2451
14.9125
15.1174
14.4301
12.776
15.142
13.6077
13.4531
15.2996
14.6601
13.3347
14.6424
12.4922
12.6962
13.6691
15.0458
16.1926
12.31
13.9888
14.9776
15.0227
14.6781
14.8503
14.625
13.9556
15.8707
16.7521
14.9125
12.3634
14.9339
13.3706
14.9125
14.5243
15.1926
14.4608
15.2186
16.4764
12.3816
14.9776
14.5571
14.625
15.0931
15.2721
15.8301
13.3205
13.5571
13.5821
14.0693
15.9556
15.2451
12.4647
13.8915
13.3634
15.0458
14.4001
11.7736
11.8251
13.3561
11.7146
16.6077
15.142
15.1671
12.9611
12.3634
11.764
13.9125
13.5737
13.3706
13.3276
11.8102
14.1545
16.3561
12.7808
11.7169
12.4378
16.6077
14.7905
14.7712
14.8707
12.3927
12.5283
13.5906
15.1174
13.5821
14.4608
13.3634
14.9556
15.2996
15.2996
13.5081
13.2121
14.5737
12.317
14.4608
14.6601
13.4764
14.2186
13.4764
11.8427
12.5162
14.3135
13.5906
12.3964
12.4075
16.5406
13.017
15.3561
13.3489
12.5365
12.3276
14.1545
13.4531
12.3816
13.9776
13.6601
12.8967
12.9944
15.0227
13.9666
14.5571
14.0113
15.2451
12.5081
16.6077
12.71
14.4454
13.3927
12.7146
12.4113
13.5571
14.3418
15.0458
13.3853
13.4764
12.4264
12.8811
12.7008
16.3561
12.8301
13.3347
15.0227
14.1926
13.5243
14.4608
11.7905
13.4686
13.8503
11.71
14.8915
14.8102
14.5406
14.6424
16.6077
12.6646
14.5571
16.415
15.1671
11.7592
13.7905
12.612
11.7616
12.2858
15.5737
13.4531
14.8707
15
15.1671
13.3561
14.1545
16.415
13.9447
12.8553
13.8003
12.4378
12.4454
13.1052
13.3853
14.3135
14.8102
15.0693
15.0931
13.3706
14.7146
14.2721
12.7664
13.3706
15.0227
13.4001
13.2789
14.2186
14.3418
15.142
12.7379
13.5162
12.2858
13.5002
13.4686
11.7169
12.5162
12.8351
14.1671
12.31
16.4764
12.7712
16
15.1671
14.1545
