2.48159
1.65508
1.64685
2.4735
2.45987
2.46327
2.46631
1.63628
2.47681
1.64865
2.45034
2.48664
2.49084
2.46959
1.63484
2.47632
1.65536
2.48887
1.65425
1.66273
1.64101
2.47705
1.63532
1.64996
2.49208
1.64548
2.46096
1.6441
2.47338
2.47069
1.63368
1.62911
1.64906
2.46084
1.63532
1.66099
1.6483
2.47338
2.46315
1.65508
1.62544
2.48615
2.46594
1.64575
2.45963
2.48578
1.63723
2.46594
1.63388
2.48196
2.48652
2.45552
1.65376
1.64334
1.64892
2.48098
1.64375
1.63559
1.63915
1.64458
1.6573
1.63211
2.47717
1.65286
1.64761
1.64025
1.65626
2.46339
2.49109
2.47754
2.45491
1.62924
1.64844
2.5009
2.48961
1.64568
1.63518
1.66419
1.64025
1.63991
2.46996
1.64355
2.45491
1.64073
2.47534
2.47975
1.64314
1.63915
2.44661
2.46011
2.46959
1.64479
2.48184
1.63648
2.43716
1.64603
1.63874
2.47815
1.62979
2.48221
2.45915
2.49754
1.6194
1.64272
1.65051
2.47963
1.63888
1.64087
2.45769
1.63833
2.46436
2.49245
1.64699
2.49431
2.47815
2.45612
2.46485
2.47791
2.49282
2.49369
2.47607
2.48086
1.63573
1.65681
1.63778
2.46947
2.47118
1.63902
1.65328
2.46582
1.63463
2.46764
2.5074
1.65335
2.46764
2.48012
2.47828
1.64782
1.62795
1.62897
1.65487
2.47252
2.45564
1.64259
1.64582
1.64293
1.64968
1.64975
2.47717
1.64644
2.48973
1.65793
2.49344
1.63723
1.64066
1.63545
1.63334
1.65591
1.65688
2.44457
1.63956
1.63908
2.47914
1.65661
1.65314
2.4757
2.45902
2.48049
2.46764
2.4843
2.47595
2.48455
2.48381
1.63218
1.65141
2.50078
2.49121
2.45648
1.63491
2.44361
1.6492
2.47045
2.46935
2.48332
1.65321
1.63682
1.65688
2.47265
2.48788
2.46825
2.4784
2.49171
1.64899
2.47008
2.47106
2.47693
1.65647
1.66426
1.65369
2.48541
2.49767
1.65196
2.47497
2.46813
2.4501
2.46412
1.63902
2.46667
2.48073
2.47326
2.48455
1.63874
2.46874
1.66978
2.47877
2.4629
1.64692
1.64796
2.46545
1.64637
2.47106
2.45733
2.4859
1.63881
1.64458
1.65189
2.47705
1.63354
1.64561
1.63607
1.65674
1.64499
2.47411
1.64314
2.46181
1.63723
2.4623
1.63902
2.47362
2.46217
2.47289
2.47155
1.65362
1.64389
1.64369
1.64479
1.66252
2.45745
2.50752
1.64713
2.48714
2.46375
1.62816
2.4507
1.64011
2.48615
1.64672
1.65224
1.64217
1.65501
1.64107
2.5014
1.6395
2.47008
2.48073
1.64162
2.4843
2.48147
2.48652
2.44781
1.63723
1.63669
1.64982
1.64039
2.47632
1.6421
2.48775
1.65744
2.47118
2.48566
2.49692
2.47497
2.4927
2.47081
2.47423
2.47534
1.6521
2.47791
1.6557
2.5029
2.49966
2.47607
1.62713
2.47081
1.63641
1.65307
1.63792
1.64554
2.48689
1.65709
2.46424
2.48677
2.48405
1.62802
1.63013
1.64554
2.49816
2.4927
2.4927
1.64899
2.46412
1.64527
1.64279
2.47938
1.62693
2.48837
1.64341
1.63204
2.48196
2.46996
2.44625
2.48442
2.4784
2.49903
2.48086
1.64444
1.63758
2.46606
1.65003
2.47436
2.47216
1.64142
1.63231
2.48258
2.46594
1.63265
2.47399
2.49295
2.46764
2.45673
1.64554
1.63381
2.48418
1.6358
1.64362
1.64996
1.64231
1.63977
1.65335
2.45902
1.6492
2.47914
1.64286
2.49357
1.6472
2.49097
1.6512
1.65793
1.65272
1.62679
1.63409
1.62775
2.47705
2.48135
1.64851
1.64747
1.65017
1.64314
2.46935
2.48442
1.64568
2.49109
2.4501
2.46048
2.45612
2.50489
1.63388
1.64913
2.45504
2.47387
1.65487
1.6304
2.46728
2.45794
1.65279
2.46278
1.63587
1.64101
2.49605
2.46302
2.47864
1.64803
2.48073
1.64362
1.62598
2.48504
1.64004
1.63826
2.4795
1.63867
1.64527
2.46911
1.65681
1.6386
1.6373
2.47069
1.63833
2.45673
2.48615
1.65952
2.46789
2.48689
1.64858
1.63675
2.48738
1.62503
2.48479
1.64245
2.48615
2.47277
2.46169
1.63765
2.48874
2.48529
1.64224
1.6463
2.49468
1.64417
2.48221
1.65162
2.45987
2.46375
2.46789
2.4963
2.48541
1.6386
1.64355
1.63108
1.64554
2.44817
1.64499
2.46764
1.64823
1.65404
2.48356
1.64121
2.48541
1.64941
2.49382
2.47717
1.64472
2.4827
1.62931
2.46704
2.49233
1.63943
2.49742
1.64341
2.48492
1.63183
1.64637
1.62578
2.48332
2.48393
1.63559
1.64644
2.47521
1.64941
2.47803
1.64348
1.65626
1.65003
1.65557
1.63395
2.4606
2.47754
2.47094
2.50502
1.653
1.6358
1.63074
2.46959
1.64204
2.47509
1.63696
1.64527
2.47914
1.66321
1.63922
2.4623
1.64224
2.49072
2.47265
1.6463
1.64245
2.48049
2.48135
2.48998
2.48726
1.65584
1.62503
2.46145
2.47595
1.63545
1.64018
1.64238
2.48319
1.65674
1.62965
1.64437
1.6373
1.62734
1.6501
1.63778
2.50315
1.65238
1.65952
2.50352
2.44134
2.45359
1.65106
2.46862
1.6334
2.44421
2.49456
1.63306
2.48233
1.65897
1.63984
2.49816
1.6332
1.63984
1.64052
1.63696
2.4827
1.65744
2.47301
2.47828
1.63771
2.46764
2.46315
1.63703
1.60654
2.47057
1.64052
1.65404
2.5024
1.63033
2.48405
1.63669
2.47081
1.63491
2.48344
2.46947
2.46813
2.48086
1.63744
1.62286
1.64472
1.63689
1.63758
1.64272
1.6521
2.47436
2.47155
1.64658
2.4513
2.48295
2.4702
2.48553
1.64816
1.63792
1.6421
2.47914
1.64245
2.49245
2.47607
2.46704
2.47289
2.49245
1.64087
2.48603
1.63888
2.48998
2.48553
2.47815
1.64809
2.4583
2.47987
2.49221
1.64761
1.64389
1.64424
1.64823
2.49159
1.6334
1.63998
1.63771
1.65932
2.48553
2.48603
2.47338
1.63943
1.6334
1.64004
1.64245
2.49233
1.65945
1.63717
2.4629
2.46728
1.63211
1.64775
2.46205
2.46631
1.643
2.49791
2.47485
2.45987
2.4724
1.6539
1.64032
1.64265
2.46157
1.63422
2.48615
2.46302
2.47583
1.63047
2.48024
2.464
1.64596
2.4623
1.64872
1.64906
1.63183
2.4927
1.64885
2.48738
1.65827
1.64458
2.48122
2.46801
1.63682
1.64837
2.48319
1.64685
2.47485
1.63751
2.4811
1.65779
1.63457
1.64155
1.6474
1.65141
1.63998
2.46728
2.49121
2.49717
1.63833
2.48061
2.49431
2.47656
2.49717
1.63812
1.64121
2.49419
2.47828
2.47387
2.47277
2.48985
1.64754
2.48012
1.64644
2.48012
1.65737
1.64259
2.47265
1.63867
2.45951
1.64272
2.48393
2.48455
2.44553
1.64872
2.48677
2.46716
2.48874
2.48504
1.65633
2.46923
2.49357
2.4746
1.65058
1.63737
1.65681
2.46655
2.49991
1.64018
1.64713
1.64665
1.6421
1.6289
1.64334
1.64644
2.47595
1.65079
2.48862
2.50177
1.6386
1.64803
2.48924
1.64265
1.64135
1.64948
2.46387
1.66092
2.47803
2.47877
2.45479
2.48541
1.65432
2.44613
2.47338
2.50227
2.47546
2.46813
1.63259
2.47289
1.63245
1.64899
2.46679
1.62476
1.64486
1.64885
1.63758
2.49531
1.64265
1.64279
1.64039
1.6432
2.47815
2.48061
1.63662
1.63778
2.47938
2.4646
1.64492
2.47472
2.48701
1.65945
1.64541
1.65037
1.62795
1.64823
1.63231
1.64183
2.49035
1.64554
1.63854
1.64527
2.49332
2.47118
2.46497
2.47889
1.64458
2.47828
2.456
1.64534
2.46521
1.64032
1.63552
1.63299
1.64341
2.46618
2.47387
2.48467
2.48061
2.47864
2.49295
2.48467
1.65342
1.62911
1.65688
2.46181
1.62863
1.64458
2.48258
2.47057
1.63388
2.47766
2.47375
2.46133
2.47521
2.4735
2.46424
2.45564
2.48098
1.6319
1.64437
2.49047
1.64616
1.63593
1.63334
2.49159
1.64403
2.48356
2.46825
1.63929
2.46898
1.6421
2.49555
1.65591
2.47106
2.44517
1.64541
1.64637
2.45975
1.64548
2.50577
2.48627
2.48295
2.48122
1.63655
1.62666
2.46898
1.63607
2.47595
1.64872
1.64341
1.64851
2.47399
2.47277
2.46375
2.46935
1.62931
1.63566
1.65293
1.64382
1.65266
1.6419
2.48899
1.64121
2.48282
1.64479
2.49966
2.48948
2.46266
1.63778
1.6386
1.64761
1.64059
2.47975
2.48837
2.46813
1.64844
1.64699
2.47265
1.63429
1.63491
1.65522
2.45915
2.46837
2.46704
1.65883
2.45359
2.4724
1.63874
1.63197
1.64568
2.46837
2.48282
1.64616
2.4724
1.65702
1.64066
2.45866
1.66224
1.64865
1.62462
1.64844
2.46837
1.62788
1.643
1.63847
2.48159
1.64665
1.63293
2.45987
1.62856
1.64472
2.47033
1.64554
1.63895
2.49966
2.48862
1.64761
2.49233
2.47411
2.46533
1.63388
2.4702
1.65024
1.63511
2.47779
1.63621
1.64582
1.64348
2.47045
1.64293
2.4713
1.64699
2.48405
2.4735
2.47742
2.4795
2.47693
2.4724
1.63047
1.6564
1.64004
2.48172
2.48788
2.46242
2.50028
2.48172
1.65674
1.62904
1.64369
2.47607
1.63812
2.46448
2.43847
2.45491
2.4757
2.47717
2.48122
1.66008
1.65543
1.64073
1.63068
1.63429
2.47889
2.46424
1.64899
1.62401
2.48529
2.48738
1.65799
2.49332
1.6358
1.63669
1.64699
2.488
2.48936
2.46096
1.64259
2.45709
1.64437
2.48948
1.64018
2.47766
1.636
1.66308
2.49493
2.48553
2.46497
2.48479
1.63477
2.47216
2.4859
2.47265
2.48036
1.6317
2.47106
2.48479
2.47607
2.47595
1.64699
1.63669
2.49196
2.48578
2.46728
1.63484
2.46813
1.63806
2.48233
2.4864
1.64403
1.6332
2.47926
1.65072
2.45806
2.45987
1.6397
1.653
1.62435
2.44781
2.47265
1.64183
1.64011
1.65335
1.6452
1.65848
1.63381
1.65772
1.63902
1.64011
2.46923
2.47595
2.48973
2.45975
1.6564
1.63998
2.46777
1.64844
1.63799
2.4724
1.63799
1.64094
2.47338
1.64362
1.63429
2.46558
2.4827
1.64492
1.64637
2.46972
2.49307
1.63081
1.64046
2.4702
2.49171
1.64025
1.64272
1.63765
1.64424
2.48973
1.63129
2.45951
2.48036
1.65217
1.65446
2.48
1.65342
1.6461
2.47791
1.62816
1.63956
1.66657
2.48172
1.64479
1.64768
1.6452
2.46777
1.64382
1.63511
2.456
2.47277
2.50527
1.65189
2.46837
1.64451
2.49568
2.49022
2.48418
1.6397
1.64706
2.47693
2.48726
2.47252
1.64568
2.47399
2.46266
2.48086
1.65647
2.46923
2.46011
2.44469
2.47423
2.48627
2.47142
1.63771
2.44625
1.64197
1.65155
1.64259
2.47779
2.46133
2.47766
1.64878
1.63812
1.63259
1.63395
1.64492
2.48405
1.62639
2.48172
1.64858
1.63108
1.64279
2.44469
2.46582
2.47754
1.63504
1.64775
1.6463
2.46959
2.48467
1.64506
1.65744
2.48689
2.4713
2.4906
1.64066
2.45455
1.63511
1.66356
1.64355
2.4657
2.46728
1.64018
1.63929
2.48763
1.64217
2.46874
1.65848
1.63115
2.48726
2.49282
2.46716
1.63854
2.46351
2.46984
1.636
2.49729
2.48381
2.47742
2.49518
1.64272
1.65141
1.64073
2.47521
2.47877
2.47889
2.48998
2.45552
2.47313
1.6347
1.6452
2.46691
1.62911
2.51744
2.47106
2.49978
2.47069
2.49258
2.47375
1.64169
1.64637
2.49146
2.47754
1.64128
2.48221
2.47362
2.47045
1.63888
2.45407
2.49431
1.63826
2.48098
1.63874
1.6539
1.63607
2.49816
1.64706
2.46679
1.62802
1.64775
1.64004
1.63696
2.48652
2.49307
1.63922
2.48714
1.62986
1.61778
1.64162
2.46509
1.65058
2.47094
2.49047
2.48862
1.63204
1.65681
1.63122
2.50227
2.47118
2.4724
2.45564
1.6358
1.63395
2.47766
1.65404
1.64554
2.46801
2.4525
1.65897
2.50003
1.63375
2.46935
1.64623
1.64658
1.62761
2.47607
1.64761
1.64046
2.48073
1.6548
2.46096
1.64066
2.49171
2.48874
2.48196
2.44577
2.49084
1.65266
1.64217
1.63429
2.47975
1.64851
1.63299
1.62986
2.48122
1.64699
1.64059
2.48024
2.48887
1.64623
2.47252
1.64465
2.47534
2.4623
1.64699
2.49617
1.64885
2.47926
1.64162
1.63566
1.65127
2.48689
1.63265
1.65744
2.49966
1.62618
2.47975
2.46911
1.64032
1.65834
1.6345
1.6432
2.48887
1.63902
1.63867
2.49829
2.48677
1.64727
1.65425
1.64782
1.63299
2.46339
1.64149
2.47338
1.64982
2.45939
2.49431
1.6503
2.47815
2.44445
2.48714
2.48442
2.46242
1.63908
2.46655
1.62747
1.63943
1.63463
1.64534
2.48504
2.48159
1.636
2.47681
2.48492
2.46728
2.46972
2.47791
1.64259
1.64417
1.6285
2.45166
2.47828
2.4735
2.46472
2.49109
2.47191
2.45939
1.643
2.47534
1.64403
1.63122
1.64417
2.48677
1.65051
2.49258
1.63402
2.49208
1.63806
2.47252
1.63771
1.63375
2.47191
2.48985
2.47472
1.65196
2.50065
1.63129
1.64479
2.46984
1.62489
2.50152
2.46278
1.63224
2.49344
1.63518
1.63409
2.47277
1.63908
1.65674
1.6441
2.47497
2.46874
1.6441
1.6408
1.63648
2.48024
1.651
2.45818
2.48874
1.65169
2.47705
2.46777
2.49035
2.47033
2.49655
1.63929
2.46716
1.6345
1.63744
1.64554
2.46363
1.63395
2.47693
2.48899
1.64658
2.45769
2.47033
2.47301
1.63443
2.49444
1.63648
1.6408
1.64327
1.64059
2.49928
2.49419
1.63231
1.62795
2.47521
2.48677
1.6432
2.47252
1.64844
1.62049
2.4674
2.46801
2.46448
1.636
2.45588
2.46594
2.46157
2.46679
2.47179
1.65141
1.66643
1.6345
1.6441
2.47008
2.45576
2.48036
2.48874
1.63443
2.48381
1.64032
1.64568
2.48061
1.6408
2.48245
1.66001
1.61886
2.4554
1.64934
1.63361
1.62489
1.64747
2.48184
2.47228
1.64032
2.46582
2.46339
1.64135
2.46242
1.63744
1.636
2.48504
1.63136
2.48122
1.65543
1.66294
2.47705
1.64499
1.62605
1.66482
1.63559
1.64906
2.49022
1.65203
2.46351
2.4583
2.47191
1.63936
2.48
2.47595
1.63443
1.64499
2.45721
2.45975
1.65037
1.64982
1.6345
2.46594
2.46363
1.65162
1.64314
2.48332
2.48455
2.46545
1.63758
2.50028
2.48529
2.49258
1.62625
2.48122
1.66231
2.48405
2.45999
1.64417
1.64713
1.63675
2.43657
2.49506
1.63792
2.47326
2.47914
2.48726
2.50227
2.47118
1.63902
2.47057
1.63443
1.62938
2.44613
1.62904
2.50252
2.47534
2.48479
1.64575
2.47534
1.65051
1.64713
2.47975
1.65376
1.63525
2.46242
1.64149
1.6408
1.64878
2.48233
1.63806
2.47094
1.64369
1.64334
1.63826
2.49134
2.47852
2.48442
1.64913
1.64486
2.49891
2.47191
1.64176
1.6441
2.46363
1.65307
2.48073
2.47558
2.49121
1.63402
1.65134
1.63334
1.63511
2.47179
2.4674
1.64369
1.63402
2.47436
2.48012
1.64142
2.46096
1.64142
1.63552
1.64424
2.4657
1.65106
2.46582
1.6461
2.47815
2.46655
2.47717
1.64169
2.47179
1.6432
1.6304
1.62055
2.49295
2.50915
2.47742
2.48356
1.64094
2.49543
2.47411
1.65876
1.65189
2.50414
1.64417
2.47681
1.64823
1.63525
2.49307
2.47338
1.64341
2.46424
2.44505
2.46947
1.64011
2.47644
1.62313
1.63963
2.4646
1.64699
1.63443
2.45552
1.65716
1.64011
2.48233
2.45927
1.6419
2.44985
2.45963
1.64527
1.63204
2.49667
1.62571
2.49208
1.65238
2.5004
2.47106
2.47803
1.64878
2.47362
1.63238
2.47338
1.63799
1.64954
2.49468
2.50552
1.65911
1.63183
2.49307
1.63641
1.63347
2.46911
2.46133
2.4612
1.63525
1.64651
2.47362
1.63027
1.65196
2.48911
2.46448
2.47228
1.63388
1.63847
2.49978
2.48086
2.48073
2.47681
1.64403
1.6345
1.64176
1.63279
2.49928
1.66517
1.63799
1.64761
2.49171
2.46217
2.48393
2.4525
1.64417
1.64052
2.48135
2.47485
2.49295
1.63703
2.49084
2.47387
2.48418
1.65065
1.6408
2.45915
1.64816
1.64768
1.63669
2.47644
1.6397
1.64101
2.48245
2.47681
2.47094
2.47216
1.6255
1.64548
2.48936
1.62924
1.65217
1.64644
1.64548
1.6419
2.4906
2.48504
2.46618
2.47069
1.65238
2.49891
1.64479
2.47216
1.64727
1.6461
2.48911
2.47216
1.6347
2.4757
2.47265
2.48221
2.47118
1.64596
1.62557
1.66036
2.47742
1.65272
1.63943
1.64927
1.65113
2.46521
1.63354
2.47877
1.64941
1.64899
1.64486
1.63429
1.65911
1.64272
2.45963
1.65584
1.63778
2.48442
2.46448
2.47742
1.63819
1.63422
1.65183
1.66043
2.48973
2.46789
1.6512
2.48196
2.45854
2.46145
2.48036
2.47987
1.62972
1.63819
2.46363
1.63991
1.63812
1.64596
1.65466
2.48098
1.65293
2.5014
2.48012
2.47791
1.65619
2.4773
2.47472
2.45806
2.4827
2.46448
1.65328
2.46631
1.64775
2.43657
1.63559
1.64018
1.63956
2.48393
1.63785
2.47534
2.46048
1.6421
1.63491
2.46898
1.63819
1.6397
1.64906
1.63525
2.47203
2.48208
2.46813
2.49841
2.46825
2.4795
2.47277
1.63539
2.47362
2.45323
2.47681
1.6397
1.64623
2.45769
1.64506
2.47265
2.47228
2.45661
2.47938
2.46217
2.48172
2.46923
1.64094
2.44601
2.49258
1.66064
2.45311
1.64554
2.4724
2.47877
2.47901
1.64816
2.47877
2.45697
1.63977
1.65051
1.66119
1.6332
1.62646
2.4735
1.64259
2.48862
1.64899
2.48553
1.64217
2.51053
2.47142
1.6397
2.48
1.6452
2.4968
1.65494
1.65024
2.4507
2.4757
1.63429
1.63231
2.46108
1.63634
1.64259
1.65439
1.65162
1.63689
1.62931
2.48356
2.47975
1.64087
1.63033
2.4811
1.64382
2.49456
2.49655
1.63491
1.64713
1.64472
2.45528
2.48393
1.64678
1.64961
2.5084
1.65024
2.488
1.64121
1.63409
2.46436
2.46825
2.48849
1.66915
1.65321
1.63737
1.63573
2.48961
1.64637
1.6564
1.65224
2.47742
1.65584
1.64878
1.64816
2.48911
2.48985
1.64424
1.64424
1.63607
1.64906
1.64844
2.47693
2.47975
1.64032
2.4864
1.64348
1.64204
1.63422
2.46157
1.6441
1.63765
1.62741
2.48073
1.62469
1.64948
2.47656
1.63744
2.49841
1.64066
2.46315
2.48479
1.64437
2.4724
1.63806
1.63504
2.464
1.65238
1.6384
1.62952
2.48196
1.64101
2.47008
1.63218
1.64327
2.50103
2.49146
2.48381
2.48368
2.49568
1.64582
2.47472
2.48208
2.46339
1.64011
2.47277
2.47901
2.48578
1.6317
2.4864
1.63819
2.47963
1.63347
2.47008
1.65425
2.48516
2.45733
2.48098
2.49642
1.64252
1.63429
1.6304
1.64231
1.62171
1.64059
1.62503
1.64678
1.63634
2.46036
2.47521
2.46521
2.49891
2.50252
1.64954
2.48356
2.47277
2.4811
1.63922
2.48788
2.47987
2.4795
2.46631
2.45238
2.48196
2.47436
2.46984
1.63655
2.45661
2.47583
1.64245
1.65563
2.4702
2.46375
1.63956
1.63765
2.45685
2.4735
2.48516
2.47045
2.49493
1.64437
2.4784
2.47228
1.65044
2.4843
2.47375
2.45359
2.44661
1.65508
1.6386
1.64651
2.47008
1.64348
2.48233
2.46874
1.64706
2.48049
2.49357
1.63573
2.46145
2.45878
1.62924
2.46424
2.46716
1.6472
1.65093
2.49369
1.64651
1.62408
2.4746
2.46606
1.64286
1.63416
1.6332
1.65259
2.46704
2.48295
1.63224
2.45745
1.64369
2.47142
2.47791
1.64046
1.62306
2.46133
2.46363
2.49245
2.47779
1.6432
1.64568
1.63922
1.64032
1.6443
2.49344
2.48541
1.63792
2.45709
2.49035
1.65065
2.48393
2.48086
1.6472
2.4901
2.49593
2.47681
1.63662
1.6347
1.64623
2.47742
2.48936
2.46631
2.46911
1.62788
2.46558
1.63518
1.63943
2.46072
1.63033
1.62822
1.65217
2.47338
2.48627
1.63614
1.64892
1.64155
2.50315
1.63881
1.63436
2.48196
1.65189
2.47656
1.63204
1.6397
2.49307
2.5009
2.47008
1.64754
