1.63902
2.49779
1.63491
2.48862
1.64803
2.46558
2.5029
2.47399
2.46764
1.64927
2.48566
2.48418
2.48751
2.48024
1.64259
1.64513
2.45745
1.65758
1.64789
2.46825
1.64176
2.46011
1.64362
2.49829
1.62897
1.63655
1.64603
1.65439
2.46375
1.64162
2.47289
2.47705
1.65106
2.47656
1.63963
2.47509
1.65189
1.6289
2.45274
1.64066
2.48492
2.48775
2.47289
2.47313
1.62482
2.46205
2.4702
2.48073
2.49431
2.47375
2.46302
1.63491
2.49667
2.46618
2.47289
2.46169
1.65612
2.45745
2.50439
1.64293
2.47583
1.63799
1.63922
1.63108
2.46133
1.63936
2.49791
2.49431
2.4773
1.64706
2.49506
2.47094
1.64327
1.64561
1.63409
2.49332
2.45491
1.64451
2.45323
1.65515
2.46558
1.65432
1.64128
2.46631
1.6319
2.4724
2.46084
1.65681
1.6386
2.47033
2.47362
2.47644
2.47301
1.63778
2.46631
1.63998
2.48998
1.63998
2.46947
1.63511
1.63826
1.65176
1.63634
2.47717
1.63621
1.63977
2.47155
2.4411
1.62972
2.46911
1.63559
2.47558
2.48319
2.51216
2.50028
1.64796
1.65203
2.47289
2.46911
2.49022
2.47301
2.47436
2.47277
2.46801
2.48356
2.48086
2.47938
1.64837
1.65155
1.65148
1.6285
2.47656
2.47191
1.64334
1.65543
1.62924
1.6555
2.47228
1.64747
1.64878
2.46024
1.6463
1.6386
1.6373
1.65286
2.47852
1.64142
2.48332
1.63436
2.47681
2.47155
1.65093
1.63902
1.63963
1.63888
1.63013
2.49617
2.48332
2.49431
1.62605
2.47265
1.65418
1.63402
2.47926
2.47216
1.63771
1.6345
2.47803
2.49394
1.63765
2.48135
1.64107
2.46996
1.64851
1.64913
2.48603
2.48973
1.64685
2.4746
1.63552
2.48184
1.64568
2.47693
1.62863
2.48689
1.64217
1.63081
1.63874
1.65113
1.62598
1.64582
2.46935
1.63771
1.63723
1.65772
1.64066
1.63634
1.64101
2.47656
2.4702
2.46084
1.6358
1.64341
2.47546
2.47546
1.63607
2.48344
2.47558
1.64809
2.46412
2.48135
2.47326
2.50514
1.64369
1.63443
1.65862
2.47191
2.4513
1.64389
2.48221
2.4901
1.63936
1.64224
2.46302
2.48405
2.48775
1.64561
2.48837
1.64286
1.64899
2.48073
2.4623
2.49717
2.47301
1.64665
2.48381
2.4827
1.65314
1.63956
1.64575
2.49642
2.47497
2.49121
1.65321
2.47472
1.64906
2.48529
1.64472
2.48442
1.64775
2.49109
2.45648
1.63347
2.47963
1.66259
1.6512
1.63013
2.48356
1.64128
2.49866
2.45298
1.64424
2.46327
1.64286
2.488
1.62693
1.64658
1.64011
1.6397
1.64458
1.64375
1.63737
2.48948
1.64424
1.65196
2.45975
2.48344
1.65799
1.63717
1.63874
1.63723
2.48036
1.63703
1.62829
1.65536
2.46898
2.45262
2.47975
2.46923
2.45757
2.48924
1.61866
1.64272
2.46036
2.46448
1.65162
1.65744
2.47852
1.64699
2.4589
2.48998
2.48924
1.64575
2.48319
1.63027
2.46813
1.63929
2.47938
2.45178
1.63395
1.63922
1.64699
2.47681
1.63238
1.64417
1.6432
2.45407
2.4674
2.47864
1.64672
1.63552
2.47362
2.50752
2.48221
1.6384
2.47008
2.49456
2.49829
2.47362
1.651
2.46667
2.488
2.47485
1.64066
1.65106
2.46911
1.6483
1.64107
2.47889
1.63238
1.6474
1.64782
2.46813
2.49481
2.48332
2.46533
1.62625
2.4795
2.46497
2.47987
2.47595
2.48159
2.52186
1.64492
1.63785
2.4724
2.4674
2.47069
2.48516
1.64706
1.6443
2.45781
1.64183
1.63675
2.45781
1.62877
2.45479
1.63095
1.63587
2.47742
2.48541
1.64369
1.6564
2.4589
1.64025
2.48135
2.47008
2.47521
2.48036
2.47938
2.46618
1.64259
2.49344
2.45842
1.64637
2.48504
2.4963
2.48677
1.65252
2.46011
1.64011
2.46157
2.46302
1.63443
2.46996
1.66922
2.47301
1.62673
1.63867
2.47094
1.63245
1.64183
1.63525
1.63539
2.45238
2.47815
1.65758
1.64128
1.63327
1.64052
2.45673
2.48159
1.65272
2.45661
1.62931
1.64541
2.47815
1.64039
1.63587
1.6474
2.47803
1.63628
1.6373
1.64596
2.46606
1.6539
2.49767
2.45818
2.45999
2.48036
2.45915
1.64858
2.47521
1.61663
1.6432
1.64183
2.46048
2.48172
1.65522
1.64492
1.6332
1.63998
1.64534
1.64066
2.46777
2.46911
2.50327
1.64052
1.63498
2.47558
2.45769
1.64692
1.65113
1.65612
2.48788
2.47167
1.63395
2.45975
1.65134
1.64534
1.65557
2.43764
1.62938
1.63122
1.64678
2.4784
2.45794
2.47864
2.45866
1.63689
2.48603
1.64149
2.51367
1.64252
2.47252
2.48024
2.46497
2.50639
1.64052
2.48196
2.456
1.64761
2.47607
2.47472
1.64685
1.65086
1.65515
1.64616
1.64293
1.6605
1.64094
1.6443
2.48862
1.64699
2.46679
1.65973
1.65439
1.64954
1.6443
1.65834
1.6564
1.65086
1.63587
2.45999
2.48751
1.65466
2.47228
1.6483
1.64169
2.49208
1.64927
1.63279
1.6373
1.63368
2.46886
1.64541
1.64121
1.65189
1.62646
2.46582
2.46972
1.65848
1.65349
2.464
1.63491
2.47914
2.45927
1.64878
1.63054
1.651
1.64734
1.64948
2.48245
1.63347
2.48233
2.46667
1.62347
1.65695
1.63252
2.47828
1.64727
1.64472
1.6419
2.5074
1.65252
1.62768
2.47387
1.65217
1.63204
1.64451
1.63758
2.4784
2.47914
1.66085
1.64692
2.47155
1.6373
1.65529
1.64437
1.65224
1.63484
1.64782
1.63238
2.46436
1.63812
1.64582
1.65577
2.5104
2.48961
1.64809
2.49667
1.65654
1.64259
1.63491
1.65994
1.64369
1.62884
2.47252
1.63061
2.48245
1.65017
1.66071
2.47558
1.64685
2.49134
1.64142
1.63354
2.48319
2.47619
1.64128
2.48701
2.47644
1.63826
1.63395
1.6463
1.66022
2.47033
2.46278
1.64596
1.6373
1.63347
2.48258
2.46278
2.47313
1.63532
2.48086
1.64623
1.64865
1.65459
2.47313
2.48924
1.63881
1.64541
1.6472
2.46935
1.64734
1.64307
2.48751
2.46679
2.47118
2.48541
1.64314
2.48024
1.62877
2.48529
2.46582
2.47191
1.65065
1.64032
2.44026
1.62999
1.62822
1.63299
2.4674
2.46193
1.63552
2.44649
1.6557
1.62754
2.49146
2.48282
2.47668
1.6304
1.64052
1.64692
2.48738
1.64665
2.4746
2.47436
2.47509
1.63765
2.48172
2.47436
2.48233
1.65453
1.64589
2.48184
1.63279
2.48948
2.48122
2.48122
1.64066
1.63915
1.64025
2.47094
2.47216
2.44793
2.47754
2.5014
2.48368
1.65134
2.46108
1.63943
2.48295
1.63102
1.63088
2.47889
1.63778
2.4773
1.64534
1.6408
1.63655
1.64334
1.64224
1.64837
2.48529
2.46984
1.64934
2.47963
1.62347
2.47693
2.46448
1.64534
1.63102
1.65557
2.51442
2.4713
2.46984
1.64279
2.47864
2.45564
2.4963
1.63908
2.48911
2.47228
1.62646
2.48726
2.4685
1.63628
1.63593
1.63491
2.46582
2.48036
1.64892
1.63409
1.64369
1.63847
2.45286
1.64561
2.48726
2.48442
2.42777
2.47362
2.48455
2.47008
1.65079
2.46898
1.65286
1.66119
2.4859
2.48307
1.65141
1.63758
1.64816
2.49891
1.61907
1.64651
1.61367
2.47436
2.49307
1.63204
2.47191
2.46533
2.49357
1.64259
1.6345
1.64678
1.63231
1.64727
1.63812
1.64941
2.4795
2.43074
1.65904
2.47595
2.47595
2.47338
1.64348
2.49431
1.63265
1.64658
1.63279
2.47534
1.64486
2.46898
2.48049
2.47362
2.47754
1.63197
2.46825
2.47656
2.46837
1.63737
1.63539
1.62496
1.6521
1.64996
1.65744
2.49406
1.65024
1.63422
2.49382
1.651
1.65279
2.47852
2.48368
1.64865
1.63963
2.46898
1.65862
1.62421
2.49344
1.64341
2.47216
1.64554
2.45311
1.64417
2.4685
2.45335
2.4657
2.48282
1.6251
1.66182
1.64183
2.49605
1.65079
2.49282
1.63614
1.63102
2.48036
2.47742
1.65598
2.4784
1.6539
1.6332
2.48258
2.47668
2.47656
2.48098
2.49258
2.48455
2.46789
2.47583
1.63122
1.65737
1.6564
1.63751
1.64279
1.63532
2.46024
1.64465
2.47914
1.64204
1.63115
2.50664
2.49196
1.65841
2.48825
1.63279
1.62564
1.63293
2.46837
2.48147
2.47558
2.47203
1.65848
2.48578
2.49072
1.64004
1.65584
1.64492
2.47387
2.49134
1.64224
1.63669
2.4713
1.636
1.65411
2.5069
2.44817
1.65113
2.48615
1.63013
1.6358
1.64534
2.47914
2.47546
2.45479
2.46497
2.48578
1.64348
1.63293
2.47033
2.44925
2.46424
1.63265
1.64087
2.46339
2.47301
1.64286
2.47963
1.64039
2.46874
1.64768
2.47411
2.47877
1.62564
1.63744
1.64506
2.47901
2.45274
2.48282
1.64506
2.4746
2.48467
2.47277
1.65397
1.62428
1.64403
1.63812
2.45648
1.64486
2.47338
1.63252
2.48332
1.63457
2.45178
1.64293
1.65723
2.47828
2.46643
2.47705
2.49481
2.47313
2.4843
1.62884
2.45951
2.48553
2.49903
1.63819
1.65487
2.46631
1.63991
1.64073
2.49742
2.4646
1.64837
2.47803
1.64059
1.6441
1.64513
1.63751
1.65079
2.46813
1.63888
1.65779
2.47754
1.64066
1.64375
1.63361
2.43979
1.63812
1.64534
1.63095
1.62993
1.64603
1.64665
1.63634
1.66119
1.63231
2.48738
1.63819
1.64046
2.48159
2.48467
2.46655
1.63143
2.46947
2.46972
2.46862
2.48147
1.63682
2.50577
2.46886
2.48344
1.64968
1.64135
1.64375
2.48344
2.46582
2.48924
1.64747
2.44325
1.62564
1.65079
2.48714
2.47387
1.63149
1.63867
1.65723
2.47509
1.6637
2.48418
2.47742
2.47583
2.46679
1.64665
2.48381
2.49233
2.47203
2.47815
1.65003
2.49295
1.64927
2.48282
2.46278
1.64934
1.6358
2.4843
1.64011
2.47179
1.6373
2.45504
1.64259
1.65148
1.6441
1.64142
2.46752
1.65522
2.47742
2.48726
2.47485
2.47619
2.49779
1.63819
1.64796
1.64245
1.63074
1.64858
2.45999
1.63991
2.46533
1.66377
1.63765
2.45685
1.63936
1.65224
1.63662
2.48012
1.64252
1.63334
1.63265
2.46024
1.6395
1.66022
1.64094
1.63607
2.47632
2.50815
2.49444
2.48603
2.47423
2.46351
2.46363
1.65217
1.63847
2.49829
1.63361
1.63956
1.63785
2.47216
2.49196
2.46996
1.65134
2.46886
1.62265
2.46959
1.61677
1.65786
1.64761
2.48073
1.64872
2.47313
1.63136
1.64238
2.47534
2.47656
1.64101
1.65127
1.65432
1.64155
2.48874
2.50589
1.64066
2.48985
1.63177
2.48344
1.63956
1.64417
1.65106
2.49134
1.64948
2.47277
2.47681
2.46679
1.6371
2.46911
2.51316
2.46339
2.45467
1.63867
1.64803
1.61771
1.66999
2.464
1.66217
1.62001
2.45491
2.49022
2.48295
1.65591
2.48566
2.48393
2.47926
2.48936
2.49605
2.47252
2.47901
2.47375
2.47632
2.46351
2.47742
1.63375
2.47901
1.62218
2.45878
1.64575
1.64169
1.65203
1.64768
1.63477
2.48405
2.4859
1.64961
2.44302
2.49829
1.64706
2.44625
2.47779
2.47289
1.62999
2.49035
1.65272
2.46278
1.63347
2.4773
2.47472
1.64796
2.49854
2.47216
2.48368
1.64858
1.65307
1.63833
1.64059
1.64927
1.65093
1.6548
2.45818
1.64307
1.63696
2.43835
1.64094
1.62299
1.64989
1.62557
1.65155
1.6512
1.64101
1.6539
1.63908
2.4724
2.4501
2.46387
1.65328
1.64417
1.64796
2.48467
1.66085
1.65626
1.63689
1.63984
2.48467
2.46205
2.48553
1.63854
1.64665
2.4606
1.64499
2.46436
2.45311
1.65044
1.63102
2.47717
1.64851
1.64204
1.6443
2.46862
1.6503
2.4629
1.65335
2.48455
1.64149
2.5109
1.64341
1.64128
2.47106
1.63539
1.64107
2.47252
2.46315
1.63833
1.62008
1.64913
1.6232
1.64334
1.64747
1.64355
2.48862
2.47852
1.64727
2.49941
2.464
2.46752
2.49866
1.64527
1.63881
2.46412
1.65266
1.64948
2.5004
2.49518
2.48973
1.64307
1.63204
2.4773
1.64375
2.49468
1.63854
2.4811
1.66217
1.65383
2.49369
2.49518
2.46643
2.42837
2.48418
1.65342
1.63956
2.46048
2.48098
2.48
2.47423
2.4713
1.65501
1.65425
2.48566
2.4795
2.45467
1.63095
2.46618
2.47265
2.48948
2.46618
2.44349
1.63751
1.65883
1.62884
1.63388
2.48738
1.63375
2.45347
2.46278
1.62959
1.6386
1.6501
1.627
2.47607
2.47436
2.47033
1.65259
2.47509
2.50514
1.64046
2.50352
2.4646
1.65238
2.47717
1.64087
2.45842
2.46072
1.64272
1.65647
1.65252
1.64685
2.47313
2.47265
2.49506
1.63552
2.43406
2.47313
1.64651
1.63675
1.64685
2.46862
1.65266
1.65321
1.6371
1.63299
2.46886
1.63867
1.64272
2.46935
1.64685
2.49134
1.63265
1.64658
2.46716
1.64513
1.6443
2.47277
2.47852
1.63573
1.63634
1.64101
1.63621
2.4784
2.46606
2.50128
2.4827
2.48036
2.47301
2.49431
2.464
2.48479
2.44853
1.64699
1.64948
2.50115
1.64224
1.64307
1.63669
2.47607
1.65307
1.65127
2.49295
1.6317
1.65189
1.62911
2.48221
1.64073
1.64878
2.46911
2.48788
2.488
2.48726
1.63662
1.63463
2.46984
2.47632
2.46339
1.6461
2.48887
2.48073
2.49208
2.45757
2.46923
1.65044
2.5009
2.48664
1.64128
1.64162
2.46339
1.65086
2.47632
2.47877
1.6371
2.47742
1.62516
1.65459
2.49617
2.4773
2.46643
1.63559
1.65688
2.48973
2.47118
2.45407
1.6384
1.64885
2.4629
1.64073
2.47411
2.46923
1.63908
2.49866
1.63245
2.44865
1.64541
2.48455
1.64183
1.64727
1.64375
1.64293
1.64865
1.65501
2.48788
2.45491
2.4629
2.48418
1.65238
1.64706
2.48775
2.49568
1.63881
1.63771
2.47472
2.4702
2.49903
1.63361
1.64761
2.46911
2.45516
2.45022
2.47828
2.44074
1.65376
2.46558
2.46691
2.4811
1.64149
1.64699
1.64747
2.49109
2.47791
1.64837
2.48664
2.46801
2.48775
2.4843
2.48282
1.6539
1.6441
2.45939
2.46691
2.48566
1.64101
2.47448
2.49468
1.63532
2.48924
1.65086
1.64623
1.62211
2.48184
1.64534
1.62931
1.62367
1.63943
1.62225
2.4901
2.48049
1.64637
1.64183
2.48393
2.48677
1.65404
2.48344
1.64789
2.51883
2.48516
2.48282
1.6443
1.64286
2.48208
2.47717
2.48012
1.64768
1.63984
1.63293
2.48652
1.62856
2.4724
2.48024
2.46911
2.47619
2.47742
2.48479
2.4589
2.49072
1.64603
1.65876
2.48862
1.64713
2.46024
2.4623
1.63607
1.63922
2.47803
1.64816
2.45987
2.48985
2.48825
1.66112
2.51065
1.62972
1.64224
2.45975
1.63484
1.6371
1.63156
1.65321
1.6395
2.4657
2.46691
1.62802
1.64348
1.64417
1.63422
2.48627
1.65702
1.65162
2.46996
2.47142
2.46302
2.44577
1.65017
2.46935
2.48566
1.64094
2.45455
1.63573
2.46691
1.63511
2.47301
2.4623
1.64851
2.49121
2.45214
2.47534
1.62993
1.63088
1.63915
2.46984
2.45371
2.48405
2.48086
1.63013
2.46302
1.64913
2.47301
2.48208
2.47289
1.64121
1.65189
2.44733
1.63696
2.48
2.48172
2.46485
1.65266
1.63703
2.45504
2.46485
2.48887
2.47033
2.46266
1.65661
2.4901
2.45866
1.6539
2.46947
1.65536
1.65058
1.63703
2.47277
1.64327
2.48073
1.63847
1.64927
2.50564
2.48418
2.48961
1.64851
1.6564
2.48504
2.50489
1.65183
2.48936
2.48393
2.4811
1.64362
2.49729
1.64844
1.63874
2.49866
2.4674
1.65529
1.62496
1.63669
1.63778
1.63587
1.64782
2.47228
1.66461
1.62564
1.62904
1.62605
1.65453
1.6317
1.63136
1.63908
2.46764
2.48418
2.47987
1.63703
2.48948
2.47619
2.47497
2.46436
1.63559
1.66273
2.48998
2.47265
2.49928
1.65661
1.6501
2.47779
2.48479
1.64369
1.63874
2.46315
1.63539
1.62904
2.4864
2.45286
1.63429
1.65501
2.44098
2.48578
1.64816
1.64217
2.45395
2.47485
2.50053
1.64706
2.49568
1.64989
2.47595
2.48467
2.48837
1.64582
1.62564
1.64011
2.48775
1.64327
2.47914
2.48887
2.4773
2.48455
1.64761
2.45166
2.4963
1.64279
1.64025
2.48024
2.49022
1.62734
1.63744
2.47472
1.64479
2.47216
2.47326
2.46521
2.49605
2.48307
1.66175
1.63819
1.65432
2.49344
1.65466
2.47987
1.62924
2.48603
2.49109
2.46764
1.64265
1.63081
1.64761
1.63648
2.47815
2.4811
2.47717
1.65155
2.49767
2.4932
1.66036
1.64492
2.47008
2.48874
1.6304
2.48516
2.49568
2.47583
1.64479
1.64906
1.63327
2.48911
1.65266
1.64479
1.65356
1.63682
1.64768
2.46242
2.47828
2.46133
1.6345
2.44961
1.63286
1.64018
1.64685
1.64789
2.46339
2.47656
1.64396
1.63552
1.62482
1.63429
1.62686
1.6397
2.47399
2.47057
2.49531
2.48036
1.65279
2.4646
1.64437
1.64231
1.64217
2.47277
1.63539
2.47326
2.47313
1.65148
2.48135
1.65051
2.47436
2.48122
2.48516
1.65155
1.64961
2.51065
2.47852
1.63149
2.46436
2.45745
2.47656
2.46327
2.47203
2.4724
2.46874
1.62272
2.48172
2.47656
2.48368
1.63409
1.65432
2.46764
2.47509
2.50452
2.4968
1.63696
1.63429
2.49307
1.64975
1.63895
1.63682
2.48961
2.48208
2.47742
1.65224
2.4674
2.47852
2.45999
1.64162
2.45818
1.63641
2.44014
1.64554
1.66608
1.6192
2.44985
1.63477
2.46837
2.49754
1.64499
1.62843
1.62802
1.63819
2.45082
2.47203
1.62918
1.63102
2.47045
2.46679
2.46837
2.47008
1.63758
2.46339
1.63655
2.47705
1.65003
2.47558
1.64094
2.48122
2.46679
1.62727
2.4685
2.46205
2.50477
2.48344
1.66517
2.47546
2.47766
2.46205
1.64403
1.6441
1.63122
2.48393
2.46825
1.63061
1.63156
2.49555
1.65307
1.64465
2.46728
2.48122
1.64499
1.62652
1.63669
2.49605
1.63573
2.4612
1.63457
2.4685
1.64479
1.64162
2.49941
2.46594
2.47423
2.48073
2.47607
1.63539
2.47693
2.45094
1.64162
2.48159
1.65141
2.47509
1.64155
1.6345
1.62938
1.64851
2.4859
1.63771
2.48221
2.50915
2.48245
2.49444
1.63115
1.63655
2.48049
2.48049
1.63991
2.47791
2.44505
1.64616
2.46996
2.48393
2.47607
1.65813
2.48393
1.64094
1.64162
1.63744
2.47644
1.63696
2.49134
2.47203
1.63074
2.47094
2.49171
2.4702
1.64011
1.64685
1.65925
2.45636
2.4702
1.64754
2.47338
2.49481
2.47338
1.63628
1.64885
1.64658
1.64899
1.64355
1.64101
1.63566
2.47436
1.64162
1.63806
1.65189
1.63368
2.4713
1.63231
2.46133
2.48159
1.65918
1.64727
2.4713
2.48344
1.62659
2.46996
1.65003
2.48788
1.6304
2.47546
1.64245
2.48245
2.464
1.63881
1.64307
1.62591
1.65925
1.65383
2.45854
2.48726
2.4623
2.4713
1.64713
2.46886
1.65536
1.65093
1.6548
2.50802
2.47509
2.45757
2.4606
1.63163
2.46886
1.63929
1.62496
1.63977
1.64789
2.51543
1.64796
2.46412
1.64293
2.47717
2.46801
2.46618
1.64486
2.46145
1.64941
1.62564
1.63122
1.64844
1.63833
2.47008
1.63149
2.48775
2.47289
2.47485
2.51291
1.64355
1.62177
2.48012
1.643
2.46959
2.4901
2.45274
2.49196
2.47155
2.4757
1.62965
2.46801
1.65183
1.65058
2.49382
1.6386
2.48701
1.65003
1.6397
1.63792
1.62945
1.63751
2.49717
2.47094
2.45902
2.47497
2.464
1.63936
2.48073
1.64768
2.45842
1.63854
1.65252
1.64596
1.63224
2.47338
2.50015
2.47423
2.47632
1.64265
2.48504
1.64046
1.63395
1.63088
1.64513
2.49047
2.48788
2.456
1.6395
2.48529
1.63991
1.63977
2.48541
2.46972
2.46424
1.64025
2.47534
2.44158
1.65155
2.4525
2.48405
1.65155
2.43311
2.46825
2.49171
2.47289
1.63416
2.48664
1.64685
1.63991
1.62979
2.46935
2.47938
1.64286
1.64589
2.46096
2.49109
2.47399
1.62843
2.47828
2.47252
1.64486
1.64004
