3.42045
2.80771
2.86927
2.68033
3.2312
2.77932
2.89197
3.25265
2.67455
3.25391
3.16434
2.81079
3.15608
2.86093
2.80494
2.69836
2.68825
2.79834
3.12176
3.24992
2.66978
2.78918
2.77524
2.6768
2.67737
2.78523
2.68019
3.13756
3.14182
3.40381
3.14981
3.2598
3.42399
3.28254
3.22769
2.88658
3.4148
3.13562
2.87168
3.14825
2.87265
3.41035
2.86509
2.65904
2.76938
2.86846
3.43371
2.69636
2.88187
2.69052
2.69465
3.38207
3.43299
3.44637
2.68005
2.71445
3.40941
2.68485
2.80555
3.43109
2.79055
2.8014
2.67652
2.67638
3.41293
2.87233
2.66587
2.77359
3.15765
2.70251
2.85869
2.66824
2.77103
3.42163
2.67189
3.12809
2.68655
3.16375
2.80586
2.77524
3.16119
3.25244
2.87572
2.68542
3.39661
3.15824
2.6799
2.68598
3.24303
3.43728
2.78902
2.68882
3.14728
3.41833
2.68939
3.43347
3.26381
3.44805
3.43038
2.65224
3.2209
3.44062
2.6823
2.86686
2.7939
2.68528
2.86846
3.14144
2.78796
2.7766
2.79055
3.42422
2.8712
2.78174
2.78994
2.87992
3.38805
2.68019
2.79528
2.68854
3.25917
2.66029
3.38299
2.66964
2.77028
2.6761
2.68117
3.43252
2.68146
3.12463
3.40381
2.67526
3.24428
3.40848
3.41551
3.41457
3.40918
3.39059
3.40824
2.68358
2.78265
3.18943
2.67203
3.2424
3.42257
3.12387
3.17962
2.81311
3.41082
2.68726
2.78796
3.42375
3.37909
2.89491
3.15099
2.7763
2.69138
2.87604
2.67203
2.85997
3.2537
2.6589
2.6874
2.88236
2.77133
3.16257
2.88025
2.67455
3.38529
3.42304
3.3899
2.80186
3.14572
3.40895
3.17008
3.25475
2.68981
2.66712
3.42493
3.43991
3.41363
3.26487
3.11927
3.25811
3.13969
2.78766
2.68259
3.14435
2.68245
2.78235
3.41339
2.84962
3.24887
2.87088
2.89066
3.41809
2.80755
2.68457
3.42801
3.14689
3.14845
3.1306
2.66922
3.15451
2.67427
3.42045
2.78386
2.79742
3.26677
2.67765
3.40638
2.68005
3.45987
3.42991
2.79757
2.79116
3.14786
3.40731
2.78023
3.42943
2.79085
3.1504
3.40941
2.6539
3.14357
2.84518
2.7828
2.67062
2.81621
3.41927
2.68683
2.69067
3.11221
3.43062
2.67878
3.2397
2.65626
2.69095
2.84882
3.43276
2.67568
2.68188
2.87249
3.22934
2.87798
2.69979
3.24553
2.79299
2.80724
2.67596
3.41833
2.69437
3.40684
2.69608
3.10822
3.24344
2.79451
2.80232
3.14241
3.46351
2.79589
2.67821
2.68386
3.23058
2.66964
2.80232
3.24303
2.67441
2.67596
3.12713
3.24365
2.8571
2.70065
3.25538
3.25097
2.87636
3.4273
2.79788
2.66447
3.24219
2.68061
3.43704
2.67568
3.12272
3.42234
3.41974
3.13814
2.8775
2.67399
3.43086
2.80848
2.87475
3.2472
2.67371
2.66252
2.67441
3.13176
2.67779
3.13911
3.24929
3.39406
3.24741
2.66936
2.88886
2.68132
3.24783
2.65473
3.27741
2.68967
3.23741
2.65418
3.25139
3.16612
2.75787
3.14864
3.40801
2.80509
2.78979
2.67062
2.68202
3.38552
3.42872
2.87184
2.87798
2.87459
2.65806
3.14708
2.81667
2.66866
3.44733
3.15451
3.11793
3.15726
2.77479
2.65751
2.68372
2.67793
2.64479
3.12195
3.39939
2.79879
2.80432
3.4141
3.12099
3.40125
3.14611
3.2314
2.86029
3.14008
2.66433
3.39823
2.68457
2.80048
3.13214
3.43371
2.79192
2.87992
3.13118
3.39777
2.86125
2.67737
2.6674
3.15863
3.43919
3.15824
2.78023
2.88009
2.80155
2.70251
3.42541
2.67484
3.43252
3.41363
3.24699
3.13195
3.25496
2.78918
3.37818
3.41527
2.87556
3.44182
2.86445
2.69551
3.38828
2.88984
2.68754
3.15099
2.69793
3.41715
2.8173
2.68146
2.81792
3.39985
2.79039
2.8918
2.65723
2.79085
3.18682
2.69722
2.78887
2.78038
3.44661
2.69494
2.67161
2.86205
3.43371
2.68019
2.69722
2.88512
3.40614
3.13291
3.41316
3.2672
3.22727
3.40801
3.40591
2.66908
2.8014
3.41175
3.4221
3.1502
3.40451
2.7757
2.79528
2.67793
2.70122
3.24553
2.6891
3.12579
2.77856
3.15431
3.44493
2.67864
3.40941
2.80463
2.78159
2.68457
3.40591
2.85136
3.38391
3.15726
2.86606
3.1549
3.13234
3.44158
2.6965
3.26508
3.4273
2.80417
2.67231
2.80709
2.68669
2.78129
3.22254
2.7028
3.40918
3.12502
3.22069
3.41246
2.66405
2.68485
3.12387
2.79222
3.12521
2.67554
3.14728
2.69351
3.40498
2.68641
3.24157
2.89099
2.66615
2.6674
2.68556
3.42706
2.66294
3.15726
3.24783
2.6681
3.25118
3.2343
2.80879
2.78644
2.8683
2.67624
2.85885
3.40265
3.23223
3.41035
3.42517
2.86638
3.1551
2.68499
2.68259
3.44733
3.26254
2.87895
2.67287
3.40498
3.24867
2.78659
3.24553
2.68542
3.42943
3.15686
2.67793
2.66782
2.67765
3.25811
3.42186
3.14105
3.13465
2.68301
2.87782
3.23928
2.79879
3.43752
3.15922
2.79451
2.69123
3.38967
3.42896
3.41011
2.67695
3.21987
2.89458
2.67203
2.77329
2.86285
3.40288
2.89344
2.87346
2.86349
2.66308
2.78492
2.66057
3.42234
3.40148
2.68202
2.78887
2.68259
2.67709
2.68556
2.87701
3.38529
2.68075
2.77751
3.44014
2.684
3.24699
2.64754
3.16099
3.13214
2.7991
2.8034
2.66294
2.68457
3.23596
3.13465
3.25055
2.78462
2.65252
2.70854
2.67273
2.66182
3.44038
3.25622
3.12964
3.43157
3.42493
3.40754
3.27187
3.17008
2.67245
2.68075
3.237
2.67976
3.42163
3.14357
2.67273
3.40824
3.2447
3.15216
2.87653
2.6799
2.89246
3.42943
3.42848
2.85981
3.12656
3.39128
2.79619
2.68896
3.27187
2.67455
2.77133
3.26106
3.4349
3.26487
2.84692
3.1549
2.6754
2.67638
3.41058
3.14221
2.86654
2.87346
3.41105
2.66517
2.67709
3.13253
3.44613
2.76758
2.67638
2.64865
2.67568
2.6874
3.21577
2.6975
2.68939
3.44541
3.13176
3.24804
3.39359
2.87184
3.4411
2.78386
2.88155
2.86093
2.79329
2.79558
2.83966
2.79604
2.85757
3.39985
3.22645
2.86109
3.42092
2.68216
2.68019
2.68146
3.41692
2.79116
3.24303
3.26064
3.39591
3.41082
2.68768
3.15883
2.7185
3.41433
3.22975
2.69551
3.42304
2.81358
3.38047
2.89491
3.40311
3.24365
3.1362
2.86445
3.39777
3.24344
2.65376
3.15608
2.68612
2.68655
3.43657
2.65945
2.68372
2.70008
3.40754
3.41433
2.67006
3.1279
2.67385
2.68287
3.14357
2.78948
2.87459
2.82149
2.69565
2.66964
2.87426
3.26826
3.40288
3.41598
3.15157
3.24887
2.67864
2.85965
3.39962
2.7825
2.89376
3.41222
2.68896
3.24971
3.26889
3.16691
3.42943
3.14942
2.68698
3.41786
2.79253
2.6589
3.43752
3.22934
3.22439
3.23762
3.10348
2.87346
2.67427
3.45987
2.85949
3.16533
3.41152
3.24637
3.40988
2.87233
3.14027
3.40498
2.79222
3.40848
3.42021
2.87184
2.89885
3.12099
3.39568
3.41504
3.25139
3.24804
2.87701
2.87766
2.80278
2.66238
3.15333
3.14747
3.45383
3.42375
3.43204
3.24846
3.24511
3.25622
2.70825
3.42234
2.66922
2.79268
3.44493
3.14825
2.68726
3.14066
3.40941
2.83808
3.40078
2.68655
3.40848
2.65113
3.38782
2.6938
2.67455
2.68612
2.80494
3.43276
2.8173
3.40871
3.40614
3.41386
2.87313
2.88138
3.15745
3.13485
3.23637
3.40731
2.80002
2.80432
2.78948
3.23223
2.68344
3.22254
2.78174
3.38207
2.87685
3.26656
3.13775
3.15726
3.42493
2.68188
2.69936
2.67751
2.67203
3.2472
3.13002
2.68768
2.78842
3.14786
2.69465
2.67062
2.67203
3.14377
2.7991
2.76788
2.88463
2.78386
3.39175
3.16434
2.67498
2.86557
2.68315
3.14786
2.69822
3.42139
2.68117
2.79788
3.13659
2.6816
3.24053
3.41504
3.40544
3.40544
3.16336
2.67343
3.41833
2.87072
2.77947
2.76324
3.14299
2.69123
2.684
2.64314
3.41457
3.43252
3.41927
3.23928
2.88691
2.85885
3.42446
2.67175
3.42139
3.40824
2.80278
2.87556
3.24825
3.44038
3.1677
3.39406
2.86606
3.14435
3.23326
2.68485
2.7968
3.42825
3.40708
2.67596
3.43133
2.87653
3.41199
2.79635
3.25349
2.71489
3.1333
3.11793
3.1606
3.20072
2.78295
2.79558
3.13639
3.43276
2.68698
3.41974
2.67807
3.41293
3.21455
2.69152
3.25832
2.66726
2.85997
2.67526
3.12733
3.22975
2.69522
2.67498
3.13291
2.86253
3.12579
3.43967
2.66768
2.7907
2.87701
2.87798
3.42541
2.89409
3.27677
2.79192
3.14981
2.77992
3.42304
2.67076
2.67652
3.41035
2.86397
2.78174
3.11507
2.68726
2.79665
2.69979
3.40055
3.24053
3.25139
3.25685
2.69024
3.41856
2.67245
2.85582
2.69024
2.81947
2.66405
3.13872
2.87152
3.14689
2.65224
2.67175
3.42967
2.78629
2.70008
3.11335
2.6681
2.80109
3.41457
2.85933
3.1306
3.13195
2.88952
3.42659
2.68117
3.25622
2.87669
2.88366
3.42045
2.66433
2.70653
2.67343
3.26212
3.40918
2.86654
3.42186
2.79619
3.40009
3.25055
2.85837
2.68202
3.2123
3.39498
3.22213
3.22501
2.86541
2.69693
3.24971
2.86895
2.78371
2.86461
2.69422
3.24678
2.88414
3.23368
2.78598
2.84629
2.86638
2.68683
3.13581
2.78219
2.69636
2.67976
2.79757
3.24094
3.14494
3.44589
2.87475
3.13407
2.68612
3.2314
3.1105
3.42896
2.78462
2.67737
2.69422
3.38184
2.69337
3.44637
3.23762
3.14845
3.14962
2.79451
3.24699
3.41598
2.67948
2.66684
3.43133
3.41269
2.70337
3.42116
3.37406
3.14105
2.65987
2.78159
2.86157
2.77977
2.86814
2.77811
3.42825
2.8796
2.68754
2.86541
3.42777
2.68344
2.87895
2.80771
3.25223
2.87056
2.78159
2.69081
3.42446
3.40358
3.42517
2.66684
3.16711
3.13291
2.67343
3.12444
2.83133
3.41269
2.79405
3.24908
2.69109
3.23409
2.81342
3.43633
3.4141
2.67765
3.15059
2.87992
3.24324
2.84994
2.69437
3.40754
2.80879
2.68683
2.79772
3.23409
2.89426
2.87313
3.41856
2.68839
3.13195
3.40918
3.42116
3.39175
3.25748
3.40591
3.40661
2.68174
3.42092
2.67076
3.39406
3.45842
3.24407
3.41433
3.14455
2.68854
3.41058
3.15647
2.68584
2.67835
3.23451
3.42825
3.41809
3.22851
2.71013
2.86429
3.14669
3.10386
3.26106
3.16553
3.13659
2.80217
2.87136
3.43323
3.12444
2.66629
3.14825
2.67441
2.86959
2.69251
2.69793
2.84218
2.69465
3.15314
2.88886
2.86525
2.67357
3.43991
2.68726
3.26571
2.6792
3.39684
2.79941
2.80079
3.40895
2.8712
3.13079
3.23679
3.14319
3.25727
3.43776
2.87847
2.68005
3.24136
3.40428
2.83023
2.68783
2.78008
3.39429
3.13601
3.14728
3.43228
2.67484
2.7757
3.25706
2.88106
2.79803
3.42139
3.44517
3.3869
2.78159
2.77133
2.86911
3.13427
2.69465
3.41692
2.87281
2.6816
3.45576
3.20802
2.78872
3.21598
2.89557
3.23617
2.69508
2.68372
2.80786
3.13833
3.41786
3.41035
3.15196
2.78523
3.41762
2.78766
2.86782
2.76773
3.25475
2.86413
2.79987
3.38667
3.40381
2.86541
3.41739
2.8712
3.39637
2.67652
3.39151
2.87863
3.40778
3.21885
3.12713
3.24282
3.42541
3.15588
3.15275
2.67807
2.80033
2.66838
2.76638
2.66503
2.70094
2.65113
3.40988
2.77585
3.40288
3.24303
3.40358
2.67793
2.84613
2.88431
2.66238
3.42281
2.67118
3.26381
2.86911
3.42588
2.78918
3.18202
2.84645
3.39916
2.87281
2.88512
3.41152
3.24074
2.84882
3.15824
2.77871
2.79314
2.88544
3.43086
2.88512
2.87184
3.24971
2.80263
3.27549
2.77043
3.45118
3.4188
2.87362
2.7872
2.87394
2.68386
3.14942
3.3899
2.67217
3.2725
2.67441
2.67469
2.66992
3.38874
3.13311
3.14182
2.6768
2.85757
2.81962
2.7828
2.79055
2.86173
2.86654
2.76893
2.77374
2.78781
2.85901
3.17982
3.41998
2.67231
3.14066
2.68457
2.77781
3.42021
2.65779
3.39198
3.42683
2.77359
2.65834
3.17484
2.67709
2.79971
2.86879
3.11621
2.66475
2.776
2.78659
3.1604
2.67203
3.43062
2.67189
2.66698
3.4188
2.8809
2.66782
3.44589
2.66071
2.87152
2.81234
3.40778
3.42706
2.68386
2.68457
2.78083
2.77404
3.25454
3.16158
2.79604
3.25412
2.85343
3.13543
3.14027
3.15294
2.68315
2.66503
3.23845
2.79238
3.41316
3.12483
2.68005
3.20254
2.6688
3.39985
3.26149
3.39893
2.68457
3.42304
2.8054
2.67765
2.8775
3.15686
2.77766
2.87507
2.68584
3.26275
3.40824
2.85136
2.67399
3.23741
2.79192
2.80401
3.23762
2.65848
3.2672
3.39452
3.40871
2.86766
2.80048
3.13543
3.40404
2.89197
2.79436
2.67147
3.41527
2.87265
2.66838
2.67568
2.77329
2.85455
2.87362
3.24678
2.81466
3.27549
3.39221
3.21516
3.26275
3.42304
2.77043
2.68117
2.78098
2.87039
3.1185
3.40102
2.89082
3.15451
2.67315
3.26698
3.16395
3.42754
2.88544
2.68726
3.42422
2.77917
3.26932
2.8809
3.14572
3.46181
3.10102
2.87523
3.15353
3.2397
2.69465
3.25685
2.67189
3.39684
3.41809
3.20701
2.8741
3.40614
2.78295
3.39637
2.78023
3.25475
2.68499
3.13523
3.41645
2.70854
2.6901
3.42612
2.85885
2.78068
2.67076
2.6768
3.44325
2.68216
3.44877
3.40801
3.2447
2.81698
3.16237
3.44206
3.3752
3.45286
2.68301
3.4221
2.88317
3.42541
3.43609
3.15745
2.68301
3.15667
3.42281
3.24407
2.67371
2.78235
3.42588
3.39823
3.16158
2.87588
3.43919
2.66517
3.41504
3.4148
3.41129
3.16139
3.1333
3.25433
2.67118
3.44541
2.66908
2.87911
3.38921
2.69152
2.77856
2.67638
3.41082
3.13021
2.87426
3.43823
3.23368
3.4423
2.66461
2.6857
2.6918
3.41927
2.86157
3.43371
3.15962
2.84867
2.78659
3.14124
2.67779
2.6674
2.67469
2.66894
2.65058
2.68754
3.14455
3.12617
3.2343
2.66489
3.42068
3.438
3.38759
3.27442
3.45794
2.6564
2.83101
2.67427
3.4141
2.68358
3.43418
3.21946
3.26085
2.68259
2.67371
3.40918
3.4247
3.1463
3.20133
3.11221
2.86814
2.68783
3.3973
3.43276
3.15118
3.40614
3.40544
2.85582
2.66992
2.6702
2.67287
3.26804
2.68259
3.14494
3.1393
2.87265
3.12579
3.22069
3.22913
3.43062
3.39452
2.69337
3.23492
3.40708
2.68019
3.42848
3.44949
3.27997
3.38713
3.12694
2.68301
3.23016
2.87491
2.67203
2.79558
2.66978
2.67315
3.42234
2.86493
2.79726
3.17087
3.40801
3.16257
3.42257
3.41551
3.24157
2.68996
3.14474
2.89802
3.13911
3.41175
3.14027
3.43442
3.14085
3.24386
2.89066
2.7875
3.12042
2.66517
3.13369
3.40614
2.77058
3.2495
2.6901
2.69879
3.17305
3.40218
3.43181
3.14747
2.79665
3.41316
3.40474
2.86782
2.82726
3.14047
3.15471
2.86157
3.43038
2.79344
3.24595
2.89164
2.69308
2.67343
3.42257
3.24637
3.25643
2.86927
2.85694
3.42446
2.86702
2.77902
2.68825
2.8384
3.12157
2.68953
3.40988
3.14572
3.13969
2.78507
3.40265
3.44517
2.79512
2.67512
3.41951
3.23285
3.28575
2.66852
3.13659
2.86943
2.87475
3.3929
2.80017
2.86734
3.40895
2.80171
2.68797
3.42186
3.25643
3.40428
3.38644
3.42328
3.41129
3.11468
2.67906
2.84978
2.70179
3.41621
2.80647
2.66866
3.42304
3.38184
2.87184
3.40055
3.16198
3.44062
2.69565
2.68868
3.40241
2.7875
2.79956
2.68428
2.80017
3.17246
2.87523
3.14591
3.41457
2.89704
3.13156
3.11908
2.66824
2.67175
2.86927
3.40078
3.43514
2.67526
3.14767
2.69209
3.22707
3.42163
3.22727
2.87992
3.13291
3.12886
2.67906
3.11107
3.39823
2.66126
3.24971
3.24261
3.40334
2.6754
3.42564
2.6681
2.84962
2.68783
3.39498
3.14494
3.24011
2.87733
3.13911
2.67455
3.40848
3.12829
2.67469
3.13156
3.26889
2.69351
2.79528
3.42635
2.68627
3.16652
2.6799
2.66335
3.43752
3.40381
3.24011
3.24783
2.67835
2.85518
2.79268
2.86943
3.24867
3.40334
2.70194
3.14474
3.17643
2.70094
3.40498
2.80709
3.4188
2.69394
3.43895
2.68485
2.79116
3.25454
3.438
3.15726
2.79009
2.88382
2.87928
3.38736
3.42021
3.13969
3.42045
2.6799
3.40195
3.37703
2.79543
3.39522
2.64809
2.81497
2.67737
3.39406
2.6823
3.39036
3.15177
2.77299
3.39267
3.22439
2.86093
2.80832
3.43371
2.78386
3.12444
2.68471
3.42116
2.68683
2.78872
2.65834
3.23783
3.39591
2.79558
2.86654
2.70265
3.43418
3.23182
3.24324
2.67287
3.1306
3.14825
2.67315
3.40055
2.65834
3.12061
2.77811
3.41856
3.3823
3.23658
2.68047
3.39151
3.40801
2.6688
2.86525
2.67948
2.66726
3.15314
3.39753
3.41035
3.23575
3.15412
2.87911
2.67638
3.13736
2.7828
3.16139
3.26085
2.66573
3.25181
3.38782
2.70308
2.6799
2.80125
2.6857
2.87717
2.80248
3.24324
3.44325
3.40544
2.65127
2.85678
2.87007
2.66349
3.4423
3.40801
3.3899
3.24136
2.87265
3.42943
2.67709
2.88854
3.42281
3.13678
2.79177
3.23078
2.78705
2.86333
3.39637
2.69308
2.6995
2.90411
3.12099
3.24511
2.69223
3.43466
3.24574
2.67849
3.27357
3.41621
3.44925
2.67765
3.23161
3.25559
3.23037
2.87088
3.14455
3.40568
2.62877
3.43633
3.26677
3.16198
2.8861
2.87249
3.14845
2.67469
2.88171
3.2283
2.67301
2.67723
2.80555
3.42092
3.41035
2.87911
2.69038
2.68854
3.41363
2.66768
3.23492
3.17823
2.79299
3.3973
2.6674
3.2397
3.42068
2.85073
3.40474
3.41386
3.42493
2.68428
3.40661
3.24637
3.44997
2.81002
2.69793
2.78933
2.80524
2.85965
3.42706
3.23928
3.22501
3.42825
2.79283
3.42092
3.24657
2.66154
2.69095
3.40428
2.90049
2.66308
2.70538
2.78432
2.6874
2.67441
2.67835
3.39823
2.78811
3.36338
2.78447
3.25475
2.76893
3.24282
3.27677
3.41222
3.2424
3.40638
3.15686
3.40754
3.38483
3.26127
2.67231
3.39777
3.43395
3.13485
3.17226
2.85853
3.13485
3.42068
2.69052
2.69123
2.86365
2.68556
2.8675
3.26381
3.38828
2.79207
2.85025
2.66629
3.37772
2.79283
3.24115
3.21782
3.41551
2.66029
2.68939
3.19466
3.42754
3.21782
2.66992
2.78902
2.78857
2.85423
2.68273
2.67484
2.66015
3.12214
3.12502
3.15255
3.14221
2.67793
3.41386
3.14513
2.87152
2.86125
2.86798
3.41222
2.69166
3.42304
2.81141
3.15451
2.7968
3.21721
3.41105
2.68315
3.12406
2.80386
3.3846
2.88463
3.25938
2.67695
3.22624
2.67147
3.42588
2.86141
3.15785
3.2579
3.42116
3.1333
2.67343
3.43086
3.12559
2.66978
3.13349
3.15647
2.81404
3.44302
3.24115
3.16533
3.2312
2.67906
2.67568
3.4141
2.77992
2.87895
3.14747
3.13253
3.41998
3.41386
3.43776
2.78674
3.15236
3.42612
2.67582
2.79283
3.42257
3.40848
2.77299
2.68273
3.41152
2.87701
2.66936
3.43323
2.8436
3.40731
2.84676
2.86879
2.67596
2.79039
2.79344
2.86686
3.43276
2.80232
3.39313
2.68372
2.68683
2.78705
3.24595
2.79757
3.42825
3.39591
2.79375
3.2343
3.42328
3.42541
2.70509
2.67624
2.69522
3.14611
3.42352
3.25076
3.15294
2.6761
2.84756
3.20965
3.26466
2.77751
3.4273
2.66252
3.2314
3.41011
2.68854
3.41998
2.86557
2.67638
3.24825
2.68329
2.68216
2.66726
3.2281
3.21475
3.39198
2.70955
3.13814
2.80355
2.68896
3.41645
3.42991
3.12521
2.69209
2.67189
3.11145
