10.4473
14.191
20.2996
16.0458
14.2858
13.5192
17.2721
13.6337
14.6293
12.9749
17.415
17.4001
17.625
12.9407
14.9046
20.1926
16.3853
16.8811
15.3135
13.2644
13.7893
14.0502
13.902
16.1358
18.415
18.6781
14.986
15.8052
13.5949
13.3871
14.2602
16.6601
16.0342
14.6424
11.8746
16.5406
14.7169
14.6098
16.9339
13.109
14.7664
15.0429
18.0227
16.902
18.1671
16.6601
14.0604
13.4922
14.3135
12.735
15.317
11.9471
18.2996
17.6424
18.2451
15.6557
15.0516
18.9556
10.2796
14.2636
16.6424
14.8811
16.7521
15.8052
13.4397
18.2451
15.9502
12.9033
18.142
10.8309
10.0318
16.5162
15.4113
15.5202
12.9645
12.0531
14.6491
14.5779
12.8592
11.7625
11.6613
16.3779
13.2961
14.2619
14.5991
11.7848
16.1174
17.5243
18
17.1671
12.5758
14.7216
13.2678
16.9339
11.8326
12.7718
19.1926
14.4589
15.4075
14.8863
16.6163
11.392
16.6871
14.3835
14.6163
14.7616
15.7146
12.872
17.4454
15.8811
17.3706
14.4188
13.3589
16.3706
11.5164
14.9583
15.5654
14.8759
17.2451
18.3853
14.9611
15.9944
17.3418
15.1926
17.1798
16.3489
15.303
14.7146
17.142
17.5406
13.4264
18.0458
14.8052
15.6293
15.1235
15.6557
15.3634
18.5737
14.8477
17.6781
17.8707
17.2318
16.4301
10.764
18.0458
11.264
17.8915
14.863
16.4454
15.8052
16.0285
18.0693
15.7054
16.3927
17.4922
17.0931
13.5832
14.9366
15.303
16.9232
17.6077
14.7688
14.2568
17.4001
13.7274
16.6163
14.2318
13.8798
17.9125
13.2351
17.8503
15.2384
14.9205
13.5324
17.9125
17.2451
12.1675
14.4169
16.6513
13.5012
12.9139
11.2535
16.2653
16.4531
14.3135
12.0335
18.1671
17.7332
17.2585
12.979
18.0931
13.2343
16.6962
14.9125
16.8201
18.0693
17.5906
14.8052
13.3039
15.8401
17.5906
14.5263
15.6962
14.6691
15.776
13.5365
16.7332
17.1296
12.686
17.0693
16.4531
16.0575
14.1052
15.0313
10.8688
16.7616
17.7905
16.7616
17.3418
15.1766
17.1926
15.0342
14.6646
14.0901
10.4045
15.324
15.1766
12.8843
18.6424
18.5406
13.3992
15.6163
14.3454
15.017
15.6691
14.0099
16.3634
17.6424
14.7008
16.2318
11.2418
18.3561
12.9198
17.7712
12.6491
13.7881
16.8604
19.6077
13.6974
13.022
17.4922
13.7688
14.9638
18.4764
16.5324
15.0961
13.8102
17.8102
15.7473
18.7146
15.8201
17.1174
17.4301
18.2721
15.7521
13.8276
17.8915
17.1545
15.71
17.5243
14.9529
15.8503
11.4012
15.6469
12.9776
14.1189
18.6424
16.1235
14.2944
16.3418
18.6424
17.1671
13.8824
13.4706
17.1671
13.8746
13.284
11.831
17.4922
18.2186
11.5719
13.9339
15.9179
12.2256
14.3418
15.1735
12.9359
13.9597
14.9832
16.8003
10.9498
17.0575
14.4628
14.3188
17.1052
15.0313
16.1671
12.4306
15.8863
14.7544
16.2518
13.31
14.9888
14.6098
14.9666
15.7192
15.2858
15.7664
15.5821
15.6781
13.3616
16.8401
14.2789
15.8863
13.2285
17.9125
14.7616
18.1926
10.5295
15.9888
11.8759
17.5906
16.9339
18
17.7905
18.6424
13.6837
15.317
10.4227
15.9611
13.3761
10.5651
17.4922
13.0984
16.9339
15.1389
14.3927
14.7473
17.4922
15.1766
11.5724
14.3293
15.6601
18.1671
10.3914
11.782
13.5843
15.8301
15.9339
13.6034
14.4339
14.8579
17.0227
16.3927
14.745
12.9923
18.2996
16.5991
14.0737
15.8251
18.8301
13.6055
16.2858
14.7192
15.3382
13.4647
17.2585
18.5081
14.7356
15.2219
17.2721
15.2653
15.5737
14.9721
15.4882
14.6469
14.5758
16.4531
14.0946
14.3543
17.5406
14.0184
12.0465
17.4608
11.8167
10.9324
17.0575
14.5949
16.1052
17.6962
15.7616
10.601
11.8879
14.8604
14.4804
15.3816
15.0313
17.5081
15.9888
13.7332
11.1223
14.7123
17.8301
14.8126
18.1174
14.7979
14.6894
14.3579
14.9046
15.8915
14.5385
11.1812
17.4764
15.9502
16.2451
15.0458
16.6424
15.0991
15.1052
14.5344
15.7808
12.3945
15.1735
15.0142
16.6513
17.2858
13.0199
15.457
15.7239
18.7905
13.4122
15.3382
12.9468
14.2203
16.0113
18.5737
13.0414
13.7616
13.7748
13.3391
18
16.4764
16.4922
17.3418
12.8245
13.1312
17.1296
15.4922
14.2585
16.5243
15.8251
15.625
13.7845
16.5243
14.5779
17.3135
18.6424
12.7539
12.7881
14.1312
13.2023
17.8707
12.6934
17.4922
16.0811
17.4454
14.9205
16.9556
17.2318
17.3276
16.7332
14.0414
12.2023
12.9673
14.9259
14.793
17.4764
14.5263
18.3276
15.2858
14.8863
14.7905
15.5243
12.6708
11.4954
14.9832
12.2389
17.6077
14.6962
17.415
12.1727
12.7025
17.9776
11.8585
17.3706
13.6624
15.5324
14.6034
14.4359
14.1655
15.1798
18.0693
13.6491
14.7664
15.8452
13.16
18.1671
15.4647
15.4226
17.6962
10.74
15.7054
14.6736
16.8201
15.3065
14.5488
14.1991
16.8604
17.0113
18.4764
13.6381
14.6034
11.959
17.2451
18.142
16.0871
16.3418
16.0342
14.9285
15.4922
16.4843
10.5798
14.8201
12.191
18.4764
14.8276
18.415
19.4764
12.7634
16.8003
14.7688
18.1671
16.1052
16.3276
14.6826
17.5243
15.0199
16.8811
19
17.4922
15.7008
17.4764
16.8201
14.8052
17.625
14.4301
14.8251
14.2501
14.8993
19.0458
18.6781
15.8656
15.8915
17.4608
14.0227
14.7403
16.7239
15.3598
16.2996
12.012
14.7146
14.7473
11.4174
14.5447
13.456
18.0931
17.5906
12.8746
14.3908
13.6424
18.9125
15.5991
17.6962
15.3743
17.5406
11.0652
14.3543
15.1959
14.8176
18.1926
12.6618
13.3039
13.9611
14.5885
14.3153
13.0134
17.1052
14.0991
17.0811
16.6337
12.8656
18.8707
15.6691
15.3489
14.1798
13.7918
18.0458
18.415
16.8401
16.4226
14.0856
11.4733
14.9312
15.3853
19
12.2281
17.6424
14.5843
15.3276
14.0156
17.8707
16.8003
11.9478
15.6601
15.5779
11.362
17.9339
13.5633
16.2318
15.8301
15.2418
17.6424
18.5081
15.5571
17.3276
14.7239
15.6826
15.3489
14.1592
14.4804
16.6871
18
14.1608
14.4902
17.1174
14.7712
13.3373
14.4473
19.5406
12.5137
12.8895
15.1483
14.745
14.7403
12.8791
17.0113
18.1174
16.0991
17.6077
16.0113
16.9666
16.8915
17.9556
16.4686
16.4075
13.8915
14.367
15.5447
11.8589
14.8553
15.5202
13.625
11.8589
16.5571
14.2434
15.9502
15.0961
11.429
15.303
14.9474
17.2056
16.7054
14.0342
12.7152
14.1514
14.2687
14.5102
13.3516
11.326
15.6781
13.5906
19.0458
13.0142
15.902
13.5769
14.457
14.1235
15.1991
15.1766
13.183
14.793
14.04
14.5385
15.8151
13.8746
16.6077
14.2335
14.0946
16.9776
15.4301
16.0227
16.1798
17.9125
14.6646
17.8102
15.8401
13.8376
17.3135
14.6337
15.7905
16.4531
14.9721
14.5102
12.2606
16.3561
12.3083
18.415
14.5509
17.0811
17.1174
14.2704
17.7905
19.3561
13.8114
17.3276
16.7521
16.4686
18.2451
15.2318
16.6962
13.597
15.9447
15.6469
15.0604
16.9666
17.6424
16.1671
14.625
14.8401
15.2088
16.1113
11.7335
17.5081
10.6246
14.2755
17.1671
15.1296
18.0227
11.7652
17.4454
12.6585
17.1671
18.0458
14.2121
14.4245
17.8503
17.3276
13.7676
12.2845
16.2056
18.9556
18.0458
17.4454
17.9556
14.4962
17.5406
17.3706
16.8003
18.0931
14.986
14.9776
17.2186
17.3135
11.64
14.2023
18.8301
19.0931
17.8102
14.6228
14.9339
15.0811
15.8656
17.4764
16.6424
16.4001
14.8452
16.7905
17.8707
15.9393
17.5737
17.4608
15.1174
14.0299
14.4608
11.7479
15.7054
14.1639
15.1174
15.8604
15.4962
14.1052
15.1798
14.6163
17.9776
15.9179
13.8553
13.8164
17.5737
14.3329
13.9529
16.902
16.6424
13.5293
15.2451
15.8151
14.8528
17.6962
16.7054
14.2568
13.7285
17.5906
11.7592
15.5041
11.2993
13.6381
18.7905
11.2659
12.8681
17.6077
14.9832
15.4843
16.7521
12.3276
15.2926
17.3853
17.8915
11.9566
13.9205
15.4001
14.9312
16.9888
13.5664
16.4378
14.3507
12.0856
17.0113
15.7239
15.183
13.6282
11.862
13.7438
17.1296
18.2186
12.0021
15.2418
18.0693
13.0502
14.4863
14.8733
18.9556
17.1926
17.625
17.3706
15.0901
14.8733
15.2823
17.4301
12.1834
14.8251
11.0378
11.628
13.8811
15.0811
17.5906
16.5162
15.5906
18
14.7473
14.6849
14.1006
19.142
16.8811
15.0142
18.0227
10.2918
14.6446
14.1128
18.0693
14.7688
13.8452
13.626
14.5081
18.7905
13.7309
17.8915
14.7905
15.1235
16.8503
12.0393
14.2351
14.4075
15.7054
17.1296
16.1735
15.6337
18.4764
13.2518
17.6962
13.9707
14.8656
15.4301
17.2318
18.2996
15.5571
18.2721
16.7239
11.7224
18.0693
12.6206
14.7905
13.9152
16.4843
13.3525
13.6152
19.7521
16.6871
13.7158
15.4531
14.8915
16.2518
14.4493
15.9232
14.8579
18.1671
13.3982
16.7332
14.7473
15.1143
14.6185
15.7954
15.4416
17.4608
15.612
11.4952
12.2455
14.3188
19
17.9776
14.056
15.9232
12.6013
14.0575
16.7332
12.1608
12.2489
18
14.7169
14.5406
16.5906
15.0604
19.142
16.1862
15.1926
15.6962
14.8681
17.6781
11.8379
15.9232
17.4608
17.9339
14.2789
15.317
13.8876
16.2056
14.8579
14.5612
11.2003
17.4764
17.6424
17.142
13.3373
16.3706
17.5571
14.6668
14.5002
18.2186
14.0531
15.6381
16.2653
15.2121
17.4301
13.7712
15.7332
11.5545
13.863
15.0285
16.3706
15.5447
12.1239
17.1798
16.7146
18.415
17.1926
15.5447
15.3779
16.8102
16.8915
16.017
14.3779
15.3454
15.1143
15.7568
14.7285
13.3302
15.3276
16.1926
11.5434
12.251
16.0693
17.1671
16.6601
12.758
19.2996
18.5737
18.5081
17.415
18.3276
13.1014
14.986
15.142
14.5488
14.4628
18.0458
15.0604
16.5081
18.142
16.6871
18.0227
17.142
13.6098
14.8077
13.7367
13.7905
18.7146
12.7942
15.4113
14.3436
13.725
14.9666
16.017
14.7833
13.0648
14.4113
16.1671
16.9776
14.6849
13.0991
14.2252
14.9205
18.3853
17.7712
11.281
17.5243
14.7146
16.5991
14.4075
11.7634
15.9721
15.5081
14.8401
15.5695
13.7204
15.2653
17.3276
14.1703
12.4316
15.7616
16.5654
14.6055
16.7712
18.3561
11.7268
11.5978
15.5406
15
16.3418
14.8477
15.3205
15.324
11.9272
13.0849
17.4608
19.0931
17.4301
11.5806
17.7332
11.4188
14.9232
15.7568
15.5283
15.1235
15.4038
17.0811
18.0693
12.044
16.8201
17.8915
14.8837
12.4024
17.6601
15.9944
16.4301
15.7808
14.1894
16.6513
13.7556
15.6469
18.0693
16.0575
14.9125
14.7833
12.2297
13.3498
14.9666
15.3205
14.9232
16.2186
12.0202
13.4882
12.3656
10.6263
12.2798
16.2318
16.8604
16.9556
18.1926
14.7309
17.2721
17.8102
15.4843
17.8707
16.3561
15.1703
15.2252
14.8553
18.3561
14.2944
16.8604
13.745
10.7329
18
16.2451
17.7521
17.3561
13.686
13.9502
13.6724
11.5002
15.0028
18.9125
16.3065
16.0227
19.2996
17.8707
17.0575
16.0871
13.4113
14.7857
14.9339
15.4264
15.8452
16.8915
15.9721
16.6871
12.94
16.2318
16.2789
15.0313
17.0693
17.1798
12.6359
13.6304
15.5571
14.4339
17.7712
16.1483
14.7808
18
14.5716
17.7905
12.9105
15.5864
18.6424
14.027
13.993
15.4804
15.6469
13.8592
16.2318
16.1296
15.0458
16.6513
15.5202
12.1616
18.8301
18.2996
13.3844
16.2121
15.1639
15.6601
14.0242
15.31
16.6962
13.9033
18.1174
16.8503
17.8707
15.5991
19.8301
18.3853
16.8102
17.0931
11.7485
14.5162
14.6206
15.9721
13.389
15.3853
15.7379
16.5081
14.7592
14.6469
11.8257
14.1219
14.4942
14.7688
14.3454
17.4608
18.1174
11.4103
17.6077
18.1671
15.6601
11.5793
14.9179
15.1266
18.3561
14.0531
17.7521
15.2823
17.7146
14.7979
13.7008
14.8151
13.112
15.8553
15.6691
18.2721
16.6601
16.0871
17.4001
15.612
14.5843
18.142
15.1235
14.9152
19.415
15.2252
13.5447
15.1735
18.2996
14.863
14.059
19.9125
14.5821
13.4141
17.9125
13.0078
14.3311
14
15.5283
16.8503
15.8351
13.1052
14.4902
16.8003
11.9787
16.0811
17.1671
18.5081
17.6962
16.3135
18.1174
14.7979
15.7379
15.3816
18.7905
14.6535
12.3945
11.2615
11.6096
18.4454
13.3982
14.7285
10.7769
14.8528
15.7905
15.9776
14.8326
10.8052
16.7426
17.0693
14.056
15.0371
13.5182
14.8837
17.3706
15.5243
16.8003
18.6077
17.3853
15.2721
13.0285
12.4589
16.0056
11.5205
15.8351
14.8452
16.7332
11.4618
13.9625
11.2663
14.1592
19.6077
17.8915
17.2585
16.5906
15.5779
16.5906
18.5406
16.9232
16.1545
16.5906
15.7664
15.0991
18.3561
16.2056
14.4608
16.1174
15.0722
18.2451
19.1926
16.9666
15.367
13.5874
15.367
14.6055
17.1174
17.9125
14.7521
17.6962
15.2823
14.8226
16.1991
15.9611
18.5737
15.9556
16.5002
15.2619
15.1862
12.4853
16.7808
16.7054
15.0028
14.8427
15.6077
14.2926
16.3779
17.3853
15
13.3835
17.0575
15.4608
14.6557
14.3065
13.9818
15.9339
14.7169
14.8401
16.142
16.1113
14.3188
17.2585
15.5081
12.006
16.5654
16.4686
14.2823
18.1174
16.8915
17.3276
15.183
15.0782
13.0292
14.2318
12.7826
16.8915
18.3276
15.7192
18.1926
17.1671
13.2798
15.9179
18.1174
16.4531
15.1483
18.1671
18.0227
17.0931
15.0056
14.7544
17.2585
15.303
13.3862
11.2176
15.6293
17.3561
17.625
14.5885
14.8427
14.5488
15.1266
13.0901
15.8707
14.8201
17.625
16.0458
13.8915
17.415
12.5472
15.8811
13.9611
15.0113
15.017
15.7521
16.6871
11.297
15.0487
14.4454
13.1436
12.0608
15.1766
13.4962
10.5607
14.3364
18.2721
11.9319
13.8656
15.1483
14.4454
15.8967
19.0931
17.6601
12.9026
14.6163
13.938
13.668
18.3561
18.3276
16.5081
12.3445
17.5081
10.4997
12.4024
15.0634
16.0227
14.0931
13.7054
17.9125
12.5659
16.7712
15.0575
18.0227
14.1576
12.3074
16.6163
15.7664
18.2721
14.2072
17.3276
15.1143
13.5895
16.0056
14.1097
16.017
11.8251
17.7146
18.5081
16.7426
17.5737
14.3616
15.2285
14.0707
14.9046
15.9721
16.5002
14.3616
15.3205
14.9972
18.3561
14.2738
14.3382
12.0389
14.7616
15.3816
14.8126
16.625
15.6601
18.415
16.2252
14.1545
17.3706
13.5375
18.0227
15.6513
17.2996
13.9192
17.8707
11.2326
13.2485
13.5769
16.5737
13.2577
14.2302
14.5263
15.8967
13.9366
14.7521
19.415
16.0871
16.7054
18.3561
13.9232
18.2451
18.7905
14.7568
12.6546
19.415
15.0931
14.5081
16.8003
17.5571
14.3835
14.31
15.7426
12.9218
14.1639
14.5102
18.415
15.8003
11.673
12.8433
18.2721
14.8993
14.4942
18.6781
16.2318
13.5727
14.7403
16.3489
18.6077
15.1735
13.8772
12.8276
17.4764
16.9776
14.8176
15.3853
14.8579
15.0575
16.3205
17.2996
16.8503
13.7808
12.7438
17.4608
10.9393
15.6646
16.9339
18.142
13.8772
15.7664
12.9958
14.6535
12.9515
16.2858
18.0458
18.142
13.5102
17.5406
14.8528
15.5081
14.6359
12.0516
17.0227
13.8876
17.4764
17.2858
14.6293
16.017
14.9152
15.6513
14.0371
16.4226
16.4608
17.1296
14.7688
14.5406
13.5938
14.9916
17.4301
16.4001
11.9026
15.5243
16.0811
14.4512
10.47
14.7262
13.885
15.3964
16.4226
14.6803
11.473
16.5737
14.2806
14.7192
12.8733
15.3598
16.2721
15.902
16.5737
13.9735
14.9312
13.9762
11.3133
17.6962
13.8503
15.3779
15.6469
16.3706
14.7123
16.7521
18.4454
16.6781
17.5571
15.6691
16.1608
14.3871
14.4359
16.6077
15.2418
15.1143
18.415
14.191
15.0575
17.9556
13.6502
13.2064
16.2721
14.4454
13.9958
14.4962
17.3135
12.817
17.6962
16.9776
17.2056
18.8707
17.2186
17.8301
17.0931
13.2815
16.3927
15.0546
13.6469
12.4823
10.867
14.2996
14.6446
15.1266
18.4454
10.9033
14.8477
16.3853
14.0313
18.4764
15.5365
17.5081
18.1926
11.9815
14.4132
17.3853
13.8288
11.8646
13.9972
15.4264
18.4764
14.8915
16.8102
12.0498
13.5917
12.1632
15.1113
15.9232
12.0575
13.6849
17.7521
18.7905
15.1991
12.4977
15.3382
18.0227
13.9312
17.2721
15.8102
14.0856
13.8528
14.6271
14.3853
14.0678
10.8871
14.2653
17.0342
14.34
13.2203
16.9666
16.9666
17.3418
14.3908
14.2568
11.4813
16.5002
14.7905
11.7262
13.5457
19.5406
10.5615
12.822
14.4359
16.9125
17.4608
13.9245
15.2186
15.2252
11.5316
11.5265
12.9597
14.8553
18.6781
14.1067
19.3561
13.1687
14.5182
16.0056
15.6034
16.8503
16.8707
16.7332
16.6424
16.1545
14.6013
13.6502
13.9902
10.5914
13.6905
17.4608
18.2186
15.1671
16.1608
17.8102
17.5081
16.5002
16.1235
17.9125
16.8811
11.7034
17.1926
12.8257
14.4075
17.6077
16.0285
13.4657
14.8941
15.0901
13.554
17.9339
16.2585
10.624
17.6781
17.1926
12.0349
15.4686
17.7712
15.1959
17.7332
14.7736
15.1926
19.2996
15.7426
17.3561
14.4454
16.0113
18.415
14.6894
14.34
16.1991
17.2451
17.5737
18.1926
13.2858
14.6668
16.7521
14.0227
14.7054
15.1862
14.0856
17.1052
16.7905
13.637
13.8052
17.8707
14.625
16.5991
16.5324
15.457
15.7521
15.7192
14.2007
18.5081
17.3135
17.8102
14.6624
14.142
15.1735
15.2186
14.8863
14.4667
13.4397
17.0342
11.9635
18.1926
17.5243
14.1097
12.3885
14.625
14.5488
15.6077
14.5142
18
17.9125
18.142
15.3311
17.1798
14.1343
16.1545
11.1498
17.5737
17.4608
13.9749
10.648
17.2585
14.3329
15.0227
14.8276
17.1671
14.0931
15.4301
13.5152
12.3405
17.0693
13.432
17.3853
17.8503
13.4368
13.8772
14.8733
13.4784
17.9556
14.2318
16.6871
17.6601
15.1608
17.7521
17.4922
15.7905
14.4982
12.9839
15.2485
13.8759
15.1451
16.8003
16.7905
17.625
15.8863
11.9566
15.0142
12.6911
15.0458
11.3305
15.3205
18.0458
14.5991
14.6513
14.1189
16.9339
17.7905
12.3445
15.2518
15.7239
15.1766
14.2978
14.3489
11.5268
15.7905
17.1545
14.5283
13.2772
14.7403
15.5864
14.8028
13.3091
11.3911
14.4264
17.625
18.6781
18.142
14.6206
17.5081
15.3454
10.4905
17.5243
16.5571
13.5293
15.3065
14.1959
16.6424
16.8401
17.2318
14.3853
14.3743
18.0931
14.1235
13.4579
16.4226
17.3853
12.9079
10.7863
15.5821
14.5041
16.4608
15.2219
14.0328
14.0184
16.5571
14.31
14.6917
13.7473
13.1343
18.3276
12.2459
10.9762
17.8102
13.2195
16.1052
13.9407
14.7979
16.7054
14.5041
16.5488
17.5571
15.2653
14.3205
13.863
11.4611
16.902
15.4686
19.0931
15.4301
14.9285
14.3964
11.9089
15.6736
15.5906
17.0575
17.1798
14.7146
18.2721
17.1671
14.1894
16.2518
14.8176
15.457
14.324
16.9125
14.4725
14.3083
17.0693
14.2653
14.9804
18.8301
15.3927
16.2653
11.0078
18.1174
13.5263
16
14.1878
18.1671
17.6962
19.0458
14.9393
17.7712
18.7521
12.6843
15.5041
18.6424
15.8201
11.2987
