4.4349
4.40895
4.4141
6.01701
6.02559
6.02702
6.03566
5.95151
6.04726
4.40941
4.40195
5.98041
4.42068
6.03133
6.07965
4.41739
4.41222
4.39313
6.01132
4.44925
4.46375
4.3973
4.39823
4.44733
6.00706
5.99017
4.41645
5.95424
5.93122
5.95424
4.40568
5.99859
6.00423
4.41363
5.97348
4.43728
6.00848
5.93526
5.98458
4.43157
5.94336
5.95151
4.39823
4.3973
4.42068
4.41739
4.44062
6.05163
4.41974
4.3899
4.42163
4.43014
4.40754
4.41739
4.42399
5.9818
4.40941
5.99438
4.47155
4.38345
4.44685
4.43299
4.3711
4.39175
4.43062
4.3899
6.06631
6.03855
4.4368
5.98877
6.09011
4.43062
5.95697
4.40381
5.98598
5.99859
4.4349
4.44254
5.97625
4.40754
4.41551
6.06779
4.46278
4.40055
4.42777
4.39406
5.99297
5.96658
4.40009
5.98598
5.9366
5.92318
6.01558
6.04872
4.45794
4.41222
4.43062
6.02415
6.10064
6.05895
4.43109
4.42399
4.34134
4.38575
6.04
6.05602
4.41598
4.46667
4.39916
4.4349
5.99859
6.01274
4.40568
4.36156
6.02702
6.03422
6.00565
4.3807
6.09612
4.45987
6.06483
5.98877
4.40895
6.05163
4.44589
4.4349
6.00565
4.41316
4.42021
4.41833
6.07222
6.00848
6.0099
6.01274
6.02702
6.02272
6.01132
5.96658
4.40661
6.02559
6.0371
4.40241
4.44397
4.40009
4.41692
4.39545
4.41645
5.98041
5.96933
5.98738
4.38161
6.05017
5.99157
4.44637
6.06483
5.98877
5.98041
5.98598
6.01416
6.06042
4.42541
4.40102
4.40895
5.97763
6.02129
6.04872
6.02989
4.39406
5.97348
4.44493
4.36928
4.4292
5.97071
6.07222
4.37932
4.41786
4.4188
4.46521
5.98319
4.43157
4.4292
4.39313
6.0429
4.39591
4.39128
5.98458
5.93391
5.94879
6.01132
4.41504
5.99438
5.99859
5.97486
6.06336
6.09461
4.41222
5.99859
4.41222
6.0099
4.42068
6.10064
4.40521
6.01558
4.40568
5.96383
4.45648
6.02559
5.9272
4.47155
4.42116
5.97209
4.44158
4.39962
6.00848
6.01558
4.43442
6.02559
4.4623
4.45262
4.42116
4.38805
4.44014
4.47399
4.40009
6.00141
4.37886
5.98877
5.98041
5.95424
4.38621
6.04
6.02702
5.92052
6.0099
5.97071
5.97763
6.00706
4.3973
6.05749
5.92452
4.42967
5.99297
6.0429
4.42967
6.10518
6.08114
5.88236
4.43728
4.41269
4.39359
4.36746
4.40288
6.10367
4.41598
6.01274
5.97902
4.4188
4.35254
4.38345
4.44925
5.97625
4.43776
6.02702
6.09461
4.456
6.02846
6.10215
5.93795
5.96108
5.9366
6.00706
6.02272
6.0099
5.94879
5.99017
6.01701
4.43633
5.96383
4.36746
6.09612
4.46959
4.40661
4.47938
6.00706
4.43537
6.05017
4.40381
6.02989
4.48529
4.44397
6.04145
4.42683
4.46181
5.98319
5.96245
5.9652
4.38253
6.00848
4.36882
4.40381
6.0429
4.44254
4.41927
4.36156
4.43204
4.38621
4.45214
4.40148
4.40614
4.45504
5.97486
6.02415
4.44877
6.06483
6.03422
6.02702
5.99718
6.08561
5.98041
5.99157
4.40895
4.45311
4.40848
6.01558
4.40148
4.40708
6.01701
6.02559
6
4.4188
4.39406
4.38621
6.03277
4.43109
6
5.92854
4.40055
5.98458
5.96933
4.42116
4.41175
4.40941
6.02272
4.43967
6.02559
5.97486
5.98598
5.98041
5.99578
4.43871
6.03422
6.02559
5.98041
5.97763
6.03133
5.9818
5.98041
4.44829
4.43537
4.41833
6.01274
4.44206
4.4411
4.43347
6.08412
6.00565
6.04145
5.97902
5.97902
4.46813
4.40474
6.01558
4.40474
4.42635
4.40708
6.00423
6.07667
4.40288
4.39175
6.00423
5.96658
5.98877
4.38759
4.42068
4.42304
5.99438
6.03422
4.3973
4.41504
4.4273
4.40195
6.02559
4.40009
5.99438
4.40241
6.05017
4.45359
6.00282
6.02272
6.05602
4.44254
5.96383
6.00848
4.38529
6.00565
6.08561
5.98598
5.99578
4.43347
4.41363
4.38529
4.42493
5.99157
5.92988
4.42399
4.40521
5.98598
4.37429
6.01843
4.39313
5.96658
4.40055
5.9652
6.04872
5.99859
6.04872
6.04435
5.99157
4.45987
4.4507
4.38667
6.01843
6.03855
4.38116
5.92185
5.99859
4.40708
6.00282
4.42683
4.41504
5.98738
4.40568
4.41175
4.43062
5.94879
5.9366
4.41363
4.39823
4.41035
4.44445
5.95971
4.38805
4.39036
6.00423
4.43204
6.04145
5.95971
5.99859
4.45842
5.99017
5.96383
4.4141
4.43014
5.94066
6.05309
6.03855
6.12042
6.01986
4.43633
5.92185
6.05749
4.40614
4.40241
6.00141
4.42304
5.94201
4.42446
6.01274
4.40241
6.04
6.02989
5.96383
6.01274
4.41129
5.99017
4.38621
5.98319
6.06483
4.44973
4.41175
6.05309
4.40614
6.09311
5.99297
6.06926
4.36564
5.99297
4.45648
6
4.36837
4.4411
4.43347
5.99859
4.42021
6.0737
6.02272
4.46764
5.98319
6.09311
4.42399
4.40754
5.97209
5.97348
4.41786
6.01986
6.03133
4.39267
4.41974
4.41598
4.39823
4.43157
4.42163
6.11126
6.12042
4.41222
6.01416
4.42304
4.45214
4.40474
6.01986
6.01843
4.38898
6.07074
4.4657
6.0371
5.94472
4.40988
4.37566
4.43109
6.0429
5.95151
4.42825
4.4349
5.96245
4.37292
6.02559
4.46084
6.02129
6.06483
4.41082
6.01986
6.02559
6.05017
6.00141
5.9393
6.10367
5.95834
4.40241
5.93391
5.99297
6.03277
4.43157
4.41457
5.98041
4.4292
5.98877
4.4623
6.01558
5.91785
5.92185
5.9818
4.38898
4.40614
5.9393
4.4273
5.9818
5.98877
5.92586
5.97625
4.40848
4.41786
4.42257
5.93122
4.45552
6.01843
6.08263
4.35885
4.41504
4.45455
4.35659
4.39498
5.99157
4.39962
6.0371
4.44829
4.43157
5.93795
4.38759
4.41739
6.02559
4.42825
4.40801
4.44781
6.00282
4.44014
4.43967
6.00565
4.40009
6.07074
4.43252
6.00565
4.38299
4.38437
4.42541
4.44349
6.02989
5.99859
6.05163
4.42304
6.00282
4.44158
5.96658
6.00848
4.40148
5.99017
5.97486
4.39869
6.04435
4.42068
5.99859
5.99578
4.39221
6.07965
4.4221
6.03566
6.00282
4.46862
6.02989
5.96933
6.03566
5.99017
4.43919
4.44158
4.43062
4.42683
5.98598
6.01274
5.97763
4.4368
5.94743
6.01132
6.03133
4.46278
4.39082
6.02559
6.01986
6.03566
4.42446
4.39128
6.01701
4.41692
4.44493
6.0737
4.36292
6.00706
5.90592
4.42257
5.97209
6.02415
6
5.88756
4.39036
4.44302
4.3899
6.05309
4.42446
4.41551
6.0099
6.06189
6.01416
5.92586
4.45118
6.0099
4.41175
5.97209
6.03277
6.11889
6.05602
4.41786
4.41035
4.37795
4.42588
4.44349
4.43299
4.4273
5.94743
5.99859
4.43204
5.95151
4.43157
5.97486
4.40334
6.04435
4.43728
6.06631
4.43109
5.9818
5.97209
4.44973
6.04
5.96795
6.0371
6.02272
4.41598
4.41927
4.41645
6.01416
4.44925
4.37475
4.38299
5.92988
4.39406
5.98598
4.3899
5.94607
5.94201
4.43157
5.97625
4.42116
4.4292
6.00565
6.06042
4.4273
4.43252
4.40521
4.43919
5.9818
6.06926
6.06336
5.96108
4.40241
4.47155
4.41129
6.01701
5.99157
5.95971
6.09311
5.99718
6.01701
4.41269
6.01416
6.05017
6.05749
4.40334
5.99297
6.00565
4.44637
5.98877
4.44254
6.04
4.39406
4.3807
4.41175
6.04145
4.40988
6.07074
5.99859
4.38621
4.38483
4.42163
6
4.39823
4.39684
5.98458
5.95971
4.40102
4.41363
6.05309
5.99578
4.41035
4.43776
4.42257
4.36655
4.41129
6.03566
5.99859
4.4188
4.45311
4.39545
4.41786
4.44254
6.0371
4.38621
4.3899
6.09913
5.99297
4.39406
6.05163
4.37247
4.42116
5.99157
6.06483
5.97625
5.99017
4.36292
6.02702
5.93391
6.06631
4.38898
4.42588
4.43299
6.02415
6.0458
5.9272
4.41363
6.02129
4.40988
6.00848
6.00706
6.00706
4.39637
6.03566
4.4411
6.05602
4.37703
6.05309
5.98877
5.99017
6.04
5.99859
5.97486
6.06779
4.38161
4.45552
5.98738
4.4349
4.43585
5.98877
4.3711
4.39406
5.96795
4.37019
4.40102
4.42257
4.45987
4.39452
6.12656
6.03133
6.01843
5.99157
5.98458
4.38299
5.98458
5.95151
4.36202
4.51116
4.42257
4.37155
4.40661
4.40754
5.98319
5.99438
4.37338
6.04
6.0737
4.40381
5.88366
4.45504
4.40288
4.41551
4.41598
6.00706
5.99017
5.95834
4.41551
6.07816
4.38345
4.42541
6.00423
4.3973
4.44397
6.02415
6.08263
4.41739
4.45359
5.97902
4.38116
5.97209
6.00423
4.39684
4.40708
4.41739
5.96658
6.08861
5.9272
6.0458
4.45407
4.41598
6.01986
5.92318
6.01701
6.06779
6.02559
4.37932
5.94201
6.07519
4.44589
4.41457
5.99859
6
6.08561
6.07074
6.02846
6.00848
4.39637
4.40895
4.3899
4.43967
4.42068
4.44589
6.05456
4.45842
4.40848
4.42352
6.09762
4.42683
5.9818
4.41974
4.40895
4.40334
5.95151
4.40381
4.42257
4.37703
6.01558
4.40474
4.42872
6.09762
6.03422
6.00141
4.44158
4.40895
4.37658
4.45214
4.42163
6.02846
4.40241
4.37247
5.97071
4.4507
4.38207
4.40009
4.43062
4.42446
4.39777
4.39452
4.4273
5.99578
6.01558
4.44589
6.00141
6.01274
4.44733
4.44254
4.38437
4.42446
6.00706
4.45987
5.97348
4.44973
6.0429
6
6.01701
6.06631
4.44973
4.43299
5.9652
6.00565
6.07667
6.01274
6.09612
4.43299
5.98738
4.40521
6.0458
4.41833
4.41504
4.44877
6.00706
5.9393
4.39036
5.9393
4.38575
5.99017
4.38253
6.03277
5.99438
6.01274
4.41551
4.40661
5.95015
6.17504
4.40334
4.44254
4.43537
4.40102
4.43871
5.96245
4.39545
4.41129
6.01274
5.95288
5.99297
5.99578
4.42399
4.40521
4.38207
4.39267
4.38805
6.01558
4.37612
5.98319
6.00141
4.39962
4.44397
5.93122
4.45697
5.95561
4.44254
5.97625
5.95834
4.38898
4.40288
4.42352
4.40661
5.99859
4.42163
5.94743
4.39823
5.95971
5.99859
5.93391
6.03422
5.99578
5.99718
4.42967
4.42635
4.39221
4.44445
4.45311
6.02702
4.44206
4.42399
4.39267
4.41974
5.96933
4.36292
4.44397
5.9652
4.49369
4.41129
5.98598
6.04435
4.43585
6.02989
6.0099
5.97625
6.05017
4.41175
5.93257
4.46327
5.95971
4.40102
6.05017
6.00565
6.00423
4.41457
4.42021
4.38483
5.99718
6.03855
4.39498
4.37658
4.44781
6.0371
4.41035
4.44877
4.3973
5.9652
4.40661
4.39313
4.48578
5.93257
5.9272
6.05749
5.98738
6.01843
5.96383
4.37978
5.96245
4.41598
4.40661
4.40988
4.40381
6.06779
4.38253
4.39916
6.04145
5.95561
4.38437
4.3494
5.98041
5.97763
4.44158
5.98041
4.3973
6.08711
5.95288
6.01416
5.97348
5.9818
6.00141
4.42635
4.43157
6.04435
5.98598
4.4932
5.98319
6.02702
6.06631
5.95424
6.01986
4.43728
4.40754
6.00282
4.40195
4.40102
6.0099
4.40895
6.02559
5.98319
4.41927
5.95971
5.94743
5.9366
4.47791
4.45022
4.37429
4.43442
4.44397
5.99859
5.97902
4.4221
5.94743
6.01843
6.02415
5.99718
4.46521
5.9393
4.37795
6.03566
4.4657
4.44014
4.4292
4.44925
6.0099
4.40754
5.96658
5.96245
4.39175
5.98458
6.02846
4.40708
4.41786
6.03566
4.40754
5.94879
4.43537
4.40988
4.43299
4.4292
5.99859
5.95015
6.01132
4.41082
5.98041
4.42635
6.07519
5.95834
6.00848
4.41129
5.9652
6.05163
4.46862
4.47693
4.39452
4.41175
6
4.40614
5.94336
4.40848
4.4349
4.38529
4.4292
6.02129
4.39916
4.44733
4.41645
4.41082
6
4.47252
6.06336
6.00282
4.41363
4.39823
4.36292
6.01416
4.41786
6.09161
6.05017
4.39359
4.40055
4.37932
6.02272
4.42683
4.40568
6.00565
4.41457
6.05017
4.40941
6.02989
5.99578
6.0458
6.10822
4.41457
6.00706
6.01843
6.07519
4.41504
6.03566
6.04872
4.40474
5.98458
5.91519
6.00706
5.98041
5.99438
6.01558
5.97625
5.98041
6.00848
4.367
6.01843
4.40661
6.0458
4.43395
4.40381
6.01274
4.39359
4.41457
4.42588
4.43014
6.04
5.91652
5.93795
5.98041
6.00565
4.40241
4.38483
6.02272
4.39128
5.99438
4.43776
6.02272
4.42257
6.04
5.98877
6.01132
6.0429
6
6.07965
5.96108
5.97486
4.4349
6.09011
6.0429
6.04145
6.0429
4.39128
5.97071
4.45939
6.15294
6.09011
4.41833
6.04726
4.4368
5.99157
4.38805
6.01986
4.37978
4.41082
5.94879
4.45794
6.01274
4.40102
4.44158
4.4188
4.40661
4.43109
4.39545
6.03277
4.40895
4.41551
6.01274
4.39128
6
6.03855
4.36973
4.41269
4.46959
6.00141
4.35209
5.91785
4.37703
5.99578
6.02702
5.96383
5.9652
5.92854
6.07965
4.38253
5.96108
5.99017
4.43109
4.43871
4.40474
4.38437
4.43728
6.01986
4.39777
5.9272
6.06042
6.01843
5.99157
6.0099
4.44158
5.99718
5.95834
4.4141
4.45359
6.00423
4.42116
5.98041
5.97763
4.4349
4.40988
6.07222
6.09913
5.95971
5.95561
4.42493
6.05163
6.00848
5.94879
4.42635
4.37932
6.01416
5.97625
6.02559
4.40148
5.93257
4.46667
4.40148
4.39684
6.00282
4.43823
4.43395
5.99718
4.45022
4.43537
6.03133
6.06483
4.39359
6.00423
4.45118
5.97071
6.04
6
4.40428
6.05749
6.0099
4.37566
4.42493
4.41504
4.42021
6.00141
6.01986
6.01274
4.38713
5.98598
5.87459
4.3661
6.04
4.41222
5.97209
5.95697
4.43109
4.44397
5.95834
5.97625
5.92052
4.39591
4.41833
6.00565
5.94472
4.44397
4.4141
4.39175
6.04872
4.41457
4.37475
4.41363
5.97486
5.99017
4.40895
4.41645
5.97625
4.40941
4.38898
5.94743
4.44014
4.41316
4.39591
4.42872
4.36746
5.89017
4.40428
6.04872
5.99157
6.00423
4.40754
4.47693
4.45794
4.40754
6.01416
5.96795
5.98877
5.99859
4.41598
6.05749
5.89148
5.97209
6.03133
4.46133
6.02989
4.43062
6.03277
5.97348
4.40848
4.41551
4.45214
5.97763
4.42116
6.00141
6.00282
5.96245
4.41974
5.98738
4.39359
6
6.05749
6
4.42021
5.99157
4.41739
5.98598
5.99438
4.4221
4.41551
5.99859
6.06336
5.96658
4.46472
5.99718
4.43871
5.98041
4.38116
5.97625
4.38437
4.39637
4.40895
4.43395
4.44637
4.41598
4.42116
6.01986
5.9818
6.04145
4.39036
4.41269
4.39128
4.42683
4.3575
4.38575
6.09612
6.00141
6.08114
4.42541
4.3973
6.02989
4.41129
6.02415
4.40102
5.91254
4.4141
5.97071
4.42493
5.94607
5.91121
5.99017
5.99859
6
4.37429
6.02559
4.40474
6.00565
4.38207
4.42541
4.40009
5.89671
4.38851
6.09161
6.02272
5.94743
6.00848
4.37201
6.04145
4.41175
4.39452
6.02272
4.44589
6.03855
6.00423
6.02846
5.96658
5.94743
5.98877
6.00706
6.02702
6.00282
6.00141
4.39637
4.44733
5.99718
4.44014
6.06779
4.40428
4.41175
6.02272
4.39684
6.02415
5.99438
6.06483
4.43299
6.0099
4.44062
5.87588
6.00282
4.40801
6.02129
5.99578
4.39267
5.95971
6.03277
5.96383
4.41927
4.41269
5.99718
4.43585
5.88886
5.98877
4.38483
4.42872
5.91652
5.90989
6.02559
6.06042
6.00423
4.38207
4.42399
4.39545
5.95834
6.06631
6.04726
5.93257
4.40381
6.01986
4.39962
4.44014
4.41786
5.95015
5.96795
4.41974
4.44973
4.42872
5.97625
4.45987
6.02846
4.39684
4.41786
6.01274
4.37612
6.0099
6.04
5.96245
4.43967
4.43585
4.43347
4.42825
5.97209
4.41645
5.96795
5.9652
5.92988
5.99578
6.05602
4.43347
6.00565
4.44829
4.41927
5.98738
6.0099
6.00282
5.9818
4.43299
5.90856
4.42116
4.43633
5.97348
6.01558
5.96108
4.47106
6.01986
4.45118
6.00141
6.01843
5.97902
4.40988
5.95834
4.35164
6.00848
4.48627
4.41692
4.42683
4.43014
4.44637
6.08114
4.43871
4.39916
4.43252
4.38024
5.97625
4.43442
4.43728
6.01701
4.43919
5.9366
6.03566
4.37703
5.96658
4.4273
4.41551
5.92318
5.97763
5.90328
6.00423
5.96795
4.40334
6.01843
6.02129
5.98458
6.00848
4.39869
4.34716
5.98598
5.94879
5.99578
4.39175
6.01416
5.97348
4.41175
4.42588
4.41833
4.40754
4.41082
6.0099
4.46911
6.00848
5.99859
5.97486
4.40848
6.00423
4.40241
4.36338
4.40614
6.01274
5.96795
6.02702
6.04872
4.36882
4.45214
6.06483
4.40055
4.45552
6.08711
4.45648
5.97486
6.00141
4.43395
6.0099
6.01132
6.05017
4.45118
5.87459
4.43014
5.98458
4.44973
4.41974
5.98041
4.42967
4.41974
6.08861
4.43395
4.43252
4.44014
4.41504
4.45214
4.41363
4.41316
5.97209
6.01132
4.40195
4.40801
6.00282
5.98738
6.06631
4.40288
4.43299
5.91121
4.39175
5.97486
6.03133
4.43062
5.96933
5.95151
6.02989
6
4.40568
5.92185
6
6.03855
4.38667
4.40988
5.99017
4.43347
6.00141
4.39591
5.99718
4.4411
6.1143
4.39036
4.45262
4.43204
4.41035
6.09311
5.98877
5.97209
4.42588
4.4141
5.92854
4.46472
4.43442
4.44541
4.42635
6.05017
5.98738
4.42163
4.46813
6.0737
6.00848
4.44445
6.01558
5.8954
4.41222
4.41129
5.95561
4.38667
6.06631
4.45455
4.46133
6.02846
5.9652
5.99017
4.40334
4.43157
6.03566
4.43967
4.36519
4.40195
4.39684
4.43823
6.08711
4.38759
5.98458
5.99718
5.98877
6.04145
4.42399
6.03277
4.39637
4.4349
4.39591
4.42541
4.44589
4.39869
6.05017
5.96245
4.39869
6.05895
6.01986
4.40661
4.43347
6.03566
6.05602
4.41974
5.96108
6.07074
4.45745
5.96658
6.08263
4.39823
5.98877
5.96658
6.01986
4.41222
4.41175
6.01986
5.97348
5.91386
4.39498
4.43395
4.39916
4.41927
6.02559
5.98458
6.0458
4.4141
6.01558
4.42257
4.41457
6.07074
6.04145
6.09612
5.89802
6.00423
4.41739
4.41927
4.39267
6.05456
4.39777
4.4141
4.44206
4.43633
5.94879
4.43919
4.40009
4.43299
4.38253
4.41692
6.05017
5.97348
6.00565
4.44589
4.36383
6.04145
4.41598
6.07074
5.98041
6.01558
6.04872
6.03422
5.8733
6.01843
4.39777
4.40334
4.43062
5.95834
4.43728
5.97209
6.06483
4.40055
6.10822
6.00282
6.02846
5.98738
5.98738
4.40988
6.01132
5.98598
5.96245
4.41598
5.97209
4.3807
5.99017
4.37247
5.95424
4.38575
4.38391
4.4368
5.96383
6.03422
5.96245
5.99297
5.99718
6.01986
4.38898
5.97209
6.06042
5.95834
4.42257
6.00141
4.44206
6.00565
6.04
5.91652
4.38575
4.44254
4.41598
4.4141
4.4589
6.10064
4.41457
6.02272
5.96383
4.42541
4.42635
5.94879
4.37978
4.40801
6.0371
5.98877
4.38713
6.01416
4.39267
4.38851
6.04145
4.41645
4.42588
4.43728
4.40102
6.01416
5.97348
4.39777
5.97763
4.4221
6.01558
6.0429
4.44254
5.98738
4.40895
6.04872
5.97348
6.05895
4.44493
6.01558
6.09011
4.42446
4.40381
4.4273
4.40148
4.42635
6.05749
5.91386
6.0458
4.44062
5.95288
4.37019
5.99157
4.42399
4.43062
4.41645
5.97902
4.40988
5.95971
4.40988
5.98598
4.38253
5.95424
6.04435
4.41222
4.44254
4.45987
6.02846
5.96658
4.37886
4.41504
4.43062
4.42588
4.40895
5.99017
5.9652
4.44014
4.44637
5.99157
4.42116
4.40195
5.99859
5.98319
4.40428
6.00565
5.97902
4.42116
6
6.01701
5.97209
4.4735
4.41598
4.367
4.40801
4.40848
6.01843
6.02272
4.42777
4.42446
5.98458
4.41692
6.01843
4.43299
4.45407
6.01416
5.99859
4.43395
4.43014
5.94472
4.39406
4.3711
5.99157
6.07965
