21.3347
18.1798
19.8351
19.9259
19.7979
19.8915
21.4922
21.6962
18.6646
18.0524
18.8798
20.9125
19.8733
21.3706
21.3489
18.6045
19.8477
18.2875
19.7473
19.8052
21.4686
20.7857
21.6163
19.8052
23.1671
19.9046
20.303
21.4001
17.9867
18.5192
19.8837
19.8837
18.2343
19.776
21.4454
20.0371
19.8579
21.5488
19.8733
20.8604
18.2418
19.8028
22.3276
20.3853
18.2064
21.6871
19.1128
20.5243
18.804
20.8003
22.2721
23
17.9359
19.7664
20.7568
19.5182
23.0227
22.2585
19.7712
20.7712
19.8656
17.4006
18.191
21.4764
18.2015
19.5633
19.8993
21.04
18.7724
17.6618
20.4001
18.2526
22.3418
20.1576
19.2501
19.9339
19.9125
19.6557
22.4454
21.415
22.8915
23.3276
21.4001
20.4882
18.8065
18.2434
19.6337
23.8301
19.3083
19.1022
19.8028
18.2644
19.9072
19.8226
19.5654
20.6206
23.5406
18.187
21.1174
19.8477
23.9125
22.2996
18.3065
18.3223
21.3853
19.5591
21.4001
22.4301
18.1219
17.3625
18.2746
23.4764
20.7712
18.3004
22.0931
18.9749
21.5406
18.2426
15.651
19.2721
19.8326
23.0693
19.0042
20.8251
22.9556
20.7568
24.1926
21.3418
17.2594
21.4075
20.9888
18.2409
16.68
20.8656
19.8837
21.7426
23.0931
19.8151
21.4454
22.3418
19.9046
22.9339
19.8604
19.8759
21.4301
20.71
21.3489
19.8837
21.4075
21.5488
23.0693
20.3561
22.3418
20.7473
22.3276
19.7497
21.142
18.0931
15.667
19.9099
18.2384
20.9179
21.2252
23.0227
15.942
19.9099
19.8151
19.8503
18.256
19.2687
17.9205
17.9742
17.2644
20.5243
21.8707
20.6871
19.2602
16.4162
19.8579
18.2178
19.7379
17.6758
20.8707
18.8414
20.9179
19.8201
19.8452
23.1174
18.2015
19.4301
19.7784
20.7905
21.4075
18.7808
22.4301
20.8863
18.7991
23.1926
21.0871
20.9666
19.863
21.3779
21.625
18.2468
20.8301
19.8102
19.8003
20.9179
18.3188
18.8276
20.8967
19.9152
17.6348
18.0663
23.0931
19.8941
19.7688
20.1959
21.9888
21.3347
23.1174
19.183
21.415
19.8553
19.0458
19.5202
19.8102
18.278
21.5162
22.7146
21.3853
19.8052
18.2755
18.8213
19.0285
21.4608
15.6713
22.2318
20.9888
16.684
19.1943
19.8785
19.8376
18.2351
19.175
21.4001
24.142
21.3276
19.555
17.2447
21.5081
20.9232
17.0425
19.5843
21.2518
19.7285
20.7426
21.3135
21.4301
22.8915
19.0575
19.9046
17.9172
15.6634
20.7905
19.8401
18.2738
18.2815
20.7285
17.415
18.2644
22.3706
18.7239
19.7784
19.3013
20.8553
17.2704
23.1671
19.7426
21.4075
20.902
18.6724
20.7568
21.3205
18.2636
20.8863
20.4075
18.2302
19.8077
18.9776
21.5654
18.8326
23.415
19.7954
20.71
19.1052
26.1926
18.1671
18.8464
18.3144
18.2678
18.9312
16.6604
19.8477
22.6424
19.7332
19.8376
17.8974
19.8427
19.1436
21.5002
22.7521
18.251
20.8151
22.625
19.8993
17.5811
20.4608
18.5253
19.2535
19.3364
17.6624
19.5612
17.1347
18.8993
18.2434
20.7905
18.8928
21.4843
21.5571
19.2088
18.7462
16.3773
21.6513
18.1975
16.443
21.4686
18.9944
16.8643
19.793
19.7497
19.8176
21.4531
17.5365
23.2186
19.2552
23.1926
19.8707
23.8301
19.7833
21.5654
18.2712
22.5906
24.3561
19.2219
19.8889
21.6962
19.2203
18.2577
16.4691
19.902
21.3347
18.059
17.6905
18.993
20.4493
20.3454
17.204
23.1174
15.6659
22.1926
21.0634
21.3276
19.2568
21.4454
19.7736
18.2935
16.6576
20.1766
19.8863
21.3706
21.625
18.2088
23.3561
20.8759
19.4882
15.8237
18.2628
21.6077
17.5395
18.217
20.7054
21.0113
19.8759
21.4922
22.1798
21.4764
18.2552
20.4075
23.5081
18.8553
19.2451
18.1983
22.7905
20.4725
19.6359
20.183
17.5843
17.6769
18.2485
21.6077
18.2137
22.8102
17.1316
17.6518
21.4301
20.9339
22.3853
18.2244
19.4784
19.8503
21.4378
20.8707
19.7356
16.8987
18.2485
19.8351
23.2186
19.8151
21.902
20.9888
17.2223
16.871
19.8201
19.6469
20.8151
22.6424
22.9339
21.3489
20.0458
19.8251
20.7239
18.256
23.0227
17.1467
19.8503
18.191
18.8201
21.5654
22.8707
21.5737
19.4113
22.7521
21.5991
20.4454
23.1671
21.6962
20.4922
21.4608
15.684
21.4608
21.3489
19.0752
22.2721
18.776
22.5571
19.7857
19.5365
18.416
18.226
19.9312
19.4132
16.6507
19.8251
22.9339
17.2853
20.9285
15.6482
16.419
19.7954
16.8474
18.5202
23.6424
18.2178
22.9339
19.4628
17.2644
18.2105
19.6601
15.5215
19.745
19.902
18.2293
19.8351
21.3276
20.2653
16.4344
19.8201
21.2996
19.7979
18.2451
20.902
19.0516
16.1084
22.5906
19.8401
18.3276
17.2476
22.0575
21.6424
18.0056
19.9099
20.8915
20.612
18.8681
16.6784
20.7857
18.7344
18.2815
19.8201
19.3083
20.8759
20.3418
18.2343
22.3276
20.8656
17.0422
22.3706
19.9693
20.8915
21.4608
17.6696
23.1926
18.4589
18.2326
22.2858
21.3634
22.3561
17.9072
21.4531
18.284
19.7616
20.8052
23.1926
21.2653
19.8837
21.7616
19.8126
21.8201
19.1358
22.8301
17.2397
21.1671
22.7712
19.8915
21.4075
20.0782
22.1926
23.0458
19.3013
19.3761
17.0623
19.0841
20.902
16.9821
18.0042
21.8201
18.112
19.793
19.7332
21.4686
16.9175
19.7954
17.2687
18.2858
19.5821
19.2154
19.8003
18.5314
19.8452
18.7881
20.9721
20.4301
21.3489
19.863
19.5737
17.2602
18.9776
21.2121
19.8579
17.9923
20.3135
19.5162
17.632
21.5488
19.5949
18.3109
21.0634
22.5406
19.8785
19.7616
24.142
19.1389
21.1235
19.8553
22.4764
21.4843
22.4764
18.1975
20.5864
18.2468
21.0516
17.2547
23.3853
19.7031
17.5288
20.4725
16.1287
18.0227
20.7239
22.4001
18.2695
23.3276
17.6618
16.725
20.6337
19.8251
19.8452
20.7192
21.2926
19.8052
19.7857
22.3561
20.776
23.9556
19.9205
20.1576
19.31
17.2556
18.2611
21.3706
18.2944
23.2186
19.3117
18.175
23.6781
18.4912
18.8681
19.1296
18.9299
20.7008
21.1735
18.0277
20.7379
20.8102
19.8785
21.4843
16.9417
23.7521
20.9179
18.7616
22.1545
23.8301
19.793
21.4454
18.7309
16.4483
19.3083
20.3853
15.6713
20.7379
17.8452
19.2738
21.4075
23.5406
23.2996
19.8351
16.6649
20.6826
21.3135
22.4301
17.6179
19.2121
21.6424
19.7979
21.6962
15.6743
19.2121
22.5081
19.8176
21.3853
18.2129
19.6403
24.6781
22.4764
22.1545
19.2252
21.2721
18.0249
17.1569
19.7857
21.4764
20.4416
19.8126
15.6702
22.5081
17.2717
20.902
20.7473
21.3779
22.5406
21.3561
22.8915
18.8313
18.863
19.2203
22.9556
18.2611
18.2072
19.2704
18.7008
17.2405
19.175
21.5654
24.415
22.9125
21.4531
21.2789
19.2636
19.125
18.1943
19.776
18.2585
19.8604
20.2892
19.7881
19.9638
16.6596
19.4745
15.6847
16.5129
21.9232
18.2459
23
19.9046
20.8656
20.7954
21.3489
23.0227
20.8553
17.2326
18.2789
15.6799
18.2636
21.5906
19.2653
20.2961
19.9393
18.2712
19.8276
20.9285
19.7857
22.2858
19.8681
23.2186
21.5002
20.7473
20.457
20.7332
20.3853
22.1926
17.2687
21.4378
18.9033
18.2628
22.8915
22.3853
18.3144
18.2978
19.7544
20.6646
20.04
22.7905
21.3276
19.6668
18.2721
16.3713
18.2526
20.7712
20.389
16.37
20.0028
16.9923
18.2687
21.5821
23.7905
15.6631
18.2687
24
22.3561
19.8553
20.2186
21.3853
18.2277
20.6557
18.2746
19.8176
18.1886
22.4001
18.2211
19.7881
17.0081
19.8176
18.2518
18.7991
18.4686
21.5654
21.3706
18.8681
20.9666
16.6444
19.2721
16.3618
18.5334
16.7637
19.9474
20.1959
19.8201
20.8811
21.5081
19.8028
20.4804
18.8503
21.5324
19.5061
19.776
20.0693
18.5885
19.7332
17.6463
18.2113
21.5406
21.415
19.8201
21.8707
21.7616
18.8263
17.2397
21.4922
19.2636
18.5162
17.2401
19.7808
19.7473
22.6424
18.2798
18.2285
20.7285
19.6034
21.415
19.8604
20.8452
19.8733
19.8733
19.8733
19.0473
19.7979
17.2657
21.8503
18.8566
19.8733
19.7857
20.8967
16.0272
19.2105
23.5406
18.8733
21.4531
21.6077
21.2186
24.2451
18.7796
21.3561
18.5622
21.1174
17.2232
19.6403
16.6854
19.8915
21.7054
17.8688
21.2996
19.9072
19.863
19.8427
20.8251
20.8301
19.7808
18.3083
18.8164
19.5927
18.1975
21.1545
16.6747
18.2619
19.8028
21.4686
19.8251
20.7332
18.2384
22.7332
21.3853
19.8276
18.8226
19.8604
19.8326
22.4454
18.2944
20.8052
21.4922
21.3489
20.902
18.0306
15.4423
20.776
19.8427
17.6507
21.2789
20.9072
21.415
17.27
18.3039
19.8863
18.2121
19.6849
18.2678
19.8477
21.0056
22.0693
21.3205
18.8351
19.9285
22.4922
23.2451
19.8941
19.0127
20
19.8376
18.2426
18.8876
22.7712
22.4608
19.9152
19.2806
18.4745
19.3083
18.2738
19.9666
18.2611
20.8604
20.8553
22.0113
17.9508
23.9125
17.6518
21.5002
18.793
21.3561
19.8759
19.9312
20.2552
21.0458
17.2314
18.2293
21.2926
22.6962
19.7192
22.5906
21.1296
16.6809
19.1926
20.7905
16.6496
21.2789
19.8889
22.3853
19.8604
21.4075
18.2996
20.9447
19.8967
20.7905
21.2451
18.2285
18.4473
17.0667
22
19.8376
20.776
19.8176
21.4378
17.2019
19.2368
18.389
19.4531
18.2798
23.8707
22.4454
20.8301
20.6962
20.7332
21.5243
18.2393
20.8102
16.4351
19.6446
19.8553
23.7146
19.7544
20.9502
19.5061
20.1451
15.4497
15.5094
18.2738
18.0014
19.2738
19.793
22.4001
18.6023
20.457
21.4378
21.7808
20.8604
18.1951
15.8269
19.3013
21.2721
19.9179
21.5737
16.4359
21.3779
17.673
21.4226
22.625
19.7239
19.7905
19.793
21.4686
22.9125
16.4964
19.9179
19.31
19.863
16.6624
19.8176
22.5571
17.251
23.0931
19.902
18.2687
18.8276
23.5737
21.017
18.8151
19.8028
18.2434
22.2451
15.3101
23.3853
19.8077
21.5906
21.4608
20.8151
19.8003
19.284
17.9902
21.4531
18.9447
24.2451
18.2072
19.4282
18.2145
17.2879
20.8503
21.4686
18.2704
17.2439
22.3853
19.7954
20.7568
19.8707
18.2806
16.9259
19.2285
22.3706
18.2476
18.8889
19.2585
18.2526
19.2368
23.3561
19.8301
23
22.5906
21.9776
20.7905
21.5488
18.3267
19.8452
19.8579
18.2031
17.959
18.8188
23.142
19.8579
19.7712
19.4207
15.6592
18.8592
22.6962
17.2564
19.8889
21.5324
19.2418
21.0056
18.8515
18.4972
18.1742
23.415
19.0796
15.6653
18.0678
23.1174
19.2285
18.2798
17.6641
16.485
19.2384
19.8733
21.415
23.2186
21.4301
22.9339
19.9205
17.0035
22.5243
15.7173
20.0722
20.8503
23.2451
18.2978
18.191
18.2653
18.226
17.9079
20.7568
18.9515
16.6433
21.3927
22.5243
16.6474
18.251
21.3065
19.2137
15.6532
21.3205
16.6482
19.1561
22.2056
19.7473
19.217
22.1296
19.8401
18.2892
20.9072
18.9944
20.8915
18.1975
22.2721
18.2501
22.5081
21.5737
18.8798
19.8604
21.0056
21.3927
16.6452
19.8477
21.1671
21.5488
21.4686
21.4608
19.4745
16.4413
18.3109
18.8464
18.2636
19.2926
18.2476
17.0088
19.0663
18.0142
18.8902
17.2649
19.1608
21.4843
18.2628
22.9776
19.5142
18.208
18.2426
18.7796
18.1327
19.8915
16.9122
20.1327
21.6601
22.2585
18.5061
17.5602
18.2712
20.389
19.9072
18.8681
18.7796
22.5737
16.6299
20.6871
19.8863
21.8503
18.8389
19.204
20.8863
21.4226
23.5406
18.2203
19.5344
20.7192
21.4075
18.251
19.8967
21.8003
18.3056
20.1862
23.3561
23.3853
16.6696
20.4416
19.0487
19.8028
19.8811
19.8707
17.6179
21.1235
19.8915
21.8201
17.3013
18.8733
19.7216
19.1128
17.6668
21.4378
20.8351
21.4454
16.634
16.6652
16.9259
18.5012
23.1671
23.6424
19.863
19.4823
22.3706
21.1862
18.6293
21.8003
21.4922
20.6736
16.6696
22.625
18.2384
19.8889
18.2772
19.267
20.7054
20.9502
23.4454
21.1052
19.8503
21.0752
17.4887
18.2729
17.8811
20.6917
20.8967
22.2585
19.8276
17.4784
19.8967
17.6685
20.8301
19.8837
18.8464
19.8102
19.9125
19.8427
18.2815
18.2501
18.2628
19.8656
19.8811
17.0328
19.8579
18.7568
21.5081
21.4001
16.3142
21.5324
19.6403
21.4531
16.6466
18.7438
24
21.4226
22.5243
15.6575
21.4226
19.9072
21.5162
23.142
22.0113
19.1814
19.2105
21.3779
17.0028
23.2721
20.8915
19.2401
18.2252
19.7592
22.6077
20.8503
20.4725
18.2823
20.5162
19.8052
21.5081
17.6719
16.6493
19.9179
21.2789
20.1022
23.6424
19.7784
19.8837
19.2789
15.4398
19.9179
21.4608
19.8967
19.2088
17.0454
18.7379
18.2211
20.1894
19.902
16.6209
19.7309
18.5112
21.5488
18.2823
23.7521
21.2789
19.0604
19.8503
21.8604
19.7031
22.0811
18.1902
17.4478
22.5243
18.3039
18.0916
18.2129
22.8102
22.2318
19.2137
21.7712
17.4927
18.2543
22.4922
21.4686
19.8528
18.0553
22.142
17.8522
19.7954
19.1529
18.9944
20.7285
21.2721
20.0961
21.3853
21.1862
20.776
16.7129
19.2072
19.324
17.0462
20.2585
19.9556
17.6635
20.9339
20.7616
21.7239
18.2653
17.2117
20.0085
22.4608
18.4784
19.8126
22.3276
22.8301
23.2186
19.2789
21.3779
18.2145
15.4293
17.6917
18.2628
21.5002
22.5906
18.3992
15.921
21.8201
21.3418
18.5478
17.9556
19.8176
16.6722
19.8993
23.0458
17.5922
16.4382
20.2384
17.6939
20.9179
21.5002
19.9072
19.8579
22.5906
19.7544
19.8226
19.7568
21.6077
19.8176
18.2097
21.5406
17.2615
22.9339
21.3927
19.0357
17.8585
20.9721
18.2552
20.0371
18.3065
19.8376
19.7616
18.2129
18.7077
16.6674
24.3561
18.208
16.675
22.4922
21.1296
18.5529
18.2746
17.4085
17.6518
19.7077
20.612
21.2585
22.3853
18.6293
21.9888
18.2644
21.3135
20.6736
19.8811
23.1926
17.6463
16.5485
22.8301
18.7403
19.7979
22.4922
21.4378
19.8351
19.7403
20.8915
18.2763
20.7954
19.8376
17.4642
18.2653
23.5406
19.0071
19.4608
18.2611
23.9125
19.7688
17.938
16.4268
19.7808
22.9125
22.3561
18.8439
18.0984
22.9776
20.8003
19.7592
18.191
18.4833
16.6274
19.1405
18.5012
17.6792
18.8941
19.3083
20.9125
19.8993
23.4764
16.9989
22.415
21.5654
16.6671
19.6917
19.0619
22.8503
19.8733
18.324
18.1894
19.8427
19.8993
18.8902
18.8427
18.2252
19.942
19.7857
18.8238
21.3135
19.7616
19.9205
17.6491
23.2186
21.415
22.3135
19.4882
19.5385
17.1955
22.1671
20.9179
17.2862
17.1323
19.8553
23.2996
19.8028
18.0049
18.3454
22.625
22.5906
20.8759
19.8528
18.2883
20.8656
21.5488
18.0199
19.1624
20.9832
18.6381
18.4349
20.612
21.3489
21.4075
17.4373
22.9125
18.7736
19.8201
19.4902
20.7568
20.9502
17.2422
22.4922
17.6951
21.4764
23.2186
15.9403
21.4001
23.1926
20.317
21.4608
19.8401
21.3634
22.8301
19.5949
21.5243
19.8604
22.7712
20.9179
16.9125
19.7403
19.9099
18.8376
18.1943
17.6951
16.6641
23.142
21.5002
18.5273
22.2318
17.2343
21.3489
22.2721
21.2858
21.3065
24.142
22.3418
19.7054
18.256
17.2289
18.2384
20.31
21.5737
20.5949
19.9339
16.6699
19.8003
19.8733
19.8528
21.2858
21.3634
21.4843
21.4922
19.2186
18.8811
18.2376
18.2729
20.9285
16.6419
19.1067
17.5442
21.3706
19.8077
22.8301
20.7664
15.929
22.3853
21.4686
22.3418
19.8452
19.2236
19.7881
21.1113
20.776
22.4454
21.415
19.9259
19.7568
19.8052
19.8579
21.8811
20.6034
18.4493
16.6502
19.8759
19.2653
19.8837
21.6781
19.5716
19.2418
22.0113
21.6691
19.8251
16.6424
16.4806
23.3561
19.4531
22.9776
21.5654
20.8967
19.1991
18.2518
17.2489
23.3853
21.5406
21.7808
21.4608
16.4524
19.8733
20.5365
17.8617
19.902
21.4608
21.4686
21.4922
16.4541
21.3927
21.4001
16.3476
21.3135
23.3276
24.2996
19.7857
19.5102
20.4188
18.226
21.0056
16.6999
19.6691
20.8052
20.9072
21.9447
20.1514
22.2996
19.9099
19.5949
18.2918
21.7616
22.8707
20.8151
20.6557
22.6424
19.8733
21.4531
16.8987
18.1758
21.4075
15.6695
19.1374
19.8376
19.8102
18.179
20.5695
19.9285
16.556
23.1174
21.3276
22.0458
19.8553
19.3223
19.8553
18.5051
18.2628
21.4378
21.4454
21.3418
23.0458
18.4416
18.6023
21.6337
18.0575
19.902
21.2518
23.2451
19.7712
17.7527
19.2636
19.8077
18.9125
17.9145
21.5002
18.187
18.8669
18.8464
19.2434
19.8733
17.2717
19.2687
18.2858
19.8028
19.2636
21.2384
20.7239
19.8785
20.3706
22.1671
19.7784
19.8707
23.0931
18.0999
19.8052
19.7616
19.7954
19.7712
22.415
17.0138
22.2318
18.8863
21.2318
15.6422
21.2121
21.0285
20.902
22.3418
19.8837
18.2704
17.6809
17.2611
19.7857
20.5779
22.4922
19.793
17.9937
21.3489
18.2798
19.7954
19.8528
21.4378
20.8301
18.2935
21.4226
20.1639
19.0737
21.5488
16.3454
21.4226
19.5447
16.6931
18.5395
16.7542
18.1878
16.5311
19.1174
18.251
19.8785
20.1545
23.3561
18.2335
22.0227
16.9299
22.6781
19.7784
18.2227
16.9553
23.5737
21.1862
19.0113
19.3276
19.8553
19.7954
23.0227
21.5243
18.555
17.9165
17.5911
18.2426
19.7544
21.4843
21.3927
21.8102
18.2628
23.9556
18.2552
18.3048
20.7905
22.6077
19.8301
18.8238
22.2318
19.2137
21.5324
18.2653
20.8811
23.0693
19.8993
19.8401
23.415
21.3276
20.7568
18.6747
18.2611
20.9611
21.017
18.2064
21.4454
19.863
21.4764
18.8376
21.4301
20.7239
19.8326
18.2326
18.8414
16.7065
19.8003
20.0028
17.2806
15.6556
19.8401
19.7784
18.2704
23.0693
19.3507
18.2901
18.2203
19.8733
19.8276
21.3135
21.3418
18.8126
19.9312
21.5081
22.9125
20.8553
20.8811
16.8846
20.3382
20.2789
18.2343
21.5324
20.8251
18.5654
19.8553
23.6424
19.1991
20.3706
18.0744
19.8226
21.4226
19.7784
20.7379
21.7905
19.0429
20.5122
22.9125
20.8102
19.2418
16.656
19.8427
22.3135
23.0931
20.8503
18.3048
19.8889
19.2926
21.5654
22.7332
24.2451
18.2476
23.2451
16.8944
19.2738
18.4657
20.183
16.6507
16.3761
19.2023
20.7054
18.2832
18.6962
18.187
19.7688
21.4378
18.8114
19.2269
21.3347
21.4531
17.938
18.2806
20.415
21.7239
20.5488
21.3561
22.3418
20.8707
23.0227
18.2644
18.2987
19.9583
15.6429
19.8915
22.4454
20.776
17.2793
17.6883
21.6601
22.8915
20.6826
17.0199
21.5243
19.8077
16.6795
21.4531
18.8414
23.7905
18.3117
20.7285
20.8052
19.3329
19.7664
16.6863
18.3196
20.7712
18.2763
19.8301
19.31
21.2318
20.7426
21.4686
19.8003
18.9112
21.0227
21.4764
21.4226
23.0458
17.3135
19.9666
18.7845
20.4725
22.4001
21.3347
18.2746
21.4454
18.2418
20.9502
18.2552
18.2318
19.1219
21.3927
19.7664
18.256
22.6077
21.3706
21.5488
19.2236
20.9776
18.2918
18.2285
20.4608
21.3489
18.2088
16.684
18.7833
21.2926
18.8389
