5.96795
3.97382
5.99297
4.40568
4.41457
4.97002
5.92185
4.4927
5.03133
5.02129
5.97486
4.00353
5.96658
4.98458
6.0371
3.99648
6.03277
4.40614
5.02989
3.98215
6.09913
4.01736
6.03422
5.00423
5.95697
5.99859
4.00211
6.08114
5.95424
5.00423
4.43442
4.38299
4.42541
5.96108
6.00141
4.37475
4.99859
4.39313
4.97417
4.93593
4.38437
5.03061
6.01986
6.05163
4.98598
5.03422
4.44829
4.41457
3.94879
5.00494
4.97417
6.00848
5.01203
5.05822
4.92385
6.10215
5.01345
5.94336
4.43299
4.39359
4.43299
4.00459
6.03855
6.00706
4.00353
5.00848
4.40195
3.96795
6.03277
3.9811
4.97002
6.03277
4.97486
5.00919
4.01238
4.40334
5.01274
4.97002
4.44062
4.01274
3.99754
4.02272
4.98458
5.04072
5.05382
4.39082
4.37566
5.95151
4.44254
4.95697
6.03422
5.02559
4.99017
6
3.9811
4.02308
5.00565
5.01416
4.42541
4.97625
4.4141
4.41175
5.09011
4.00106
5.98877
5.02702
4.4411
4.41269
5.01416
5.00353
4.39359
5.94743
4.00388
4.39823
4.41269
4.99227
4.42399
5.0263
5.89278
5.00777
4.9825
4.40195
5.96383
4.41363
4.41504
4.39082
5.00777
4.00388
3.9993
4.99508
5.02415
6.00282
4.96314
4.9825
4.39545
6.00282
6.09913
6.00848
5.93795
4.43252
3.99332
3.95561
4.38391
4.43871
5.02344
4.39452
4.32757
6.02989
3.96177
4.01238
6.03422
6.00848
5.99578
4.97763
3.97902
5.01915
3.95834
5.0263
4.01416
4.43776
6.00565
4.38575
5.00211
3.99157
5.01986
4.39916
4.9652
3.97902
4.98807
5.93391
5.98041
5.02057
4.39175
5.96245
4.43537
4.02344
4.43442
4.94133
5.05236
6.01558
4.94675
6.05309
3.9993
4.41504
5.98877
5.99157
4.39452
4.02666
6.00423
5.97625
4.02344
4.44349
4.42116
3.96727
4.43395
4.42116
5.99297
5.00282
4.40708
4.97486
5.02344
5.95424
5.95151
4.41175
5.98877
4.01594
3.97348
4.97348
6.01701
5.97625
4.98389
4.98598
4.40614
5.93257
5.01274
5.0007
6.02559
5.00494
4.0007
4.0007
4.9993
6.03422
4.3973
5.02129
5.93122
4.44349
3.97625
4.38253
5.96658
5.00353
4.99578
5.98877
4.39916
6.08263
4.39128
4.40521
5.9652
6.0371
4.35344
4.39777
4.01167
6.00706
5.94472
5.0509
4.40568
5.02702
4.98738
4.01345
5.0099
4.40568
6.01701
5.99859
6.04435
4.99578
4.41786
4.01416
4.9818
6.03133
4.37247
5.02129
4.00529
5.00919
4.4188
5.98041
3.97833
4.38759
4.38299
4.99367
4.3899
4.38575
4.01523
4.40428
4.38345
4.42021
6.02846
6.10518
5.01558
5.04872
5.01416
6.0737
4.38299
4.98738
4.42683
4.38253
5.02487
5.99718
4.36791
5.97209
4.98528
4.45939
4.95629
3.99859
6.0737
6.04435
5.00494
3.97763
4.41927
4.38024
4.97763
4.40895
4.36111
4.42304
4.93257
4.03855
4.41786
4.00141
4.43919
5.92318
5.00919
5.89409
4.40661
3.97729
4.41974
4.41974
5.07
4.42588
4.43585
6.0099
3.99227
4.4221
5.01061
5.00919
4.43442
4.38391
3.98389
6.01986
3.97971
5.09762
5.97763
4.37703
4.0099
5.89409
4.37429
4.95834
5.98738
5.94066
3.96864
4.37566
4.98598
4.4188
6.01132
5.05529
3.97625
4.40474
6.02989
4.01879
4.9714
5.00848
5.9818
6.07074
4.40661
4.41974
4.42493
4.42068
5.99017
5.97625
4.39221
5.02344
5.91121
5.94472
6.05602
4.99438
4.9811
6.00141
4.45118
4.98528
5.94336
4.41551
4.44589
6.0429
4.99508
5.05236
5.93795
6.02702
6.07965
4.02236
5.02129
4.99017
5.01416
6.04726
4.41129
5.01843
4.43442
6.03855
4.00106
4.96451
4.41927
4.97625
4.44397
4.98738
4.02451
5.94879
5.96245
4.99227
3.99683
6.02989
4.97555
5.02415
4.9818
3.99613
4.95492
4.43299
4.00423
4.44206
4.40614
6.07519
5.03855
5.95971
4.40474
5.95834
5.97209
4.98319
4.97625
5.02344
6.10974
4.98319
4.43109
4.40988
5.00848
4.43204
4.0007
4.39452
6.05749
4.9818
4.95561
4.43204
4.96451
5.95151
4.39823
4.46278
4.40055
4.41316
3.97521
5.95697
3.95868
5.02487
5.97071
5.0007
4.39406
5.94879
5.07074
5.01487
4.39128
4.42446
4.40148
4.00141
6.02272
5.03927
5.01629
5.03855
4.96177
6.00423
5.98877
5.9818
4.03566
5.98598
4.4188
4.98668
5.97348
6.03133
3.98947
4.41974
4.42352
3.9818
6
4.38851
4.41692
4.9366
4.01701
3.98772
5.98458
4.43871
5.98458
4.46084
5.99438
4.50315
5.0263
3.98947
5.95697
6.06631
5.99157
4.00671
5.98598
3.99297
4.42446
4.39452
4.37978
5.00423
5.00353
5.00919
5.01629
4.38759
3.97763
5.00211
4.36428
4.95629
4.39777
4.97486
4.3973
6.03566
5.96795
4.95151
6.04
6.07965
4.01594
5.98041
5.00919
3.94235
4.39036
4.39498
4.43157
4.97902
5.97486
4.99017
3.97382
4.46327
4.38529
5.97348
4.02344
5.02057
4.41269
3.99578
4.95834
6.03133
4.00106
4.40988
6.0458
4.39869
4.43823
5.04
3.98319
4.98528
5.99157
4.38161
4.46084
6.01986
4.99367
6.0371
5.97071
6.05602
5.97625
4.02057
5.99017
3.98633
6.0429
5.05309
4.36882
4.00282
4.38944
4.95834
5.93257
5.01843
4.42635
4.456
6.01416
4.43395
5.92052
4.37064
5.98598
4.44781
4.9818
5.01701
6.05456
4.3711
5.03638
6.02846
4.96933
4.41316
3.97521
3.9818
4.4221
6.04435
5.94201
4.42493
3.99859
4.99227
4.41316
6.03566
4.4292
5.9272
6.01843
5.99718
4.42777
4.05419
6.05309
6.00706
5.97486
6.06779
4.41692
6.13427
6.01558
4.43585
4.46278
6.02559
6.05602
4.3575
5.94066
4.00035
5.01772
6.07074
5.99718
4.40288
4.42825
4.01701
4.97694
4.02344
6.03277
4.97486
5.00919
3.98877
5.91254
5.91121
4.43109
6.02559
5.95561
5.01558
4.40848
4.3575
5.84265
6.10974
5.95424
4.48184
5.99718
4.46424
4.36292
4.4221
4.39175
4.41129
4.38851
5.99859
5.95288
4.40148
4.93189
5.0263
4.95219
4.4292
4.41551
5.04072
5.0509
4.45745
5.04072
4.38621
5.06779
5.05017
4.37247
4.41082
6.14981
4.42163
3.99402
5.02918
6.02702
4.00353
3.99683
6.0429
4.42493
4.39498
5.99297
5.00635
4.98947
5.98041
5.01061
5.97071
4.95015
4.01736
6.02415
5.97625
5.98877
4.95629
4.40754
5.00635
6
6.00141
6.04145
4.9652
5.04217
6.02702
4.00565
4.48578
6.02559
4.9825
5.95561
4.45022
4.42021
5.00565
4.97833
5.96658
6.00423
4.4735
6.02702
4.40941
3.96761
5.91254
4.98947
4.99648
4.39545
4.98807
4.40334
4.96245
5.9652
4.02236
5.97209
4.9825
4.3807
4.00282
4.44445
6.04435
4.01309
4.39128
6.01416
3.99965
5.01843
6.00565
4.01345
4.38345
6.02129
5.95697
4.39684
6.0099
4.4141
4.98319
4.40195
6.0429
3.99297
3.99157
4.41551
4.39869
6.00706
4.01203
5.04217
3.97002
5.93795
4.42967
5.99718
5.99017
4.45311
4.40708
6.00141
4.96177
5.00211
4.41833
4.97417
4.37566
4.96451
4.42777
4.45987
4.4507
4.01416
5.98598
4.02415
4.38391
4.46618
4.99648
6.00423
5.01843
5.94201
5.0371
5.97209
3.98912
5
4.4411
4.41645
5.97348
4.40801
4.98389
6.03133
4.41974
4.05346
4.43776
5.01061
4.43109
4.40428
4.41551
4.39452
6.1067
5.01558
5.04362
4.99648
5.92452
4.41692
4.39962
4.95766
5.02702
4.99157
4.40102
6.01416
4.35705
5.97348
6.00282
5.92854
3.97244
5.97071
5.9393
4.01451
5.94743
4.95083
4.41598
4.97486
6.00565
4.97694
4.4292
4.42588
4.99648
5.03494
5.02559
4.40381
4.43537
4.97694
5.00777
5.0099
4.40661
5.95015
5.97763
4.40428
5.9366
4.98458
4.42872
5.00494
4.42304
4.43299
4.41833
5.99017
4.37795
4.40848
4.97763
4.42541
6.06483
4.02236
4.41833
5.02129
4.39591
4.3899
5.00706
4.34492
5.04435
5.0007
4.96108
5.01061
4.96795
5.99157
4.40661
4.01701
4.41035
4.02702
4.37886
4.96177
4.45745
5.97763
4.44158
4.48578
4.4411
4.96864
4.96658
4.4411
4.96658
4.46472
5.022
4.97071
4.9993
5.01772
5.02129
6.03422
4.04835
5.99438
3.9759
5.99017
6.00565
5.04217
4.98319
6.00282
5.95971
5.00919
4.37886
5.03927
5.9393
3.99402
4.0263
5.94879
4.42352
6.09011
4.43157
4.4141
5.97625
4.43062
4.95766
5.02989
5.9652
4.44733
6.03855
4.99789
4.40334
4.43252
4.99718
4.97348
4.97694
4.02989
5.08561
4.42493
6.06336
3.99894
4.42967
4.97209
6.02559
4.43967
4.42257
4.41129
4.99859
6.07816
4.45262
5.02487
3.97348
5.01203
4.98807
6.05017
4.40009
5.97763
4.99157
4.43442
5.01915
5.98319
4.40009
5.01345
5.02415
4.97625
4.98598
5.02918
3.98563
4.96314
5.99157
4.45166
5.98458
5.06557
4.03927
4.44685
5
4.96795
4.43109
5.05236
4.45794
4.39313
3.98982
5.05675
6.09161
5.04726
3.96589
4.9818
5.95971
4.96795
5.98458
4.42163
5.00565
4.38253
4.97694
4.40241
4.38529
3.96417
4.00742
5.95015
5
5.02129
6
5.01345
4.40241
4.45359
5.022
5.03783
4.3661
4.47791
5.95834
4.43204
4.44589
4.44254
4.42635
6.02129
4.42068
5.00141
4.44445
6.0099
5.93257
5.05749
4.46813
4.01701
4.43442
5.00706
6.0371
4.41739
4.00317
4.40801
3.97106
5.96383
4.98668
4.9825
4.41222
4.01238
4.39221
6.0371
3.97971
6.05749
4.41363
4.43633
5.08337
3.98772
4.44206
4.00141
5.02702
4.98598
5.92586
4.95834
5.9393
4.99718
4.43109
6.07816
5.01772
3.97521
6.05309
6.01701
6.06779
6.05749
4.4349
4.02523
5.95561
5.99297
5.03638
5.94743
5.00423
3.99859
5.00423
3.99052
4.44302
4.44781
4.41222
4.97833
4.92185
5.03494
5.86943
4.41316
4.98598
4.42493
4.00883
6.06483
4.01025
4.45407
4.44445
4.99438
4.41645
5.05529
4.42588
5.01843
4.4188
4.39545
4.43585
4.43014
4.41927
4.40988
5.02057
5.93795
5.95561
3.98424
3.94336
3.98493
4.3476
6.01843
6.01274
4.0195
4.01203
4.41786
4.42068
4.03349
6.00706
5.93122
4.02594
4.41222
4.40521
6.07222
6.02415
6.06631
6.00423
5.96383
5.95697
4.4349
6.03133
4.9272
5.99718
4.04689
6.09011
5.98738
6.07816
4.97279
4.40521
4.98947
3.99227
5.00919
4.39684
5.00141
4.03133
4.43633
4.4188
4.41316
4.91055
5.05895
4.92185
4.98877
4.45118
5.01132
5.9393
4.42304
4.97902
4.42257
4.44541
4.02344
4.42825
4.38161
4.98947
3.98633
4.97555
4.01487
4.38161
5.94879
4.42825
4.43537
4.45552
3.97451
5.97209
4.04617
6.04435
5.00919
5.93257
4.39498
5.02702
4.46472
4.41786
6.06483
4.3807
4.00035
5.93257
4.44158
4.94947
6.02989
5.01843
4.40009
4.99718
4.03313
4.42068
4.97555
5.01701
5.98598
4.38621
5.00141
4.01416
4.96451
6.05017
4.97209
3.97902
5.93122
4.01096
6.05163
4.9825
4.44254
5.0099
4.98807
4.41363
4.96314
5.98319
5.9818
5.92586
5.04508
4.42068
5.01986
5.01203
4.47106
4.98319
3.98145
5.94472
5.05236
5.04
4.97763
5.00494
5.02774
4.43728
4.95083
4.40148
6.0458
5.02415
4.4221
5.96383
5.98319
4.41222
4.02882
5.97763
4.94879
6.03133
4.42777
6.05017
4.44925
5.92988
4.01096
6.05017
6.0371
4.04981
6.00706
4.40055
6.08412
5.95561
4.43395
4.42068
4.4368
5.95971
4.37383
4.43252
4.9825
4.44206
4.99789
4.42257
5.98877
3.98215
4.3807
4.45166
5.01274
4.45455
4.98319
5.05382
5.07074
5.01416
4.43204
5.99578
4.98319
4.45842
5.96658
4.39637
4.95697
5.89409
5.91918
4.43537
4.40428
5.00282
4.00141
5.00423
4.38944
5.96658
5.97625
3.99824
5.01061
5.01701
5.95424
4.45697
4.37978
5.0099
5.91652
3.97209
4.43062
4.97763
4.97971
4.42163
4.94675
5.02989
5.04799
5.01203
5.98458
4.44302
3.96899
5.94879
5.99578
3.9454
5.02344
4.39869
3.97694
4.41692
5.99578
3.98738
5.01915
4.40428
4.00671
4.3973
4.3752
5.90989
4.44206
4.96451
5.04435
5.00494
5.95834
4.44637
4.39406
4.41129
3.99192
4.00459
4.98668
3.99508
4.38713
4.9811
5.00353
3.9993
4.43204
5.9366
5.97763
4.4188
6.0371
4.43157
4.95561
6.08412
5.00141
3.97867
4.98947
6.0429
6.0737
5.94743
4.45166
4.44397
4.98807
5.02272
6.0099
4.40848
4.98041
4.93189
4.00671
5.00565
4.40801
5.01558
4.42446
4.35614
4.95629
4.43014
3.97902
4.42683
3.98738
5.99438
4.00706
5.94066
6.01986
3.99017
4.03674
4.45552
5.05236
4.40754
4.93189
4.98041
4.39359
6.06336
6.00282
5.03133
5.00141
5.01345
5.01132
4.38667
4.03205
4.38345
5.0458
6.03133
4.38898
4.40895
4.41645
4.97625
4.97971
5.91785
4.46959
4.41739
4.40614
4.44158
4.45407
6.07667
4.37886
6.08561
5.01629
3.99894
5.01345
5.94336
4.96451
5.95015
4.42116
4.02702
3.96899
5.06336
4.01132
4.4349
5.9818
5.02918
4.98041
4.39313
5.02415
4.41551
6.01843
4.38299
4.45118
4.38621
6.02846
5.92586
4.40055
3.99367
4.01061
4.95903
6.07222
4.94879
5.01132
5.93526
5.00565
5.99017
4.00282
4.98319
4.40614
4.38713
5.06336
4.39406
5.00141
6.02559
5.02057
6.02989
6.02129
3.99438
4.38667
6.00423
4.41129
6.0458
5.02918
6.05602
4.38575
5.00777
5.08263
4.42541
4.96177
5.98598
6.01986
6.03855
4.3593
4.98947
6.03422
4.43442
3.99332
5.06779
5.99859
4.47057
5.97348
4.99087
5.00211
5.09762
5.92854
4.41833
4.3711
5.90989
3.99824
3.98807
3.97902
6.00706
3.96211
5.99017
6.09612
4.98319
5.07296
6.05895
5.01416
3.99473
3.99402
6.03566
4.43299
4.02379
4.4368
6.02129
6.00141
5.99157
3.99367
3.97867
4.40895
6.00706
5.99017
6.00706
4.42872
6.00706
4.02918
5.00423
4.35434
4.97209
6.01701
6.03277
4.38667
5.99859
4.9811
4.40381
5.06483
6.06926
5.04
4.3973
5.03349
5.91652
4.4411
6.10367
4.97833
4.44877
4.42068
4.41035
4.39267
4.39359
4.48036
5.98877
5.97763
4.97694
4.97002
4.45552
4.4273
4.44158
3.98006
4.38437
3.96074
5.04508
4.99017
5.97625
4.43919
6.02989
4.3899
4.94811
4.40148
5.01986
4.40708
5.01203
4.40848
4.98528
5.97071
5.99859
4.97002
5.01701
4.93795
4.95151
5.9652
4.97486
5.86943
5.05822
6.09612
4.38621
3.97729
4.98947
4.99367
6.00141
5.95971
5.01061
4.42541
4.00671
5.92318
5.99297
4.44445
5.98458
4.95151
4.39175
4.35434
4.41927
5.06705
6.05309
4.01309
4.94269
4.36837
4.37019
3.97451
3.99543
4.97417
5.00706
4.97833
4.39684
4.44685
5.0371
4.41504
5.99297
4.40428
6.02129
5.04944
5.00777
4.42493
6.07667
4.3752
6
3.98912
4.41082
4.38759
6.02846
4.39823
5.03277
4.40754
5.94607
6.02846
5.97625
4.92854
4.99367
4.00106
4.41316
4.38805
4.37475
4.40241
4.98668
4.97555
5.03133
4.38116
4.03602
5.03061
4.40195
5.99438
4.45939
5.04362
5.04
3.99613
3.97417
4.02344
5.95424
4.9652
6.05309
4.37566
4.4188
5.01986
5.06189
5.0458
4.03241
3.99332
4.93728
6.00565
4.00529
5.94201
5.01274
5.0099
5.022
4.43014
4.44589
4.45745
6.00848
5.0099
4.9454
5.02989
4.93458
3.99754
4.98041
6.08711
5.01061
4.42021
5.97071
5.02846
5.95151
4.44014
6.01843
4.97902
4.41457
4.36474
4.39777
6.05602
4.41457
4.40848
4.42068
4.40055
4.41927
4.45022
5.00494
4.43062
5.99578
5.96245
3.98041
6.00565
4.43728
6.01986
4.44925
5.97071
4.41692
6.01274
5.04217
4.36247
5.04145
4.03349
6.02989
4.4221
6.0429
4.99789
5.01772
4.96451
5.96658
4.00459
5.9393
4.37292
4.91719
4.40708
5.95561
4.42777
4.45504
4.40754
4.38851
4.43014
5.01345
4.40195
3.98006
4.42967
6.00423
6.01416
4.40941
4.99017
4.40195
5.99157
3.99683
4.40988
4.39267
4.97417
3.99332
5.01274
5.98738
4.9818
3.98807
3.98076
6.00423
3.98738
4.97348
4.43537
6.07222
4.02918
6.0458
4.39637
4.03277
4.99718
4.43585
3.99473
5.02846
5.94607
5.99859
6.06779
3.99789
5.99578
4.42541
4.41269
4.41645
5.96245
6.02559
4.40428
4.97971
4.05163
4.00282
4.42635
5.97486
4.36837
4.00883
5.04145
4.37978
4.42399
5.01701
5.99017
4.99227
4.4507
4.35885
5.04872
5.99297
4.00777
5.99017
6.08561
6.03133
5.01772
5.00706
6.03277
5.98458
3.99157
3.97417
5.94472
6.05017
4.43204
6.00282
5.01558
4.42021
5.92988
4.35659
5.022
6.01701
3.96245
4.98528
4.41504
4.97348
3.98912
6.01416
4.40708
4.98668
5.9393
4.37338
5.03927
6.0099
4.43204
4.97348
4.4507
6.06779
4.42635
4.36837
5.02129
4.35479
6.03277
5.97486
5.97902
4.01025
4.95356
4.37795
4.43585
4.4368
5.00706
4.39777
6.03566
5.99718
4.39869
5.01416
4.02165
4.42257
4.01736
3.96245
5.05969
5.00282
4.00353
4.39267
3.98703
4.95288
4.40428
4.40988
4.01879
4.4411
5.01132
4.41598
5.97209
4.41551
4.39684
5.00141
4.42304
6.07667
4.39406
4.42021
4.38024
5.94472
6.07519
5.03061
6.01558
6.05456
5.01416
4.42163
6.06189
5.00848
5.022
5.93526
5.02057
4.43823
4.99367
4.36338
5.98598
5.98598
5.98041
5.02057
4.93458
4.38759
5.03927
5.89409
4.44973
5.05017
4.48086
4.44445
5.95834
4.44637
3.99683
4.97833
5.9818
5.03349
5.00423
6.06042
4.99718
6.00423
3.99789
6.03133
4.06116
4.01701
4.46181
4.41551
5.90724
4.42635
5.00282
4.42399
4.3575
5.95151
4.9714
6.05602
5.09011
4.00247
4.00423
5.09311
6.07667
4.01132
6.03277
4.99157
4.39498
5.91386
4.01523
5.96795
4.38667
5.01772
6.01274
4.36973
4.40148
5.92988
5.99297
4.39267
4.42352
4.45504
4.98807
4.42399
5.96795
4.42493
4.00635
4.38575
6.0458
4.41833
5.93795
6.07519
4.98458
4.40708
5.95834
5.00919
6.01132
5.94201
5.07148
5.98319
5.95697
5.0263
5.99438
4.99789
4.40474
4.99367
3.97937
5.94201
6.01416
4.97763
5.94336
3.97348
4.40521
4.45359
3.99052
5.0099
4.01665
4.40614
5.00706
5.01629
5.07667
5.91785
4.98528
5.03349
5.02774
4.96933
6.0458
4.45987
4.4735
4.03747
5.95151
6.02989
4.93526
5.96245
4.42777
5.04944
4.42777
4.42825
4.39962
3.98668
4.40661
4.36655
5.99297
6.0099
4.35209
5.02344
4.38299
5.05822
4.99508
4.4188
4.42352
4.41692
5.99157
5.92052
4.38713
4.37019
6.01843
4.4273
5.97486
4.95697
4.03205
5.95971
4.40988
4.40428
4.9825
4.4349
4.00635
4.35344
5.00141
4.4188
4.99648
5.02415
5.03927
3.98703
5.00494
5.99297
3.99192
4.99367
4.96108
4.93458
6.01843
4.40941
4.40754
5.03855
3.97002
3.99227
5.08636
4.37795
6.04872
4.02093
4.44062
6.01558
4.98668
4.9604
5.04072
5.97902
4.40941
5.0789
5.94336
6.01274
4.97279
3.99683
4.44829
4.97555
6.04145
4.04508
6.00706
5.99578
6.08412
6.06926
4.02882
5.04362
4.38851
5.97348
4.99227
4.38621
5.92854
4.92452
5.0099
5.94066
4.43109
5.91519
4.02989
4.98389
3.98145
4.97279
4.96658
5.01629
3.99297
5.022
5.99017
5.98877
6.04145
4.43395
4.96933
5
6.02559
4.43537
5.01345
6.04726
4.37795
5.00635
