3.43252
3.41739
3.3899
2.9865
2.98493
2.9872
3.39198
2.9872
4.94404
3.40265
3.01968
3.00123
2.99596
3.42967
4.9825
3.00954
4.99859
4.97555
5.00565
5.01487
3.42896
3.42139
2.96658
3.41011
4.99648
3.00211
2.9683
4.97625
5.05236
2.99315
5.02057
3.44613
3.41269
3.43086
2.98163
3.37635
3.43109
3.01007
3.40988
2.98319
3.44062
2.9652
4.95766
3.42422
3.42991
4.99859
3.41035
3.4411
3.00423
3.03656
3.41129
3.41598
3.00018
3.006
4.97694
3.3899
3.40754
3.02433
3.01114
3.0099
3.00565
2.97451
4.97348
4.99157
5.01132
2.97607
4.9604
4.99648
2.99438
4.96108
4.97625
3.40148
4.99578
3.02236
3.38944
4.98598
2.98284
2.98041
3.40381
5.022
4.98947
2.99402
5.03422
4.97694
3.43181
5.0007
3.03043
5.02487
4.94947
4.94947
2.98476
4.99017
4.97902
3.0099
3.0138
3.41786
3.01986
3.41739
3.43943
3.39498
3.41269
3.4188
3.00812
3.43823
5.04726
3.4349
3.41715
3.41105
3.01736
2.98738
3.41222
5.01416
3.41246
2.99438
4.99648
5.04435
2.9949
3.42422
3.41974
3.01451
3.41903
3.41809
3.40055
3.41504
3.00388
3.01683
3.39869
2.98895
5.03349
5.0099
3.41504
3.43633
3.40265
3.4368
5.04
3.00724
3.00671
3.40451
3.42967
5.03783
3.01986
3.38851
3.42777
3.38368
3.42092
3.41175
3.41527
2.98563
2.99035
3.41598
5.01558
4.9818
4.95151
3.0007
3.43442
5.06557
2.98772
3.00388
3.41386
3.44757
4.96383
5.00706
2.97382
2.99315
2.99035
3.40568
3.41035
3.41152
4.95151
2.99508
3.03079
4.96933
2.99175
3.40801
5.03205
2.99105
2.99525
3.41762
3.40778
2.97729
5.03133
4.98807
3.43157
3.41574
3.00159
3.01362
2.97503
4.98598
2.99175
2.99842
3.41035
2.9907
3.03331
2.99175
5.00565
3.00247
3.00565
3.00106
3.00582
5.00282
3.00919
2.9935
4.99718
2.97434
3.41363
3.41762
2.99473
5.0007
5.00706
2.98807
3.00565
3.00706
2.99806
2.98511
3.42635
3.41058
5.01416
5
3.40102
3.42328
3.00317
3.00176
3.02451
3.43204
3.01256
3.45359
2.99367
3.46181
2.96537
4.99438
3.40731
3.00759
3.40311
3.40311
2.9949
3.40125
4.98947
3
3.41551
3.44805
4.9825
3.4273
3.43347
4.97348
4.97417
3.44589
4.9714
3.39753
2.97382
3.00211
3.41974
3.03187
3.43871
3.40125
3.41129
2.99578
4.97071
3.0195
3.39869
3.01986
4.99859
5.05382
2.99227
5.02846
5.02129
3.40171
3.40778
3.02648
2.99683
5.04508
3.00035
3.01061
2.98058
3.3899
3.01025
3
3.39823
4.98807
3.41339
3.3973
2.99052
3.41998
3.00848
3.00512
5.0263
2.98284
2.97227
5.00494
5.00635
3.41786
3.00159
3.3929
4.9993
3.01772
2.99035
5.02487
3.00919
5.01274
5.02272
3.40661
2.99789
5.05529
5.01487
3.0229
2.98807
5.00141
3.01025
2.98215
3.01167
3.42116
4.9993
3.40311
2.99578
4.99367
3.01434
3.40241
3.39893
2.99455
3.40171
3.40358
3.39105
3.40941
4.97348
3.02648
3.40032
3.01469
3.44134
3.42683
3.40918
3.38207
4.95492
2.99175
3.43466
3.37269
4.99438
3.398
5.022
2.97382
3.40265
4.98738
3.40544
5.01416
5.03061
3.41645
3.0037
4.97694
5.00353
3.0122
3.42021
2.98598
3.40591
4.99157
5.02918
5.00211
5.00777
4.99789
3.41598
4.98319
3.41222
5.06631
4.99578
5.0099
3.03404
5.00494
3.01149
4.99297
4.97071
2.97971
3.43442
3.42683
3.41129
3.03295
3.44517
3.00653
3.39498
3.41974
4.98738
3.39591
3.39893
5.03566
4.9714
3.39498
2.99965
4.9993
3.41433
3.00494
2.9993
3.00919
3.40334
3.00547
4.98458
2.99877
5.01701
3.40032
4.99087
3.00653
3.40195
3.42683
2.99789
2.99052
3.37429
2.99596
4.98458
2.97763
3.41856
3.00866
4.99017
4.96795
2.99578
4.98877
3.42754
5.01416
3.00247
3.44565
3.40055
3.00777
2.96262
3.39985
2.99402
5.02918
3.43204
3.42706
5.03349
3.41786
3.39221
3.01416
3.00123
3.0007
3.43418
5.05602
5.02344
3.44517
3.39452
3.43371
4.98389
4.97694
3.43704
2.98738
4.96727
2.99297
3.42588
3.41668
4.97625
3.4368
3.42116
3.41762
4.96314
2.98982
4.9811
3.03692
3.0122
3.39614
3.42304
3.39614
5.0007
2.9865
3.46375
3.35277
5.03927
3.01362
3.00088
3.0179
3.43991
5.02129
3.40848
2.99596
4.97209
3.44781
2.99982
3.39777
3.43395
4.95083
4.97971
5.01061
4.96658
2.96795
2.98842
3.00476
3.43442
3.40009
2.97071
3.38552
3.00353
3.39151
3.42139
3.03241
3.04508
3.02057
4.99718
5.00211
5.01487
3.40195
3.45745
3.41011
5.05602
3.39846
3.0138
4.90065
2.98807
3.42706
3.38736
3.40125
2.99912
5.03494
3.3929
3.42163
2.99297
2.9935
4.9811
3.00388
2.99596
4.97279
5.022
3.00848
4.98458
3.44278
3.37635
4.99648
2.9993
4.98807
3.41715
3.00194
3.39406
5.07296
5.00423
5.04217
5.0509
2.9949
4.99017
3.38828
2.9942
3.41715
4.98738
5.0371
4.99367
4.97902
3.03061
4.9818
2.9907
3.01167
3.42825
3.01256
3.44278
3.438
5.05749
3.3752
3.38921
3.00088
2.99227
3.39614
3.00441
4.97902
4.96589
5.00282
5.00565
2.99245
2.97989
4.99367
3.43204
3.43086
3.43133
3.0154
4.97833
3.4368
3.00724
3.02487
2.99683
3.0429
3.01203
5.0007
4.96658
4.9714
3.43038
5.00565
4.96795
2.99227
3.00688
5.0458
4.97625
3.42848
3.41739
3.38345
4.97833
3.01096
4.98598
4.9604
4.94472
3.40965
5.02702
3.006
4.99718
4.97348
3.41715
3.41621
4.99648
3.38391
4.95697
3.03349
5.01132
3.41339
5.02057
3.02344
3.0204
5.03494
3.39614
3.44254
3.03025
3.00282
4.97694
2.9935
3.4273
4.91055
5.03422
3.01007
3.01576
3.42635
2.98738
5.03638
5.04
4.96658
3.39198
3.02361
2.9702
4.97694
5.02415
3.01665
3.42328
2.99175
5.03349
5.01915
3.00282
3.40591
3.41504
3.01149
3.4188
3.42777
3.00547
3.006
4.99438
5.00282
3.4221
3.41856
5.00353
2.99297
5.03783
2.99894
4.96108
5.01061
2.98145
3.00742
2.97694
3.02218
3.00529
3.42186
3.41739
2.98546
3.00264
3.01434
3.39198
3.42683
3.41011
2.97625
3.45431
2.98058
3.00901
2.99438
4.95424
5.04944
5.02559
3.40965
3.43086
2.98197
2.9759
3.41035
4.99227
2.99315
5.03855
4.95766
5.03349
3.41668
2.99754
2.9956
5.00635
2.99859
3.41105
3.00423
3.43823
3.40055
4.94811
5.05675
5.05675
4.97279
4.98807
5.02129
3.42801
3.00317
3.00688
3.00812
3.43062
3.00742
2.99754
3.41856
4.94607
2.99789
4.97279
2.9907
5.02344
4.94336
2.99613
3.37978
2.98406
5.05017
5.01986
3.01061
3.398
3.40241
3.02505
2.99227
4.99297
4.92854
4.97694
4.96795
3.39244
3.42541
3.04744
3.01808
5.00141
2.99578
3.40358
2.98406
3.42186
3.40895
3.39916
5.04072
3.02433
4.99087
2.9907
4.97555
2.96692
3.0458
3.4188
4.98807
5.00565
3.43514
2.99122
3.40265
5.00353
4.99789
3.0272
3.41293
3.41339
4.96727
4.95219
3.00848
5.03927
3.01149
3.39198
3.42754
4.95903
3.39962
5.01132
3.00919
3.40941
5.01986
3.01968
3.40451
4.99508
5.00353
3.41199
3.43062
3.41927
3.42754
5.00141
4.95424
3.43991
5.03927
3.41269
3.02075
4.99578
5.01416
3.40918
2.97106
5.01915
5.02415
5.02846
5.01061
3.41504
3.43276
4.97417
3.398
3.44973
3.41269
3.4507
3.43086
4.99297
5.03205
3.40195
3.39614
3.39128
3.38299
3.02882
2.9956
3.41504
4.99157
3.40895
4.99157
5.02846
3.39175
3.42163
2.96091
3.42304
3.40474
5.08337
3.41082
3.00053
4.98877
3.40148
5.00635
4.9811
3.43133
3.00388
2.98912
3.40941
3.01986
2.99613
4.98598
3.41856
4.96727
3.41293
3.41011
3.43514
2.98982
3.43252
5.02272
3.00423
3.4247
2.97919
3.39475
5.05895
5.03349
3.0122
3.0083
5.03494
2.98128
5.022
5.02344
2.98267
4.99017
3.3929
4.97833
5.04362
3.00724
2.99718
5.01772
4.98598
2.97642
3.3846
5.00423
3.01772
4.98319
2.99806
3.41246
3.40334
2.99842
3
3.01167
3.00088
3.00353
5.00282
3.41433
3.44445
2.99859
2.98302
3.42706
5
2.99631
2.99578
3.40895
3.38253
3.01007
3.41105
3.00866
4.99017
4.9366
3.00141
3.40265
3.41903
2.99736
5.01345
5.02415
3.00901
4.99367
3.00565
3.01683
3.01203
2.98319
2.99842
3.00565
4.96108
3.01114
3.41269
3.00459
3.3929
2.98703
5.02774
4.98458
4.95766
4.94336
3.01132
3.39452
2.9921
2.9879
3.40918
5.01061
3.39661
4.99157
3.42186
2.99824
4.9714
3.03169
5.01203
5.01986
4.97694
3.43895
4.93391
3.41386
2.98058
2.99262
2.99175
2.9865
2.99631
5.03855
3.00018
4.96245
5.00919
4.95834
3.39198
3.41762
3.01061
4.98041
2.98041
5.01558
3.00106
2.9664
4.94879
4.96727
2.98947
4.98947
3.40614
5.02272
4.99297
3.42706
3.41786
2.99402
3.44373
4.99718
3.38828
3.42281
2.99877
3.40125
3
3.41293
5.04726
4.98947
3.40032
3.42943
3.00476
3.40032
3.00759
3.00159
3.40428
2.98493
3.41833
3.41129
4.97417
2.98842
3.00919
3.44829
3.4368
3.43776
3.01808
4.94675
3.40754
3.41833
3.00264
4.95083
2.9956
5.00777
3.00565
3.42116
3.43181
3.03747
4.98458
5.00423
3.41246
3.01167
5.01701
3.00936
3.00459
5.01772
3.42328
5.03927
2.99789
4.99017
3.42092
3.02022
3.44158
2.97469
3.41363
5.01416
3.39777
5.05236
5.07445
3.01291
3.42281
3.00141
2.97469
2.99613
3.4247
3.01203
3.42848
5.06042
3.38391
2.98337
3.01612
5.03927
5.00706
5.00211
3.02523
3.003
4.99718
3.44278
3.39128
2.99455
3.39151
5.01772
4.99017
3.43228
4.97971
3.006
4.96933
4.95903
4.98877
3.42612
3.00936
3.3973
3.01167
4.97071
3.00936
5.01558
3.42352
3.39661
3.38736
3.00459
3.00901
3.40918
2.98006
3.43871
3.39684
2.98982
4.96108
3.42541
3.00335
5.07519
3.40941
4.99017
4.9652
3.42186
3.42352
3.02487
4.97486
4.95697
2.98668
3.4411
2.99596
5.03638
3.4188
3.41668
3.00035
4.95629
4.96727
3.42801
2.9893
4.98041
3.38736
3.40125
5.01986
3.01629
4.94336
5.02702
3.41739
4.94607
3.00141
3.41527
3.43109
3.41762
3.00035
4.99297
3.38805
3.42328
4.98319
3.42399
5.01986
3.40941
4.99508
3.43561
3.42092
3.40102
4.99718
4.98389
2.99842
3.01772
2.98598
3.4247
3.38805
4.98041
3.42659
4.98738
5.06263
3.43442
5.02129
2.98703
3.01149
3.42659
3.41998
3.37749
4.99718
3.01167
3.02236
4.96795
3.39962
3.00088
4.96177
5.0789
5.00919
2.99157
3.42399
3.4148
3.00919
3.00476
5.06852
4.9818
4.94133
4.95424
3.39939
3.38874
3.42896
4.99508
3.4188
2.99175
3.00088
2.99806
3.43371
4.97071
3.41621
2.99262
3.01505
3.39637
3.40171
3.45214
2.99262
3.4221
3.0179
3.41433
3.00194
3.00018
4.99859
3.43109
2.9907
3.01986
5.02989
3.01238
3.02828
3.42116
4.99297
4.99087
2.98668
2.97002
3.00406
4.98947
4.95015
2.98633
3.43347
2.98006
4.96727
3.41998
3.43704
3.40801
5.00919
3.42375
3.41645
3.39198
4.99297
3.45166
3.41504
2.9811
2.98598
3.40801
3.39105
3.01576
3.01149
4.9652
3.01416
3.3823
4.99367
2.96022
4.9811
4.9652
5.02702
3.39175
3.4606
5.05749
3.41058
3.02918
2.99771
2.99367
2.98093
3.003
3.00812
2.99842
2.98319
3.01007
3.39359
2.99175
3.4292
3.00423
4.94607
5.03277
3.41035
4.96864
4.9825
4.98458
4.99789
3.42872
3.00653
3.00353
3.40195
3.41739
3.00795
5.04145
5.00282
5.00919
3.006
3.00088
3.44278
4.92653
3.42564
3.37703
3.42991
3.41269
3.42328
3.02882
5.06631
4.97279
5.02702
3.37909
5.02344
4.9604
3.41739
4.97071
2.99438
4.98041
3.42186
5.07296
3.41011
2.99508
2.9993
3.00653
3.01594
3.39962
3.01274
3.39128
3.40591
3.38851
5.07
3.41903
2.97885
5.02702
3.01025
3.00035
3.37703
4.99578
2.98965
2.99894
5.022
3.02576
2.98772
3.43466
5.02559
3.00035
3.40381
2.98668
3.41998
4.99648
2.99666
3.40824
2.99842
5.01986
2.9921
3.41762
3.00176
5.0263
3.39452
3.41621
3.38299
3.38598
5.02272
4.96727
4.94879
4.98877
2.99982
5.00706
3.40334
3.42068
4.99789
3.41293
3.01523
4.99718
3.01185
3.43418
4.97209
3
2.9886
3.00795
3.40218
3.44134
5.03277
5.00353
5.00848
3.39059
5.03349
3.4221
5.01986
3.38253
2.98825
3.41011
4.98598
5.02559
4.99157
3.42706
3.42092
4.98041
3.45383
2.99157
3.42541
3.02183
3.42541
3.01647
4.9993
4.96658
2.99385
4.97071
3.40661
3.003
2.99473
3.43204
3.42825
5.01986
2.9914
3.42493
5.01701
5.01061
3.40778
3.43657
3.42683
2.99192
5.0263
3.38598
4.94947
4.99297
2.97555
3.00317
3.39916
2.99806
3.39893
3.44805
4.97555
2.99631
4.96864
3.42588
3.42683
5.0099
2.96469
3.41129
2.99367
3.00229
3.40474
3.41574
5.00565
3.38139
2.99736
5.01345
3.01238
3.40311
5.01061
5.03277
4.99297
3.00159
3.42045
5.01132
2.99105
2.98703
4.9818
3.41316
3.41645
5.01701
3.01558
3.01007
3.43371
5.06705
3.00053
3.01345
2.98947
5.00919
3.01523
3.40638
2.96864
3.41527
4.97002
2.99596
3.37566
5.03061
3.40474
2.98877
3.003
3.41129
3.4247
3.00194
2.97365
5.02989
3.37909
5.00211
3.40381
2.99947
4.97763
4.97348
3.41762
4.99438
2.98076
5.06926
3.41129
2.99122
4.99157
3.41551
3.00159
2.98041
4.9811
3.01736
3.40824
3.00406
3.00441
3.03205
3.40801
2.99912
5.00919
3.40848
3.02864
2.9872
5.0263
5.01915
2.97486
3.00211
4.9818
3.42848
5.0099
3.41246
2.99227
4.98877
4.99227
3.01986
3.39383
5.00565
2.98371
3.4221
3.38276
3.41246
3.01274
3.42116
5.0371
4.96727
5.02344
4.98458
3.37543
5.03205
3.37635
2.9714
4.97279
3.42683
3.00335
2.9956
3.44589
3.4221
3.40009
4.98947
4.99438
3.40778
3.40965
3.01808
4.94743
2.98441
3.42848
3.00194
3.00742
2.99297
3.01203
3.398
2.9921
2.98982
3.01007
2.97937
3.42021
2.97815
3.41011
3.37201
3.40451
3.39869
2.9956
3.01327
5.02057
3.40288
3.47008
2.99596
5.02702
3.43109
3.42659
5.01701
4.99227
3.42304
5.03783
4.98668
3.40544
3.43014
3.4273
5.00706
4.99859
2.97989
3.43133
4.98807
3.40125
2.99947
3.01362
3.38575
2.9733
4.99367
2.98825
5.03783
2.98755
2.98354
3.43967
3.41739
3.02612
5.00141
3.40009
3.39105
3.40614
3.00018
2.99824
4.99087
3.42021
3.02666
4.9652
3.00211
3.41152
3.40311
3.01398
3.02111
3.398
4.92988
3.41058
2.99157
4.98041
2.99402
4.96795
2.99894
3.44038
4.97071
4.99859
3.41129
5.02057
2.9785
3.42186
3.41833
2.99718
3.46643
3.00671
4.9604
5.03133
3.0138
5.04799
5.03927
3.39522
3.39336
4.96727
4.97209
2.98825
3.40824
3.40521
3.41715
3.01487
4.99227
3.02147
4.98877
3.00106
3.45022
3.40241
3.00123
2.96985
5.01274
2.99666
3.02523
3.02451
5.04145
3.42328
3.0263
5.01558
5.00848
3.01932
3.00247
4.94811
3.43014
3.42943
2.99455
4.96933
3.43228
2.9907
5.00919
5.01274
5.01701
4.98389
2.97937
4.95561
5.02487
5.07593
3.0154
3
3.3823
2.98633
3.41927
3.01612
3.40638
2.98615
2.99736
4.98389
5.04508
3.41386
4.97625
5.01629
5.01487
2.98476
5.04
2.98947
5.05529
5.01345
3.01238
3.00724
3.00688
4.9366
2.98145
3.03476
3.00388
3.40311
5.01986
3.42328
3.40988
5.00211
3.42635
4.95356
4.99438
4.97555
3.00565
5.02846
5.04799
3.39893
3.01736
4.98598
2.98197
4.99578
2.97434
2.99631
4.98041
4.99438
3.40988
3.40754
3.41598
3.44038
3.01772
5.00282
2.98738
4.9818
3.42375
3.42635
5.06336
4.96727
3.40568
5.00777
2.99894
2.99789
3.00194
4.96245
3.00194
4.9811
3.4423
3.40265
2.96968
3.43466
3.41199
3.03584
2.99455
3.0138
2.99736
5.02057
4.97902
4.92854
2.9759
5.04872
3.42257
5.03205
3.40428
2.98563
3.02738
2.99824
3.40871
2.98633
4.98877
5.01274
5.0458
3.00724
5.01274
3.42991
3.3869
3.44949
3.00353
2.98912
4.98738
4.97902
5.0371
3.43418
3.39684
3.44925
5.01274
3.41974
2.99402
5.02774
3.02022
5.01772
3.41998
3.41316
4.96177
2.99087
2.99315
3.01132
4.98807
3.00529
5.00494
4.97486
5.03205
3.39221
5.00353
3.00423
5.02846
3.00229
2.98947
3.01167
3.4188
2.99385
2.99877
2.97521
5.01772
3.40614
3.43252
5.04145
4.97902
2.99842
3.0229
2.98458
5.00848
3.04508
5.06336
3.0272
3.39452
4.97417
3.40661
3.00282
3.40474
3.41152
3.43919
3.00901
5.0263
2.9949
3.38874
3.44278
3.37612
4.97486
3.45576
2.99631
2.9865
3.42092
3.03133
2.97815
4.9272
2.97503
4.98458
3.42446
4.99718
4.99578
3.44517
3.00441
4.97348
5.01345
5.01986
4.98528
3.00848
3.02308
5.01843
3.43086
3.41527
5.02272
3.41739
5.07
3.003
4.94947
3.37703
2.98232
5.05822
3.02559
3.40895
3.39893
4.97209
2.98598
3.42045
3.45842
5.01132
2.98842
4.99718
3.40614
3.43109
2.9872
3.02828
3.40824
3.00848
4.91852
2.99613
3.40778
3.39175
3.42659
3.41152
4.96933
3.43299
3.40871
3.41035
3.43585
2.98528
3.4188
3.42045
3.42754
5.06263
3.40544
5.00919
2.9993
5.00706
2.97573
4.96383
3.44373
3.42493
5.05895
3.44134
4.94743
3.01025
3.41269
3.43847
3.40661
2.99402
2.99157
3.4141
5.03061
3.41269
5.00353
3.40754
3.44685
3.37566
2.99666
5.00141
4.96177
3.41998
4.99367
3.40102
3.41668
2.97123
3.01505
3.43657
3.42257
3.39916
4.9818
3.40451
3.01825
5.01487
5.00211
3.42588
3.41152
5.02487
3.43038
4.98528
3.02361
3.0138
3.41222
5.02272
3.42967
3.43776
4.96589
5.00353
2.95834
2.98563
3.41504
2.9942
5.01772
2.99631
3.40381
3.4247
3.43038
3.39614
3.41598
3.41903
5.00423
3.40568
3.41457
3.43204
3.44637
5.03494
3.39036
3.0083
4.99578
4.9714
3.41527
4.95766
3.40474
3.022
5.00777
5.00919
2.99806
3.37978
3.01291
5.04217
5.00353
2.9935
3.3899
2.98895
5.02487
2.98476
5.01986
3.00795
3.43252
3.42328
3.40918
2.98232
3.40965
4.97555
3.39013
2.97348
3.01594
3.4188
3.43347
3.02308
3.39082
3.42257
4.95561
2.98825
2.99035
5.03494
3.40941
2.98738
3.03656
3.40895
5.05017
5.04145
2.9907
2.99175
3.43585
3.42777
2.98006
3.4221
2.9872
4.95971
2.99842
5.00635
2.99402
4.9366
5.04944
2.99754
3.00441
3.41668
2.97365
2.98476
3.00194
3.43657
2.99017
3.01132
3.00936
3.43014
4.99789
2.9879
4.99578
2.97815
5.00141
3.00211
3.02093
2.98965
3.39313
3.40871
2.9914
4.99157
3.00848
3.00141
4.99859
5.03277
3.36837
3.40474
3.42257
2.99087
3.41105
4.99718
3.0229
3.42896
3.40661
4.97486
3.01256
3.3869
3.42446
3.40684
3.41504
4.99087
3.41386
3.42163
3.43252
5.00565
3.0229
2.99789
3.01274
3.01149
5.01416
5.06042
3.44302
3.41574
3.41316
5.00282
3.42399
3.01309
3.43704
2.98807
