6.08114
4.44493
4.43395
6.06042
3.18122
3.2064
6.00141
4.44445
4.38391
3.65515
4.37064
3.66433
3.17127
3.17763
4.43967
5.9818
5.9366
5.92586
3.69422
3.69765
5.95697
3.19124
4.3899
4.39175
4.38898
3.19164
5.90592
3.65681
4.44733
3.68033
5.99017
3.63641
6.03422
3.17524
4.44445
3.19365
3.70022
3.18562
3.1991
6.09913
6.02415
6.01416
6.0737
3.19809
4.41269
4.367
5.9818
3.18002
3.2123
5.94201
3.19023
3.67498
4.47155
4.43395
3.19104
3.18422
3.18342
5.97486
3.64851
3.17385
4.44158
5.94336
4.42825
6.03855
3.67666
4.44254
3.6874
4.46133
4.38575
3.19405
4.40288
3.17843
3.18002
3.65959
3.71749
4.39823
4.47155
4.45794
3.69936
3.7262
3.69052
5.94743
3.18162
3.18482
3.6761
3.64961
3.18402
3.19043
4.44781
5.93526
5.98738
3.20619
3.67835
3.21169
3.68259
3.69736
3.70251
3.65432
6.08861
4.39545
3.67104
5.96795
3.20092
5.98877
5.98319
3.67357
3.19405
3.6792
3.69109
3.68683
3.69708
6.00848
5.97348
3.68428
4.40941
3.18142
3.17028
5.94607
6.04872
5.95015
3.70022
5.99297
5.98041
6.00423
3.19607
6.0429
3.73644
4.41082
3.21373
3.19083
6.02989
3.2121
3.1683
5.91785
4.37292
6.01274
3.2211
4.43633
3.72388
5.94066
3.63778
4.38575
3.6874
4.39359
3.20721
3.17902
3.19688
3.66321
4.44445
4.36111
5.97486
3.17982
3.20295
3.64796
3.18242
3.67695
3.19305
4.44445
3.68712
5.98458
3.20518
6.05895
6.02415
4.43585
5.9818
3.68259
5.98738
3.67048
5.97902
3.19365
3.67273
6.02272
4.40614
3.71923
3.17087
3.64465
6.01416
6.05017
4.42683
3.69251
5.98319
4.40195
3.69793
4.3899
5.95971
4.41551
3.20924
3.18022
5.95697
3.67638
4.36202
5.94743
4.36428
4.44397
3.6702
3.6874
3.19385
5.92988
3.15588
3.67948
4.41175
3.67076
3.18082
3.68117
3.17246
3.18422
3.70509
3.17365
4.47546
5.96795
3.17564
3.19265
5.99859
3.21251
5.93257
4.41692
3.6674
3.68372
3.21905
5.92854
6.01416
3.17107
5.95288
5.93257
6.00706
3.17266
3.68117
3.65876
3.67554
3.69024
6.03855
3.20072
3.18622
5.99859
5.94743
6.01558
5.99859
4.37795
5.98738
3.20437
4.43014
5.92988
6.00423
3.65765
6.05017
4.45166
3.66796
3.6965
3.66377
3.18622
6.11278
3.20945
4.39823
3.19224
3.18282
6.01132
6.00141
5.97348
3.65044
6.05163
6.05456
4.38898
4.456
3.66461
3.70222
3.18702
3.67498
4.38345
5.98738
3.64135
5.99438
4.4292
4.44973
3.68174
3.68457
4.43299
3.63696
3.6857
3.18863
5.9272
3.7265
5.90989
4.37429
3.70022
4.40895
6.02989
3.19506
3.19466
3.22172
4.44014
3.19446
5.98319
5.99438
3.69593
3.71633
4.43728
3.18562
6.01701
4.44589
3.68372
3.17286
3.19587
3.70682
3.67666
3.17982
4.36428
4.46764
3.67189
6.01416
3.63477
3.69109
6.0458
4.40568
4.38529
6.06926
6.05163
4.4273
4.39591
3.66154
4.47497
6.03133
3.66629
3.7028
6.04872
3.65044
4.44062
3.21373
3.20416
3.68967
6.01558
3.69965
3.17048
4.46959
3.6874
4.43395
4.44349
6.01843
3.62116
6.07519
4.4589
3.68174
3.67161
3.17544
3.19627
3.15216
3.20355
3.18482
5.92586
3.63669
4.42352
3.15431
5.96795
3.19325
4.43395
3.65515
4.44925
5.93257
4.36564
6.02415
6.06926
4.39869
3.19244
3.66349
3.18903
6.02989
3.18522
4.39452
3.69052
5.96383
3.21803
6.06483
4.38391
3.20153
3.17325
5.95971
5.96658
4.37429
5.92052
4.4368
6.0371
3.19023
3.18582
3.66099
5.97209
4.38161
3.17962
3.17504
3.20518
3.69593
4.38299
3.66545
3.71142
3.67385
4.44925
5.97348
4.38161
3.65543
3.7201
3.70998
5.96795
5.99297
4.39498
3.18842
3.17663
3.64989
4.3973
3.19204
3.6674
3.65598
3.18122
3.1995
6.01132
5.9366
6.05602
4.41035
3.67245
4.43442
4.41082
4.39359
3.66015
3.71431
3.1987
5.93795
3.68315
3.18782
3.18322
4.41551
4.43919
5.94879
4.456
4.41786
3.67864
3.67133
4.42257
6.02989
4.43204
3.20945
3.18903
3.68627
3.19063
4.46521
4.42588
4.41316
5.94607
4.39359
4.41786
3.69195
4.43776
3.20457
5.95971
5.88626
5.99859
5.96795
4.44829
3.68372
3.18322
3.20052
3.18883
3.66936
5.91386
3.64685
6.02272
3.20904
3.21169
6.07074
3.20376
4.39916
4.37703
3.68854
3.20376
6.0737
3.6521
4.4292
4.35074
6.0737
5.9046
3.66321
3.2068
4.37841
3.17783
5.88106
3.66936
4.38667
3.67582
3.19809
4.43919
3.65072
6.00282
4.48726
3.17405
4.42021
3.15942
5.93257
3.20295
4.41129
6.05017
6.01701
3.66601
3.23451
4.40381
3.17982
3.6792
3.68598
5.98458
3.65155
3.22851
4.43109
4.39359
3.67329
3.69422
3.70165
6.01558
5.98458
4.41129
3.69451
3.19446
6.03422
4.40708
6.05456
6.04145
3.18102
3.2068
3.65376
4.47301
3.18402
4.47203
3.19144
3.66712
3.19063
4.41786
4.41316
6.00141
3.18282
3.69251
3.19769
3.21905
3.18322
6.05309
3.6688
3.68174
3.21006
4.44541
3.68967
3.68033
3.70538
3.17823
3.19003
3.18142
4.46667
3.18062
4.39313
3.68428
3.67638
4.42257
5.97902
3.6702
3.67245
4.39684
4.4141
5.97625
3.64906
3.18542
3.19829
4.4188
5.90328
3.19688
3.69822
3.19748
3.18322
6.00565
3.17723
3.68598
4.4589
3.17882
3.69052
4.43919
5.98598
3.20945
4.39128
3.16612
3.20843
3.68202
6.01132
5.99297
3.19365
6.10367
3.18442
5.95015
3.6857
5.99157
4.39175
4.40708
4.44254
4.40661
4.38713
3.20477
4.42588
4.4623
3.67976
3.69422
3.1989
6.02129
5.98319
3.22686
5.91254
4.42163
4.3973
3.1995
4.38898
3.22542
4.42825
5.99859
3.16395
4.4221
6.00565
5.9818
4.46084
6.00141
4.44685
3.684
5.99017
5.93391
4.4188
3.65932
3.66182
3.73849
6.01701
4.36837
3.20599
6.05456
3.20295
3.65321
4.43776
3.67385
3.19164
4.41363
6.02846
4.40474
3.17783
3.67245
3.22954
3.62959
3.6891
3.22028
5.95834
3.20173
3.68854
4.43062
4.37064
3.18482
3.17484
3.67864
4.4141
6.02415
4.44685
4.40055
6.02272
4.41786
3.19285
4.43537
3.69223
5.99718
4.41129
5.99718
6.08561
3.17743
3.65598
3.1991
4.40661
3.70682
3.67385
5.98458
3.64989
4.43204
3.65654
6.04145
6.11736
6.01843
5.97071
3.68117
3.19971
3.67892
3.69166
4.40614
6.04145
6.0429
5.98598
3.20315
6.00565
6.03422
4.43633
4.39916
4.42493
3.17763
3.67582
3.68485
3.16751
5.97071
4.42116
3.65932
6.01701
5.99438
5.93795
3.69793
6.03855
3.17385
6.01701
3.67161
4.39684
4.41645
3.17823
6.02272
5.9652
3.22439
4.36338
4.35976
4.37201
3.20823
4.40895
3.20477
5.98041
4.42588
4.43585
3.69993
3.65598
3.20782
3.65681
5.97763
3.20986
3.68768
5.90328
4.40334
3.18943
4.40055
3.69993
3.70337
3.64713
3.66461
4.43776
6.0099
5.94743
4.45262
3.18482
3.17305
3.69337
4.43728
5.97486
4.42116
3.18202
5.8954
4.45407
6.01701
3.18022
3.20153
3.68287
5.91519
3.17008
3.69451
4.44445
4.40334
3.19426
3.18342
3.64327
4.41316
3.18762
3.67104
4.40941
3.70538
5.96795
3.21128
5.99718
5.92452
3.67835
6.00282
3.68344
4.44158
3.20193
3.71431
3.17405
4.39082
4.35659
3.21885
4.4273
3.19305
6.06779
4.35885
3.20153
6.02846
4.39869
6.02272
3.66852
3.17823
6.01416
4.38575
6.03855
3.18282
3.18802
6.00423
3.6823
3.70854
4.41645
4.38944
3.65543
4.37886
3.68428
4.38161
5.91519
6.04435
4.42588
3.17028
4.43347
4.40334
6.03855
3.19063
3.69593
5.9652
5.96795
6.03277
5.97902
6.07222
3.67864
3.67189
3.68033
3.64768
3.6452
6.01132
3.68485
5.96245
4.43776
3.23389
4.43633
6.09011
3.19405
5.99438
4.42825
5.9652
3.18322
6.01416
4.40848
3.64548
4.45455
3.17504
6.0371
3.70051
3.18802
3.68797
3.67948
3.67441
3.6419
3.17843
4.46959
3.69081
6.06926
5.95424
3.18102
3.19668
3.18042
4.46424
6.02272
3.19184
3.20701
4.45407
3.19405
3.18883
3.68712
3.65987
4.43109
3.18903
4.40334
3.22954
3.17206
4.39637
4.4273
3.69223
3.18102
5.96795
4.42068
5.96795
6.00706
6.02989
3.20173
3.6582
6.08412
3.18522
3.19769
4.38161
3.18382
4.43204
5.97209
4.39128
4.40568
6.03277
4.40102
3.19486
4.40288
3.67413
3.65293
3.66796
5.97071
3.19144
5.94201
4.42163
3.67076
4.39313
3.66517
3.18923
3.20295
3.66796
3.6891
4.40195
4.41035
3.6874
3.21537
5.99017
4.38345
4.39962
5.97763
4.42021
4.41739
3.19204
3.65932
3.67751
4.4349
3.68061
6.09461
3.19405
4.41175
3.66964
3.17862
3.66768
3.19345
4.42588
4.43823
3.64989
3.67048
4.40941
3.69451
3.66349
3.71518
6.02846
6.01274
3.18242
6.00848
5.96933
3.67217
3.69908
4.44733
5.9818
4.40801
5.92318
3.66768
3.1987
4.41457
3.70051
3.24637
3.21721
6.0429
3.19486
4.41739
6.07074
3.69993
3.17564
3.21026
3.21557
4.40102
4.38529
3.18842
3.67526
4.45407
3.71575
4.39406
6.00423
4.40614
6.09913
4.44541
3.69965
3.651
4.40754
3.65072
3.66824
4.4221
4.41457
3.69024
3.23617
3.16929
3.6621
3.68485
4.39267
4.4507
4.36655
3.18022
4.4292
3.21353
3.20031
4.40009
3.65017
4.39545
3.20741
3.6621
5.95151
3.19385
4.44877
4.39684
3.19305
5.99718
3.68005
6.00706
4.40941
3.67554
4.41129
3.20986
4.40848
5.98458
5.96383
3.69536
4.44158
4.40288
6.00565
3.18582
3.67638
3.67076
3.67301
3.16869
3.6688
6.01416
3.18522
5.99157
4.44062
4.38805
4.44877
5.97071
5.9366
3.1987
6.02272
3.20823
4.39777
4.41598
3.19627
4.42116
4.40521
3.66601
5.98041
4.44206
3.18762
3.67976
3.65459
3.19607
3.65404
4.42967
4.39313
3.6441
3.21332
3.20619
5.99578
4.43823
5.96933
6.03855
4.43776
4.41739
3.1989
6.07519
4.42683
4.4411
4.41457
3.72883
3.70051
4.44733
4.47938
3.67807
3.18662
4.42021
4.43823
5.98598
3.20092
5.94201
3.18322
3.19204
3.17325
6.06631
3.20904
6.01558
4.43204
3.71142
3.67385
3.67864
3.19244
6.05456
4.43823
4.4507
3.1993
3.18142
3.19668
4.40708
3.68033
3.16375
5.96108
4.41833
4.41129
3.68542
5.99718
3.68315
3.20599
4.36655
3.20619
3.67161
3.18883
5.96933
3.23368
6.01132
3.65598
6.10064
3.17048
4.44493
3.70222
5.89671
3.65376
3.18903
5.95288
3.17623
6.11126
6.04872
5.98738
4.38529
3.74261
6
3.66266
5.93257
5.93795
3.21251
3.6621
5.98877
5.95151
5.94066
6.02989
4.37201
3.68598
3.66517
3.73585
3.21312
4.38621
3.66349
3.65987
6.01986
3.69679
3.18142
4.38391
3.70108
3.67666
3.70509
3.19971
4.41833
3.20355
4.41129
5.98319
3.67807
3.17962
5.98319
4.4273
4.39823
3.68967
3.6857
3.19829
5.98041
4.41082
3.67441
4.40334
3.67582
3.69223
5.9393
4.39591
3.16988
3.66936
3.69109
3.66377
4.36973
4.41786
5.9818
6.0371
4.37886
5.98041
3.18562
4.41269
4.40009
3.684
3.19748
4.43823
5.97486
6.00848
3.67948
3.66768
5.99157
4.43252
3.22357
6.02272
3.69109
3.66126
3.68882
4.39869
5.95424
4.44254
3.18342
3.18262
5.93526
5.99017
4.3807
4.42021
4.35119
3.20477
3.17325
6.09461
3.66545
5.93526
4.45166
4.4141
3.17484
5.98458
6.00282
3.18522
4.42163
3.6965
4.39591
5.96383
4.45311
3.18422
3.17623
3.20153
6.01986
4.44254
3.18702
6.06336
5.98319
3.18042
3.68457
4.42967
3.64961
3.18442
6.14513
5.94879
3.68967
4.44589
5.97763
6.10822
4.37978
3.68825
3.19385
4.43919
3.73146
4.39267
4.40102
4.40428
3.71952
3.22131
4.45648
4.39036
4.40988
4.43728
3.22583
3.19305
3.17843
3.21353
3.66349
3.70108
4.41974
3.17444
3.66461
3.17504
5.90065
3.69081
4.43537
4.38391
4.4657
3.68146
5.92452
6.01701
3.20153
5.94066
4.40195
6.06926
3.6688
4.38207
3.18382
3.19265
5.99438
3.6965
6.00423
3.21455
3.68542
3.20823
5.9652
3.14494
4.41082
4.4273
5.99157
3.67189
4.41035
3.20315
3.65709
4.43204
4.42163
6.01274
5.94201
3.2121
3.18682
3.20355
4.43204
3.17127
3.18963
4.3807
4.45552
4.40521
4.39962
5.98458
5.99438
3.21312
3.19647
6.02702
4.42257
3.71749
3.67104
4.44254
3.68797
6.05017
5.98458
4.41082
4.42116
3.20133
4.44541
5.99438
3.71286
3.21762
3.19204
3.69679
5.93257
3.65932
3.19789
3.2064
4.44925
5.95424
4.38299
3.22398
3.68854
4.43823
3.18102
5.95834
3.70251
4.39916
3.21639
5.97486
3.67441
6.09011
4.41833
4.43967
4.40521
3.68287
3.22851
3.19184
5.89278
3.7146
5.97625
5.9652
6.0429
6.02129
3.19668
4.41551
3.70538
4.41316
5.94066
3.67413
3.65654
3.20498
3.67723
3.66517
4.40754
4.39777
3.71286
5.97348
5.97902
5.96933
3.20072
5.95971
3.68542
4.45311
3.66712
4.42872
3.19124
4.40614
6.03566
5.99718
3.18322
3.17544
5.9818
3.22213
3.21087
3.18622
3.68513
6.02989
5.99578
3.67695
3.66908
4.42304
3.1995
4.44781
5.98877
3.18742
4.4188
4.37566
3.16711
4.40241
3.7071
6.04726
3.68089
4.44014
3.68797
4.40474
3.18562
3.2121
4.45407
6.02989
3.68033
4.43252
3.65044
3.18242
3.21128
3.64327
5.95971
5.94336
3.17922
3.19991
5.94066
3.67779
3.18782
4.45166
6.01843
4.40895
3.70337
3.21885
4.40988
4.4188
6.00706
3.18122
4.41974
3.69479
5.99157
6.02989
3.19204
3.19164
6.06779
3.17823
3.18782
3.6792
3.66796
4.43919
3.20254
4.42021
4.43585
4.39545
6.04726
4.45166
4.44349
4.38391
4.40661
3.67807
3.70079
4.40568
3.67469
3.64575
4.40055
4.43157
3.67189
3.6792
3.19587
5.98738
5.99017
3.19144
3.18262
3.18903
4.42399
3.68627
4.38391
6.00282
3.21332
4.41504
6.05895
4.38667
4.38437
3.67413
4.38253
4.40055
3.18082
3.67133
3.20884
3.68513
3.17325
3.18362
4.44973
6.02846
4.37383
6.00848
4.44158
4.38437
3.20884
3.21475
3.18582
5.96245
6.05456
3.67385
3.6521
6.00141
3.6891
3.19446
6.05456
3.2211
5.92185
4.40708
4.41363
3.68598
3.69508
4.40754
4.35976
3.18923
3.17643
3.237
3.21639
4.41316
3.64465
5.99297
3.16948
6.10367
3.18042
4.4292
4.3661
5.97486
3.65709
3.73351
6.01558
4.34716
3.6034
3.17643
3.17982
3.66126
4.41692
3.17008
3.64025
3.70165
4.40895
4.42304
3.18622
3.70998
4.43537
3.67835
5.97209
3.19789
3.19506
3.18262
4.41035
5.99438
5.93526
4.39452
5.95561
3.70022
3.67892
3.63614
3.6441
4.40941
4.46618
3.66461
6.07667
3.69593
4.38667
6.01132
3.19991
3.19466
4.37795
5.94743
3.65709
3.18923
5.95834
4.44829
6.00423
3.18903
3.66015
3.66489
3.18402
3.18022
3.17643
3.69365
6.00282
3.20173
4.41786
3.20153
3.70481
3.17524
4.4411
5.95971
3.18502
6.06631
3.72242
3.67385
5.97763
5.96245
4.42683
3.66992
3.19124
4.42068
3.17305
6.02415
5.97763
4.40988
3.18562
6.07519
6.10215
4.40754
3.22892
3.67357
4.41035
3.19244
4.36973
3.1995
3.66461
3.68344
3.69251
3.66182
3.1989
3.15962
4.40241
3.21067
4.44685
3.65681
6.01558
4.39916
3.68882
6.01274
3.18903
3.18362
5.98877
6.03422
3.64025
3.67498
4.39406
4.36519
3.21047
3.69536
3.17186
4.38667
3.15255
3.67666
3.20092
4.43442
3.67273
5.99438
5.9366
3.20924
4.40801
3.70337
6.01701
3.18662
5.99297
4.44397
3.66712
4.38116
3.68259
3.66992
3.69565
3.6702
4.39823
4.41316
6.00848
4.35659
6.04726
3.69965
4.40568
4.41175
3.19405
3.66657
3.1681
6.01132
4.47448
4.38575
3.20214
4.43347
6.00141
4.37292
3.19748
3.6688
3.6688
3.69479
5.94336
3.18322
6.05749
4.38345
5.97209
4.42541
6.06042
3.67357
6.0371
3.18642
6.02989
4.42872
4.4368
3.7028
5.99578
4.40288
3.68033
3.16375
3.18842
3.22645
4.39591
6.10215
3.67357
3.67807
4.44541
4.36973
6.10367
4.39221
5.95561
3.20457
3.19385
4.40848
3.19547
3.6792
3.67273
5.9818
3.65404
4.4141
3.69736
3.18022
3.16731
5.95015
3.17564
3.67441
6.03855
3.17982
3.68513
3.19506
3.70136
4.40801
4.43776
3.6702
4.43537
3.68061
3.1606
3.66433
3.67217
3.18162
4.39498
4.41363
3.69337
6.06336
5.91386
4.4784
3.18822
6.06483
3.65349
3.21087
6.03422
3.21598
3.68146
3.69451
5.99859
3.2123
3.65654
3.6823
3.2064
3.69708
3.18983
3.68287
4.37383
4.44349
6.0737
4.45842
4.44445
3.20741
5.95561
4.43204
3.6874
3.68627
6.02989
3.69451
4.4368
3.18642
3.6857
3.70222
3.68089
3.71258
5.98877
4.38483
3.68005
3.19466
3.65876
4.39267
3.20701
4.39545
3.68259
4.3494
3.22624
3.21026
4.49966
4.42021
3.21169
5.96933
3.67301
3.20355
4.41129
5.98738
4.40708
3.19587
3.67245
4.39545
5.9652
4.41833
4.39175
3.19607
3.66684
3.67385
3.68061
4.43633
3.18762
3.68712
5.99718
4.38207
3.6521
5.98458
6.06042
4.34985
3.70394
5.97348
6.13581
4.42399
3.69508
3.68627
3.62713
3.18923
3.20052
4.40848
3.67161
3.69365
6.02129
3.17504
3.65987
4.37429
6.02272
5.95151
4.39869
5.96383
4.41269
3.18442
6.01274
3.16573
4.47644
3.6521
3.67413
5.94336
3.65349
4.41175
4.39221
5.99718
3.18722
3.17544
5.94066
3.66712
3.67133
3.18842
5.93795
3.67864
3.21108
3.66936
4.34805
3.20315
3.69138
5.9366
3.19849
5.92586
3.18462
3.69993
5.97071
3.65487
6.01416
6.0371
3.64961
3.16988
4.39498
5.93122
4.39637
6.02559
4.43823
3.18622
3.68315
3.6702
3.20986
4.37886
6.0429
4.4188
3.68315
6.01843
3.1989
4.43967
3.73791
3.6874
5.97209
4.41457
4.42872
3.18883
3.63888
3.68996
4.4188
3.73263
4.40941
3.70768
3.21844
6.01416
5.96245
3.18522
4.41739
3.22645
3.19405
3.17385
3.66657
4.41082
6.07074
4.40941
3.65793
3.6521
6.06483
3.18802
6.02272
3.66824
4.44302
6.01274
3.19587
3.19285
3.68372
5.98458
3.18162
3.18983
3.19063
5.98598
5.97071
3.69822
3.67357
3.17962
3.66573
4.40708
5.9652
5.95561
3.69622
3.66405
3.18222
3.6928
3.20274
6.00141
5.9652
4.41974
3.21782
6.01558
4.40241
5.97209
3.66573
4.36973
4.45504
5.97763
3.68627
3.16988
6.01274
6.01986
4.40941
3.66601
3.19809
3.68146
5.96658
6.00423
3.63943
3.18302
5.94472
3.17385
3.17942
6.00848
4.38253
3.18502
3.20072
4.41175
3.6621
3.66545
3.67948
3.66824
3.66796
4.37247
3.70136
3.18943
5.99578
3.20315
3.20884
4.42257
3.68061
6.00565
3.22439
3.17763
3.66936
3.21291
6.09913
6.04145
4.40195
3.65515
3.17783
4.43062
4.46667
3.684
5.95151
4.42683
5.97902
3.68712
3.68089
6.0371
6.05017
5.97209
3.21639
6.04
6.01558
3.19365
3.73321
5.96383
3.17723
3.65044
3.19043
6.00423
3.18702
3.68939
3.66489
6.00565
5.97486
4.39359
3.68513
5.94879
6.02989
6.06336
3.6792
6.01132
6.00848
3.2209
3.19567
3.19466
3.21557
4.4657
6.00141
4.38621
4.39637
4.39545
5.98041
3.18642
