1.98965
3.006
1.99912
2.0138
2.02004
1.4211
1.39782
1.41011
2.00115
1.4221
2.00309
1.4131
3.00247
1.41751
1.42216
1.99035
2.9893
1.41222
1.98441
2.00097
3.00264
1.42234
1.41123
1.41345
1.98703
2.00397
1.99245
1.40971
3.00229
2.00547
2.96899
2.99718
2.00388
2.00097
1.98528
1.99675
3.00194
1.98415
1.99859
1.42446
2.00883
3.01968
2.00326
2.9865
1.41017
1.40906
2.00635
2.98354
1.40678
2.01291
1.99446
1.99745
1.99938
2.97486
2.00379
1.42641
1.98668
2.01211
2.00176
2.00018
1.41727
2.9928
2.99122
2.01256
1.42458
1.41357
1.98982
3.00423
1.98024
2.01078
1.98389
1.98947
1.99341
2.00573
1.42045
1.40924
2.97106
2.00529
3.00512
2.9993
1.99587
2.00282
1.40638
3.00919
2.99367
3.02918
1.41474
2.02236
1.41252
1.41751
2.98058
1.40965
2.00291
2.0052
1.99481
1.99639
1.42039
1.99455
1.41639
1.9928
2.99315
2.00609
1.41211
1.99675
2.9872
1.40971
1.99446
1.99359
1.99105
1.41463
2.99227
3.01576
2.00432
3.00035
1.99122
3.01434
2.99982
3.01185
2.0114
2.00892
2.98877
2.01069
1.41627
2.01194
1.42925
1.99183
1.41504
1.41774
1.41833
1.40708
1.99833
1.41316
1.41574
2.01247
1.41956
1.98668
3.0083
1.9914
1.41827
2.9664
1.99332
1.42151
2.0122
1.40959
2.00795
1.98537
1.41533
1.4148
3.03079
1.40859
1.41193
1.98284
1.40643
2.98772
2.01025
1.98825
1.97824
2.02102
3.01398
1.99991
2.00848
1.42151
2.00609
2
2.00291
2.98528
1.99175
2.00635
1.39939
2.01487
3.02022
1.99534
2.00044
1.99394
1.99956
1.99666
1.99991
1.99061
2.01318
1.98537
1.99271
1.40632
2.97971
2.99842
2.003
1.99385
2.99
1.41275
2.99578
1.99131
1.41786
3.02864
2.00397
3.00159
1.40393
3.00141
1.42198
2.99332
2.01398
2.01025
2.98058
1.42375
1.42487
1.99315
2.00097
1.40895
1.42724
1.42523
1.40994
2.00273
1.99253
2.00414
3.00088
1.99657
3.00441
1.4124
3.03602
1.99868
1.41469
1.41392
2.00556
2.00467
1.41874
1.99745
1.9928
2.97798
1.99201
1.40813
1.42748
1.97885
3.03476
2.01523
1.99227
1.99245
1.41874
2.01442
2.01995
1.99552
1.42293
1.4211
1.99965
1.40772
2.02281
3.02523
1.9914
1.4374
1.99894
1.99578
1.99429
1.99789
1.41451
1.99596
1.99297
1.40819
1.41023
2.01612
3.0179
1.39701
2.006
2.00485
2.98441
3.01665
1.99262
2.00538
2.01407
2.01167
1.99657
2.00273
1.99639
2.006
2.99262
2.9872
2.01603
2.00627
3.01754
1.41551
1.99394
1.98493
2.00556
1.9949
1.40842
1.99148
2.01185
2.99367
3.01043
1.99201
1.99798
3.01576
1.99683
1.41035
1.99245
1.97114
1.9838
1.42245
2.00874
2.0068
2.02433
1.43169
3.02505
3.01256
1.99745
2.95271
2.00538
1.41035
2.0229
1.98982
2.99297
1.42251
1.42121
2.97885
1.99035
1.98615
3.00618
2.99508
2.9865
1.41416
1.99754
1.41874
1.41698
2.00441
2.99525
1.40895
1.99289
1.41228
2.00821
1.99253
1.98519
3.00194
1.98467
2.98424
3.00565
2.9886
1.41568
1.40754
1.41656
2.97902
1.40305
1.41339
1.99026
1.99965
1.99824
1.98912
1.99833
1.41457
1.97097
2.00688
2.01238
1.41187
3.00335
1.41927
1.98015
2.00238
1.42281
1.42914
1.41698
2.00432
2.9893
2.99859
2.00821
2.00821
1.99201
1.99842
2.00936
1.4257
3.0195
2.98563
3.03151
1.40667
1.99218
1.99464
2.00998
2.00777
1.99798
1.41839
2.00414
1.40807
3.02236
1.98363
2.00344
3.00812
1.99096
1.99974
2.00804
1.41709
1.41592
1.99525
2.00388
2.00972
2.01247
1.99464
2.99455
1.42074
2.01817
1.99026
1.98319
2.00291
1.41123
2.97867
1.41551
2.99227
1.42807
1.98738
2.00229
1.4023
2.99912
1.99868
1.99481
2.0099
1.41651
1.40643
2.01478
1.99438
1.99008
3.00459
1.99921
3.00742
2.0229
1.99657
1.9978
3.02882
1.9928
1.99692
1.99956
1.41727
2.00928
2.01772
1.99464
1.98276
1.40708
1.99587
1.40889
2.0179
1.41562
1.41375
2.00759
3.00229
1.40743
1.99657
2.99508
3.00141
1.41363
1.99912
1.41639
2.00167
3.00688
1.41756
2.99052
1.99842
1.99367
1.99192
1.98502
2.00123
3.00088
1.42027
1.99631
2.00123
2.00582
2.99754
1.41281
1.99903
2.003
2.00044
2.00582
1.40661
1.99148
1.99947
1.98398
3.00653
1.40988
2.00115
2.00919
2.01043
2.00353
2.00317
1.41774
1.40422
2.01114
2.9733
3.01915
1.98851
3.00494
1.99718
1.41886
1.41386
1.99754
2.99455
1.41827
1.4107
3.01061
3.00582
1.98816
2.00848
1.41539
1.99736
1.42068
2.01007
3.02308
1.98624
1.99455
1.99236
2.99965
3.01291
2.98232
2.97313
3.00529
1.9993
1.99974
3.01167
1.42145
2.99245
2.00582
3.0122
1.41269
2.00883
2.00928
1.42476
1.41381
2.99666
2.00282
2.01132
1.42606
2.99859
2.97227
1.99956
2.99367
2.01505
2.00388
1.99639
2.98965
2.00317
3.00476
1.42127
2.006
1.99745
1.41439
2.00591
1.42098
1.99552
1.42281
2.00018
1.41416
2.9942
1.41011
2.00671
2.01096
1.40836
3.003
2.00742
1.40743
3.05474
1.99921
1.98041
2.00556
1.43282
2.01469
2.01977
1.99868
1.41768
2.00264
2.00406
1.41792
1.41792
1.97928
1.97789
2.00238
1.9872
1.98189
1.99938
2.99912
2.98232
1.9978
3.02129
1.42287
1.9993
2.00167
1.9872
1.99718
2.01861
1.42417
1.41334
2.01345
2.00777
1.41803
2.99087
1.40859
2.01772
1.41469
1.98694
2.98685
1.98563
2.01078
1.99833
1.43973
1.42163
2.98615
3.003
1.41768
1.98982
1.41762
1.99166
2.00211
1.42098
3.02111
2.01576
1.42399
2.00671
2.9949
1.99701
1.40994
2.99965
3.03115
2.00494
1.99394
1.41363
1.40544
2.00848
1.42263
2.00936
1.42381
1.41798
2.01701
1.99517
2.99087
1.42063
2.98912
1.99974
1.99736
1.98354
2
1.99701
1.99912
1.41939
1.41269
1.99324
2.00883
1.43181
2.01932
2.01052
1.9914
1.97729
2.98842
1.4158
1.99192
1.43234
1.40895
2.01727
2.00264
2.00123
3
1.99974
1.99762
2.00936
2.97434
1.41433
1.99894
1.98877
2.00247
2.01061
1.41246
2.00768
2.99947
1.99938
2.00706
2.00857
2.99052
2.00423
2.98581
1.9993
2.99543
3.00211
3.00866
1.39858
2.00821
2.00203
2.98772
2.00203
2.01585
2.99578
2.00176
1.98363
1.40871
1.41011
2.01567
2.98267
1.99534
1.9935
1.4158
2.01531
1.4188
3.03494
1.42428
1.40067
2.00582
3.02864
3.02057
1.42169
2.99385
2.00273
2.98511
1.40323
2.00476
1.99473
2.00379
2.01291
3.00264
2.00159
2.00998
1.98215
3.006
2.00009
1.41856
3.00035
1.41562
2.01256
1.99965
3.00123
2.01487
1.42949
1.41357
3.00406
1.4168
1.41727
2.00185
2.98772
3.00919
2.99771
1.9893
1.99455
1.99886
1.99974
2.02254
2.9928
1.99631
1.41416
2.00185
2.00026
1.41375
1.41651
1.99754
1.99815
1.41598
2.01043
1.9872
1.98633
1.99157
2.00441
1.4208
1.41621
3.0122
1.9914
3.01986
2.99122
1.99894
3.006
2.00759
1.9872
1.41187
1.99824
1.98711
1.41357
1.40772
1.40451
1.41252
1.41381
1.4034
1.9985
1.40515
2.01407
1.41369
3.00653
3.01291
1.41633
1.99639
2.00874
3.01274
2.00786
1.99035
3.01416
1.4117
1.99464
1.41539
2.00954
2.01603
2.00079
3.00353
2.00892
1.39846
2.01727
3.0179
1.99815
1.99192
2.01114
2.00256
1.41422
1.42742
1.42045
1.40708
1.98851
1.42045
2.99297
2.00724
1.98197
1.4158
1.40387
1.98337
2.99947
2.00609
2.00123
1.41874
1.9993
1.98572
3.02415
1.99052
2.00388
2
2.01585
2.00176
3.01469
1.42009
1.41351
1.41692
2.00724
1.41968
2
2.97798
2.003
2.00529
2.98389
1.41915
1.40515
2.00848
1.41263
1.99026
2.00123
2.98458
2.99894
2.00062
2.00883
1.99271
1.41727
2.96761
2.0045
1.9978
1.99324
1.99543
1.99376
1.42145
2.01345
1.99578
1.99886
1.42033
1.41921
3.01612
1.99394
1.41328
2.98877
2.0068
2.98163
3.02397
2.01674
1.41939
1.99332
2.9993
2.00697
2.99718
3.01291
1.99122
2.01407
2.00026
1.41252
1.42712
2.00423
1.98921
2.00635
1.99473
1.42015
2.00053
1.40201
1.99429
1.41839
2.99473
2.98982
1.41304
2.01924
1.41492
2.97089
1.41357
2.97451
1.41886
2.9886
2.00556
2.0068
1.4009
2.00768
2.00866
1.41951
1.41298
1.40953
2.00715
2.00459
2.00733
2.99438
1.41733
1.41592
3.003
1.40591
3.0037
1.41293
1.41868
1.42009
1.98799
1.98607
2.9872
1.41058
1.40009
1.41915
1.99499
1.99175
1.98024
1.99332
2.99175
1.41733
1.41386
1.42021
1.4107
2.00432
1.41099
1.98685
1.42417
2.01256
3.01576
3.00088
2.00088
1.9893
2.00432
1.40015
1.42045
1.98267
2.01149
1.39556
2.00963
1.98154
1.40854
1.41562
3.00565
3.01861
2.00344
1.99771
1.99868
2.98738
2.0037
3.00547
1.40766
1.9907
1.99868
2.00211
3.03945
1.40661
1.99324
1.99175
1.99183
2.0068
2.00786
2.99982
2.99332
1.40299
2.01176
2.00981
1.42015
2.00361
1.98921
1.41686
2.0099
1.4151
1.9935
1.41381
2.01132
2.01309
1.99648
3.00441
2.00644
1.9971
2.00194
1.98895
1.98067
1.98772
1.4198
2.9664
3.03692
1.4131
1.98093
1.40859
2.99175
1.98432
1.41521
1.98886
1.98965
1.4234
2.01371
1.97989
1.99035
3.00724
2.0083
2.00009
2.9949
3.00106
2.99859
2.01567
2.98947
2.00697
2.00176
1.4117
1.42422
1.9956
3.00688
1.41392
2.98668
1.9914
1.41129
2.01425
2.99912
1.9872
1.41029
1.41833
2.99859
1.99631
1.98102
3.00919
1.42322
1.97772
2.00309
1.99175
1.42529
2.013
2.00115
1.9907
2.00291
1.42004
2.97746
2.9935
2.97694
2.98197
1.9935
2.99631
2.01825
1.41457
2.01282
1.99771
3.01825
2.98093
1.41745
3.00512
2.9956
2.00053
1.98668
3.02487
1.39956
1.99411
1.39348
1.9914
1.98615
2.99631
3.01078
1.42116
2.00821
2.00167
3.0099
1.41551
2.00715
2.01834
3.01897
1.99525
1.41158
2.00777
1.99587
1.98895
1.99947
2.97867
1.41363
1.99877
1.41921
3.00441
1.99499
2.0114
1.41674
1.42381
3.02397
2.99227
2.00123
1.98563
1.4048
2.99157
3.01558
1.99921
1.99332
1.98572
2.97451
1.41357
1.99648
2.00238
1.41398
2.00777
1.42222
2.00759
1.42434
3.003
1.98058
2.99631
1.4009
1.41498
1.40696
2.01105
1.40754
1.99402
1.41222
1.40976
1.41363
1.99341
1.43193
1.98982
1.99376
1.40994
1.4349
2.006
1.41006
1.98711
2.00353
1.99061
1.41692
1.42393
1.41745
1.42618
1.98877
2.00088
1.41334
1.99481
1.9935
1.98973
2.00432
2.00963
3.00176
1.9845
2.00476
1.42293
3.00936
1.41339
1.41927
2.00053
2.00644
1.42558
1.97997
1.99035
1.40824
3.00476
3.02057
2.00335
3.0281
2.00812
1.99974
3.00724
1.99122
3.01434
1.40299
2.00715
2.00282
1.99639
1.99008
2.00123
1.98485
3.00406
1.42121
1.99113
1.99008
2.97781
2.00662
1.42051
2.00804
2.00618
1.99956
2.01932
3.00406
1.41898
1.4168
3.0037
2.98685
1.41023
1.99806
2.00141
1.99859
1.40597
1.99402
2.00503
1.98834
1.41733
1.41656
1.40323
2.003
1.41269
1.99227
1.41839
1.41246
3.00176
3.0037
1.99771
1.9971
2.01061
1.40259
1.98607
3.00883
2.00688
2.98947
1.9978
3.00123
3.00972
1.99824
1.41375
2.00379
1.40422
1.41903
1.42991
2.00556
3.01861
2.98493
3.00247
1.99166
1.99991
1.99842
1.99429
1.42736
2.97451
1.99613
3.03115
2.00706
3.00388
1.42304
2.99982
2.98232
2.00494
2.00018
3.00618
3.00512
1.4198
1.99798
1.99675
1.40463
1.41246
1.9935
1.99035
1.99481
2.9942
1.4083
1.41568
1.4178
2.98406
1.41633
2.00176
2.00326
2.00176
1.99297
1.98615
2.00928
1.41105
2.99666
1.99771
1.41404
3.02882
1.99394
1.99569
1.42015
2.01843
1.99499
2.9652
2.98895
1.97694
2.96951
1.40766
2.00176
1.41521
1.98851
2.97815
1.42051
1.41592
2.9818
1.98189
2.00088
2.00582
1.99043
3.00353
3.01576
2.00671
1.99815
1.41786
2.00786
1.41433
1.41047
2.01736
1.99877
1.99035
1.41627
2.00538
1.99736
1.41927
1.41445
2.99982
1.40527
3.02774
1.99657
3.00919
2.00786
1.99262
2.00053
2.01327
2.01487
2.99578
2.99525
2.01282
3.01398
2.00503
1.99718
1.39904
1.99806
2.00009
2.00335
2.0171
3.01167
2.98406
2.00892
2.00238
2.00954
1.41639
2.97781
2.99613
3.00159
1.42298
3.01291
1.41211
1.9825
1.98519
3.01558
1.42068
1.41246
2.00981
1.98163
3.00282
1.42357
1.42157
1.99877
2.99596
1.99543
1.40393
1.99912
1.99886
2.01407
1.99736
1.99578
1.42612
2.9928
1.99508
1.40282
1.99429
1.9921
2.99087
2.99175
1.41874
2.00901
1.40971
1.40772
2.01043
1.4034
2.99122
3.0083
1.99587
2.98493
2.00026
1.99341
1.99754
3.00777
1.98764
1.99052
1.42222
1.99315
1.42021
1.40748
2.97313
1.41123
2.00388
2.96142
2.01291
2.00335
1.99525
2.00715
2.98982
2.00282
2.0138
2.99736
3.00547
2.00088
2.00194
1.41504
2.00203
3.01061
1.98965
2.97625
1.99402
3.01132
1.99517
1.99253
3.01808
2.00688
1.40883
1.409
1.99806
1.99402
2.01096
1.41715
1.41845
2.01727
1.41175
2.9879
2.00123
1.99297
1.99517
3.02612
2.00706
1.39823
1.99613
1.98328
1.9893
3.00529
1.41721
2.00035
1.41604
1.40836
3.01487
2.01158
1.98965
2.006
1.99157
2.01034
1.42511
2.01016
2.9921
1.99718
1.9893
3.01665
1.41398
2.0187
2.97382
3.01701
2.9865
1.9914
2.97503
1.99991
2.00529
1.99877
2.00326
2.00344
2.98528
1.40311
2.02675
3.0154
1.98956
2.99175
2.99631
3.01416
3.00618
3.00653
2.00883
1.4055
2.0083
1.40387
1.41921
2.00414
2.99894
3.01061
1.41123
2.00282
1.40912
2.00026
2.97867
1.41874
2.00538
3.03025
2.98302
1.40573
3.01647
2.99438
2.01451
1.43003
1.41662
1.42009
1.98598
1.97651
2.9949
2.00123
3.0154
1.40474
1.41416
2.0037
2.00963
2.00857
2.01114
1.9879
1.98886
3.00176
2.00874
1.43187
3.01007
2.00635
1.98354
2.99227
1.41833
1.99868
1.40953
1.41956
1.99402
1.99675
1.40824
1.99078
2.01612
2.00097
1.97564
3.00335
2.00053
1.42039
2.00919
2.98458
1.41175
2.00026
2.99736
3.01114
2.99175
1.41827
1.409
1.99631
1.41515
2.01977
2.00176
2.0255
3.01007
2.98458
2.00547
2.98633
1.98163
2.99894
1.98624
1.98519
1.98912
1.98633
1.40294
1.40387
1.41486
1.99824
1.99464
2.00618
1.99938
2.00026
1.4093
1.99402
3.00018
1.39777
2.01434
2.00432
3.01149
2.9818
1.41968
2.00344
1.41639
3.00954
1.4141
1.99886
1.98903
1.99842
1.41334
2.98825
1.41868
2.0091
2.99965
2.99613
2.99982
2.97642
2.98703
2.9949
2.00185
1.41175
2.00459
2.01132
2.00273
2.00229
1.99894
1.99745
3.0272
3.01861
1.99394
2.0083
1.9956
1.42955
1.99113
1.99947
2.00644
1.99806
1.99446
2.9907
3.00264
1.99508
1.99648
2.98511
1.4231
2.97313
1.40965
1.3955
1.9971
1.99446
2.98668
1.99175
1.98755
2.00786
1.99078
1.40778
2.01407
3.01149
2.98319
2.98302
1.99218
2.99332
2.00282
2.00662
1.42558
2.97434
1.99306
2.00353
1.99965
1.40673
2.01799
2.00256
2.99736
1.41375
1.40503
1.42098
1.40766
1.99683
1.9886
1.41498
1.41721
2.00414
1.99991
1.98825
2.00167
1.98258
1.99815
2.00247
3.01043
2.99736
2.00998
1.42896
1.99912
1.98807
1.99052
1.99534
1.99965
3.01274
3.01434
1.41216
1.40509
3.00954
1.9893
1.40533
1.42334
2.99683
1.99789
2.01114
1.40632
1.99974
2.97919
2.0204
2.00044
3.01701
2.974
2.00123
1.41093
2.02165
1.40509
2.02013
2.00361
1.40503
2.00379
2.01061
2.00688
2.003
2.0052
1.41486
1.40334
3.00724
3.01203
2.98633
1.41821
3.00919
3.00441
1.42216
2.9825
1.42493
2.98319
2.00335
2.02621
1.98633
2.00715
1.39695
1.41539
1.40906
2.00945
2.00176
2.96951
1.99578
3.003
1.99402
2.99192
1.4124
1.42127
2.98476
3.00494
3.00317
2.00485
2.00697
1.41903
2.006
1.99798
2.02648
1.41269
3.02505
1.99938
1.99017
3.0229
1.42133
1.98633
1.98581
2.00467
2.00459
2.00671
1.99798
3.01683
2.99402
2.98685
1.41252
1.99868
1.42606
2.01114
1.99552
1.99666
1.40836
2.98145
1.4158
2.00733
2.00706
2.003
2.00009
1.9928
1.40381
2.00115
1.99886
1.98511
1.40871
1.41287
3.01007
2.00291
1.42092
2.00291
3.00812
2.99859
3.00653
1.9845
2.00795
1.99938
2.00009
1.43175
2.01078
1.98886
1.41357
1.42493
3.00353
2.01843
1.99798
1.98738
2.01096
1.98554
2.02129
1.98982
1.99543
1.42139
2.00928
2.99789
1.4107
3.00018
1.99385
1.41721
1.99157
1.99394
1.41006
1.99622
2.99859
2.02192
2.99438
2.00264
2.97538
2.9993
3.00954
1.41093
1.42452
2.00795
2.99631
3.00954
1.41339
2.99227
1.40632
2.99912
1.99035
2.98302
2.00538
2.00247
1.42955
1.98406
1.426
1.41592
1.41545
1.42417
1.41903
1.41786
2.99596
1.41745
3.01096
1.98398
1.42027
2.98807
2.00379
2.00097
1.41568
2.01469
1.99842
2.01959
2.9818
1.99297
1.99543
1.41709
2.00476
1.42015
2.01238
2.00759
1.99736
2
3.01362
1.42086
1.99868
2.01176
1.4168
1.99438
2.01594
3.02326
2.00476
1.99359
2.00883
2.00317
2.01442
1.99525
1.41645
2.00724
1.9928
1.41469
1.98607
2.00053
2.0099
2.00441
2.00397
2.00874
3.02344
1.99956
1.4131
1.9811
3.00423
2.98058
1.99666
1.99683
2.98912
1.99912
1.40608
1.42086
2.01176
2.00919
1.99921
1.99833
1.99578
2.00361
1.41463
1.41293
1.40854
2.00671
2.00009
2.99789
2.9785
1.41521
1.99175
2.0052
1.42357
3.00159
1.99183
1.98711
2.01674
1.99666
1.99043
1.98947
2.02111
2.9652
1.99218
2.96968
1.99096
1.99666
1.98058
1.41609
1.41921
1.42287
2.01487
2.98633
1.99253
2.9893
3.01362
1.41363
2.00141
3.01096
1.99657
2.9893
2.00185
1.41821
2.00697
2.01754
2.013
1.99938
2.00821
1.99297
1.99886
2.0083
1.4141
2.01416
2.98668
1.99938
1.99245
1.42157
1.99622
1.99402
1.41339
1.40748
1.41152
2.00804
2.98912
1.42204
2.99438
1.40381
1.99078
1.4141
1.41539
2.00733
1.98145
1.99306
2.02711
1.98398
2.01745
1.41921
1.9872
3.01451
1.99402
1.99956
3.00141
2.00167
1.42582
1.41351
3.0195
3.022
3.00194
1.99991
1.40422
2.00423
2.0052
1.40579
3.01061
2.00812
1.40865
2.00432
1.99052
2.99367
1.99578
2.00123
1.41574
2.00406
1.99613
2.99
1.4151
2.99718
3.00106
2.00644
1.99367
1.43068
1.99008
2.00485
1.99886
1.98493
3.00211
1.9872
3.01718
1.42092
1.40696
1.42552
1.99736
1.98825
1.42104
1.42357
3.01576
1.98476
1.40544
2.99894
1.9811
1.99131
1.42234
1.99912
2.00954
3.01451
1.99912
2.99683
1.98284
3.01861
1.99376
3.00671
2.00159
2.00282
2.99
1.98458
1.41962
1.99587
1.41915
1.40971
1.99394
2.00115
1.99613
2.98076
1.98563
2.99402
3.03115
2.00476
2.00901
2.0015
3.00106
3.00883
