5.32669
5.28747
7.95015
5.21291
8.29956
5.08786
8.24511
5.10215
7.90197
8.18622
7.92318
5.24595
7.76638
7.86045
7.90724
7.88106
8.11736
7.89148
5.31525
5.32846
7.91254
5.36066
5.2121
5.16553
5.21128
5.13504
5.27038
8.07519
5.19829
7.99438
5.13659
8.25181
7.73791
8.07519
8.30651
5.12886
5.08487
5.15138
5.35976
5.16711
8.18622
8.32757
7.97763
5.10518
5.21373
8.01132
5.33822
7.86045
5.11812
7.90724
5.11354
5.18382
5.17028
8.08711
8.0458
7.98877
5.14047
8.09913
8.05749
7.95561
5.14669
5.19345
5.20153
5.19184
8.14202
5.33289
5.19184
8.06926
5.11507
5.29783
7.94472
5.23513
5.21291
5.07074
5.15216
5.23016
8.02846
5.17107
5.23845
5.15294
5.3135
8.00565
5.20802
5.25181
7.91785
5.25349
5.16474
5.34985
8.09311
5.17107
8.13581
7.78083
5.1608
8.18622
5.31788
5.29523
8.04
5.24094
7.99438
8.01132
8.08711
5.21618
8.14825
7.98319
5.22439
7.95561
8.0458
5.23347
5.28919
5.21291
7.97209
5.10064
5.12656
8.12348
7.91254
5.36519
8.1991
7.82009
5.06557
5.15451
5.08636
7.82507
5.19104
5.17743
5.27463
7.80033
7.86557
5.1014
5.28318
8.05749
5.17663
8.02272
5.14981
5.16158
8.04
5.28919
5.09236
5.17107
5.17823
8.25181
5.10442
5.27293
5.18302
7.89148
7.91785
8.17982
7.87072
8.06926
7.72854
5.20965
7.93391
7.89148
5.20072
5.11278
7.86045
8.03422
5.3135
7.95015
7.79055
5.20965
5.27038
8.14202
8.07519
8.04
5.367
7.84013
5.32404
7.74733
7.95561
8.03422
7.99438
8.02272
7.90197
7.97209
5.26698
7.92318
8.21864
7.75683
5.24511
5.15138
7.71923
7.97763
5.20558
5.16001
5.14202
5.2849
5.29005
7.90724
8.09913
5.14903
8.10518
5.13814
5.25853
5.332
8.02846
5.25349
8.14202
5.33378
5.19506
7.96658
5.17823
5.19345
8.11736
7.90197
5.17028
7.9393
7.96108
8.11736
8.05163
8.11736
5.13041
8.02272
8.23182
7.89671
8.2789
8.23182
5.27378
5.17266
7.99438
8.01701
5.17107
8.06926
8.08711
8.08114
5.21291
5.22604
5.15686
7.72854
8.12964
8.30651
7.86045
7.98877
8.02272
5.17823
5.11354
5.23596
5.19829
5.31438
8.11736
7.94472
8.06926
7.95561
7.80033
7.98877
7.86045
5.18222
5.13195
7.96108
7.94472
5.16869
5.10442
5.17663
5.27976
5.18462
5.15686
7.98319
5.19184
7.83509
8.15451
5.20234
7.91785
5.25685
8.07519
8.02272
7.89671
5.17743
5.08636
8.10518
5.06926
5.25769
5.12425
5.28232
5.19506
5.19748
5.26444
7.96108
5.26698
5.09838
7.94472
8.26529
7.82009
5.19991
5.19265
7.94472
5.19104
5.20315
8.06926
7.92854
8.02846
7.90197
5.15216
8.13581
7.95561
7.80524
8.06926
5.20477
7.91785
8.2121
5.12809
8.15451
5.22851
5.22686
8.04
5.24511
5.30564
5.31876
8.0458
5.19345
8.02272
5.23016
8.08114
5.14825
5.13504
5.27463
5.13272
7.75683
8.00565
7.88106
7.87072
7.83509
8.1991
5.18062
5.18462
8.12348
5.07222
7.9393
8.06336
8.01132
8.0458
7.80524
5.16316
7.84518
8.05749
5.19587
5.20396
5.02559
8.14825
5.10367
7.89148
8
5.20558
8.06336
8.28575
8.11736
5.25685
5.17823
8.07519
8.17345
5.08337
5.22934
8
7.91785
5.14047
5.14591
5.19184
8.14202
5.20558
8.11126
5.17425
5.22851
5.11812
8.03422
5.09838
7.66015
7.96658
5.08861
5.18863
5.24178
8.02272
5.12579
5.09612
5.15294
7.70538
7.95561
7.94472
8.23182
7.95561
8
5.09311
8.02846
8.00565
5.35705
5.20884
7.95561
5.12348
8.03422
8.06926
5.13118
7.94472
5.10746
5.32404
5.1608
5.21618
8.05163
5.18542
5.15294
5.18782
5.35795
5.2935
5.30651
7.85025
7.72854
5.03638
8.11736
7.89148
5.08337
8.14202
7.96108
8.01132
8.04
5.18222
7.99438
7.85025
5.07
7.89671
7.85025
5.17743
5.15138
5.24094
7.93391
8.01701
7.9393
5.17028
7.88626
5.2121
5.10291
7.73321
5.06852
5.18222
5.10974
7.81512
8.01132
7.88626
8.11126
5.27719
8.01132
5.15686
5.05749
5.19265
5.04072
5.2211
7.84013
5.17902
7.97209
8.20558
7.96108
5.27463
7.92854
5.18943
7.99438
8.13581
5.12195
5.13891
5.18702
8.01701
5.21455
5.2636
7.93391
5.17823
8.02272
8.12964
8.3135
5.21455
7.9393
7.95561
5.14513
5.2121
8.04
5.15451
5.03494
5.26444
7.85534
7.89148
5.24511
7.95561
5.3214
8.05163
5.14747
7.9393
5.23016
5.15373
5.2849
5.0789
8.01701
8.1991
7.86557
5.15529
5.19668
5.27293
7.94472
7.83007
5.05969
8.05749
8.19265
5.30913
5.23099
5.22439
8.09913
7.88626
5.16237
8.23845
5.23264
5.16001
7.84518
5.17902
5.17425
8.26529
8.06336
5.11889
8.01132
5.19184
8.11736
8.02846
7.83007
5.24094
8.06926
7.97763
5.17186
7.91254
5.22604
8
5.11126
5.18702
5.09612
8.04
7.84013
5.21618
5.25853
7.83007
5.1991
7.94472
8.04
7.9393
8.02272
5.09913
7.97209
5.11889
5.1608
7.9393
5.13969
7.97763
8.09311
5.17902
5.22274
7.83509
8.03422
5.12502
7.83007
5.15529
5.22521
5.12809
7.97209
7.9393
8.14825
8.32757
7.94472
5.23513
5.19184
5.12886
8.15451
5.23679
7.98877
5.18782
5.09537
7.92318
7.96108
5.18622
8.20558
7.99438
8.17982
7.98319
8.14202
7.79543
8.23182
5.11736
8.0458
5.30826
5.12579
7.95015
7.85025
5.20072
5.09311
8.05163
5.25938
5.18222
5.21128
5.23513
7.91785
7.95015
8.01701
7.97763
5.17504
5.24094
7.98877
8.05163
7.92318
5.16237
5.13891
8.29956
8.14202
8.23845
7.90724
5.1991
7.88106
8.05749
8.00565
5.23347
7.92318
8.05163
5.09236
5.16948
5.24011
5.16948
5.26529
5.14669
5.13891
8.06336
5.09989
7.95561
7.93391
5.11965
5.33289
5.22934
7.77118
8.01701
8.02272
5.20965
8.0458
5.23596
5.16316
5.32228
8.09311
7.97209
7.90724
5.10822
5.19345
7.91254
8
7.94472
7.99438
5.27293
5.16316
5.25433
7.97209
8.06336
8.29264
8.07519
8.26529
5.03061
7.87588
5.20558
5.05749
8.09913
5.29956
5.217
5.21782
5.2064
7.91254
5.14981
5.18943
5.21291
8.0458
5.19345
7.86557
5.21946
5.13736
8.07519
7.91785
8.0458
5.08039
7.74733
8.06336
8.14202
5.27208
7.87072
8.04
8.23845
8.08114
5.20315
7.96658
5.19426
7.93391
5.17028
8.01701
5.3039
7.92318
5.16711
7.89148
8.17982
5.31964
5.24846
8.07519
7.95015
7.90724
7.77118
8.10518
5.15529
5.10746
5.24011
8.25853
5.22274
7.97763
5.06263
8.09913
8.02846
8.08114
7.95561
7.80033
8.20558
5.09236
5.30303
7.83509
5.11278
7.96658
5.26529
5.12656
5.28661
7.99438
7.79055
7.90197
7.96658
5.19506
5.20884
7.98877
7.82507
7.96108
5.17663
7.97763
8.2121
7.84518
7.9393
5.19748
5.16001
8.02272
5.13581
5.28575
8.14825
5.09687
5.19345
8.21864
5.18863
7.98319
5.30651
5.20558
5.19104
5.17663
8
7.92318
5.20234
7.95015
5.05969
8.12964
5.28147
7.98319
7.88626
5.20315
5.07667
5.1143
5.24094
5.14124
7.92318
7.87072
8.32052
5.27719
8.09913
8.0458
7.86045
7.99438
7.86557
5.21128
8.19265
7.98877
5.16948
8.06926
5.19265
8.10518
8.08711
5.17584
7.91785
7.91785
8.07519
7.97763
7.87072
8.08114
7.99438
5.18782
5.27378
5.12195
5.17425
7.92318
7.97763
8.01701
5.22851
5.10594
5.21782
5.14513
5.09011
7.84013
5.16948
5.26614
7.91785
5.30738
5.31788
7.93391
7.97209
7.97763
7.94472
8.16711
5.20477
8.12348
5.15529
8.06926
8.09913
7.72388
5.20315
7.9393
8.33466
7.90724
5.15765
5.11278
5.09838
5.27805
5.30826
7.72388
8.1608
5.09461
5.28318
8.00565
5.32669
5.25097
7.91785
7.72854
5.18222
5.17504
5.20802
7.96108
5.18222
5.25349
7.96658
8.12348
5.18782
7.82507
8.3135
5.13891
8.12964
8.22521
8.15451
5.30651
8.04
8.13581
5.15451
7.83509
7.85534
5.28661
5.3214
5.19506
8.18622
8.0458
7.9393
7.89148
7.89148
7.87588
8.19265
7.92318
5.08786
8.06926
5.2211
8.01132
7.86557
7.87588
5.19023
7.92318
7.89148
7.79543
5.2849
5.18943
5.09386
8.15451
7.81512
8.02846
5.18863
5.09537
8.01701
5.20884
5.31175
7.85025
5.0737
7.84013
8.01132
8.11126
8.02846
7.97209
5.24011
8.00565
7.93391
8.01701
8.23182
7.85025
7.81512
5.22439
5.18782
7.92318
5.14202
5.18382
5.20802
5.14981
8.02272
5.33644
5.30826
8.32757
5.33822
7.80033
7.97209
5.11507
5.09989
5.25685
8.10518
5.16553
8.22521
5.35254
5.28404
8.06336
5.19506
8.10518
7.81018
5.29523
5.3039
7.85534
7.95561
7.91254
8.25181
8.02272
5.08561
5.29696
5.28232
8.02846
8.15451
5.23928
5.28833
5.14357
8.12348
5.16158
5.18222
5.21291
5.22521
7.83007
7.88626
5.10746
8.08711
8.09311
8.0458
8.08711
5.14981
5.20315
7.9393
8.07519
7.95015
5.22769
5.32846
5.28404
8.12348
7.99438
5.24094
7.94472
7.70998
5.20802
8.18622
7.9393
5.19104
7.97763
7.98319
8.1991
5.14202
5.19184
5.10518
8.00565
8.17345
5.10822
8.09311
7.92318
5.15922
8.08711
5.09311
8.01701
5.13427
7.94472
5.18142
5.08114
5.22851
7.97209
5.17584
5.29005
5.18622
5.16001
7.98877
5.06483
8.18622
5.217
8.06926
7.97209
7.95015
5.05822
8
5.31876
8.15451
7.85025
8.02846
5.19668
8.2789
5.31613
5.14047
8.28575
7.90197
5.24428
5.18062
8.01132
5.21047
5.25097
8.07519
5.22439
5.38161
7.90197
7.96658
5.15216
7.91254
7.98877
8.13581
5.31088
7.89671
8.25853
8.06926
7.97209
7.92854
5.24511
5.19265
5.31964
5.15844
5.16553
8.17345
8.28575
5.16237
8.1608
8.0458
5.11812
7.89671
5.23264
5.27976
5.07667
8.02272
7.96108
5.15686
5.26444
5.20315
7.84013
7.85025
5.13272
5.30913
5.17186
8.1608
7.89671
5.27549
7.99438
5.06263
7.82009
5.16948
5.13891
5.34268
7.91254
5.1991
5.09913
7.90724
8.08711
5.2961
5.17982
5.27805
7.90197
7.89671
5.22521
5.13814
5.20558
5.11583
5.26698
7.90724
8.19265
5.23182
5.17504
7.96108
8.14202
5.24428
8.08114
5.21864
7.90724
5.08636
8.03422
7.81018
5.21047
5.28404
5.17982
8.02272
5.21373
5.09011
7.93391
8.06336
5.15844
8.18622
5.05309
5.09612
5.217
7.86557
5.04944
5.17186
5.20072
5.17982
7.87588
5.12656
8.02846
5.21537
5.10367
5.2636
7.97209
5.36882
7.9393
8.03422
5.30303
5.2961
7.95561
5.14981
5.33112
5.20153
7.96108
8.09311
7.96658
5.20558
5.217
5.41129
7.83509
5.14357
8.01701
5.2789
5.24929
7.7616
5.09161
7.98877
5.24762
5.07
5.16869
8.00565
7.80033
7.93391
5.27293
5.34626
5.24428
7.98319
7.96658
5.23264
7.97763
7.95561
5.38529
7.99438
5.15059
8.06336
7.86557
8.05749
5.28404
7.75683
7.88626
5.09687
7.96658
8.01701
5.05456
5.2343
5.12733
7.90724
5.16869
8.34179
5.22028
8.0458
7.88106
7.79543
5.04726
5.1105
8.02272
8.17982
5.24929
7.92854
8.11736
5.23928
8.04
5.16632
7.97209
7.73791
5.19023
5.17186
5.15373
7.97209
5.24762
5.28404
8.09311
5.16001
5.1105
8.06336
7.97209
5.13891
5.17504
5.18863
5.33112
5.20396
8.08114
8.16711
7.93391
5.22604
8.05749
5.1679
5.15765
7.81018
5.17982
5.23264
8.18622
5.25517
7.84013
5.13041
7.90197
5.24011
5.17107
8.17345
5.04653
5.01701
5.17107
8.06926
5.07519
5.18542
5.13118
7.98319
7.97763
8.19265
8.03422
7.63368
7.95561
8.02272
5.16948
5.18702
5.32846
5.13814
5.21291
8.01701
7.9393
7.91785
5.18382
8.17345
5.07742
5.27293
8.13581
5.23596
8.29264
7.95561
5.22357
8.01132
5.12502
8.06336
5.29696
5.27549
7.81018
5.21864
5.2343
5.21864
7.89148
8.15451
8
8.16711
7.98319
5.1143
8.0458
7.82009
5.2636
8.08711
7.95561
5.20477
8.13581
5.19668
8.03422
7.87072
5.16869
5.14513
5.14669
8.01701
8.01701
8
5.30477
5.26698
8.01701
8.09311
5.08412
5.27634
5.25517
5.21291
5.23845
8.08711
5.30651
8.06926
7.87588
8.05749
8.09311
7.87072
8.09913
8.05749
7.91254
5.13736
5.19829
7.97209
5.21373
8.00565
8.14825
7.73791
5.05529
5.20802
8.06336
5.13504
8.21864
8.25853
7.82009
8.02846
7.86557
5.09687
7.95015
5.31438
5.11736
8.05749
7.98319
5.17266
7.85025
8.05163
5.30477
7.98877
5.0371
5.24929
5.09386
7.86557
7.79055
5.20234
8.12348
5.24178
8.05749
5.23264
7.92854
8.11736
5.10594
5.25097
8
5.18062
7.85025
8.01701
5.15216
7.94472
5.23347
5.19748
5.14591
5.17107
7.92854
7.98877
7.79055
7.98877
5.19668
5.24762
5.18302
7.96108
5.10974
5.18782
7.91785
5.25349
7.97209
5.14047
5.14747
7.9393
5.19104
7.88626
5.20477
7.99438
8.12964
5.25433
5.10518
7.66461
8.0458
5.22604
5.29437
5.19345
5.16948
8.05163
5.21455
5.29264
5.2211
8.11126
5.10746
5.17982
8.01701
5.21373
5.26191
8.2121
5.09687
8.01132
8.01132
7.80524
8.08711
7.91254
5.33733
8.06926
5.31525
7.99438
7.90197
8.15451
8.07519
8.12964
7.95015
8.03422
5.22851
5.0737
8.12348
8.17345
5.15686
5.1014
7.88106
5.22686
5.33112
5.10442
5.18382
7.97763
8.06336
8.14202
8.01132
5.21618
8.3135
5.10898
8.18622
5.08039
5.32316
5.05456
5.18542
5.33289
5.07816
8.12348
5.20396
5.11507
7.96108
5.2121
8.12348
7.90724
8.22521
8.01701
5.2961
5.07593
5.24846
5.2961
8.02272
8.15451
8.09913
5.27293
5.24678
5.18702
8.08114
8.1608
8.14825
5.18702
8.11736
5.23016
5.27463
7.89671
5.12272
5.15451
8.15451
5.23513
7.7616
8.02272
7.95561
8.29264
5.28404
5.13041
8.02272
8.05749
7.95561
7.95561
7.97209
5.12656
8.12348
8.06926
5.15138
5.26698
8.11126
8.14202
8.03422
5.2636
5.18542
7.99438
7.98877
5.21618
5.1143
7.98319
5.0737
5.18943
7.98319
8
7.96108
5.22357
5.24929
7.87072
5.09913
8
5.20315
7.91254
7.87072
5.20965
5.18863
5.16948
5.31876
5.09537
7.95561
5.11812
5.24678
5.19426
8.03422
5.11354
7.79543
5.07
5.20315
5.15529
8
5.17028
5.08337
8.02272
5.13195
5.27378
5.21128
5.17902
5.22439
8.06926
5.21373
7.99438
5.217
5.11965
5.2961
5.11202
5.23182
5.23264
5.21373
5.27463
8.09311
5.05017
5.15608
5.06042
8.02846
8.05163
8.09913
8.02846
5.19587
5.19506
5.21537
5.31
5.22604
5.07816
5.12502
7.97209
5.30564
7.90197
5.17186
7.86557
5.09913
5.18382
5.11659
7.83007
5.17902
5.15765
8.08114
5.11583
5.09913
5.14903
5.16632
8.04
7.92318
5.32316
5.19426
5.1105
7.88626
5.0641
5.21291
5.25349
5.27123
5.13659
5.30303
5.04
5.21291
8.14825
5.20072
8.1991
8.06336
5.23099
8.05163
5.14591
5.10974
5.29783
5.13272
5.17504
5.12964
5.25265
7.82009
7.94472
5.17266
8
8.02846
8.08114
5.16869
7.86045
5.10822
5.17186
7.78083
8.02272
7.73321
5.18702
7.94472
5.1991
5.16237
5.32669
5.15451
8.2121
5.17584
5.09011
5.13504
7.96108
8.12964
5.20315
5.28575
8.09913
7.99438
8.25181
7.67807
5.15608
5.21047
8.22521
5.13969
5.22604
7.79055
5.30564
5.26614
8.06336
8.17345
7.95561
5.14903
5.09762
5.15529
5.12425
8.20558
8.03422
5.10974
8.08114
5.10367
5.21455
7.97763
7.88626
7.91785
7.98877
5.28232
5.10974
5.19023
5.14747
5.19668
7.92854
5.16237
5.30043
5.20721
8.02272
8.01701
5.22357
7.98319
5.02702
5.24762
5.17425
5.1679
7.86557
5.29264
8.04
7.95015
8.13581
5.19829
5.31788
8.0458
5.11354
5.1143
8
8
7.96658
8.14202
5.25013
8.06926
8.29956
8.02272
5.16711
8.05749
8.04
5.28661
8.0458
8.10518
5.19829
5.13581
8.03422
5.09612
7.79055
8.05749
5.08861
5.31788
7.81512
5.18702
8
7.95015
7.96108
8.00565
5.31525
5.1608
8
5.2789
5.15451
8.02272
7.85534
8.05163
8.29956
8.02846
5.16001
5.17186
7.776
5.32846
7.96658
5.12886
5.05749
5.22604
8.02272
7.96108
5.10974
5.14202
5.13041
8.0458
5.30043
5.24846
5.30913
5.08487
5.17186
8.08711
5.17982
5.1067
7.75207
7.89671
8.09311
5.16316
5.17902
5.12425
5.04944
5.09011
7.70079
5.22274
7.98319
7.81018
5.18382
8.08114
7.80524
7.98319
5.21291
5.11278
7.91254
5.23596
5.13349
5.29956
5.37429
7.9393
5.29869
8.02846
7.92318
7.98877
8.01701
5.12118
7.96108
8.07519
8.03422
7.98877
5.20965
5.22357
8.09311
7.95015
5.18782
8.02272
8.2121
5.1143
5.04872
8.05163
5.21864
5.20558
5.05822
7.94472
5.34716
5.28061
7.99438
7.89671
5.19991
5.24094
5.17663
8.02846
5.17504
5.18943
5.26191
7.91785
5.15922
5.20072
8.08711
5.20477
5.11507
8.2121
5.367
5.17425
7.94472
5.31701
7.7616
8.11126
7.93391
5.35164
8.06336
7.97209
8.23182
7.96658
8.15451
5.29869
7.93391
8.14825
5.3135
7.93391
8.15451
7.81512
5.04072
8.02846
8.14202
7.96108
8.08711
5.1428
5.14357
8.06336
5.34447
7.57374
5.06926
8.03422
7.98877
8.07519
5.25601
7.95015
5.28661
8.05749
5.28232
7.89148
5.17266
7.97763
7.96658
8.2789
5.15765
5.16948
5.14825
8.11126
5.00353
5.12656
5.22028
5.17345
7.91785
5.19748
7.73321
5.20558
7.97209
8.09311
8.00565
7.91254
5.27123
8.03422
7.90197
5.18782
5.33378
7.87588
7.82009
8.07519
5.33023
7.96658
5.13891
8.0458
5.25013
7.97763
5.09461
7.96108
5.30477
5.17663
8.01132
5.09537
5.22028
5.05749
5.09762
7.98319
7.97763
5.21047
8.07519
7.92854
8.0458
8.01132
8.08711
8.13581
7.76638
5.1608
7.9393
5.17982
7.85534
5.25685
7.86045
5.17584
5.16711
7.93391
7.85025
5.17107
8.28575
8.02846
7.84013
8.07519
8.17345
7.93391
7.91785
5.18382
8.05749
7.97763
5.13195
5.24011
7.96658
7.82009
5.03783
5.12656
5.25517
7.97209
5.1991
7.9393
5.15844
5.22934
7.91785
5.05749
5.23264
7.90724
8.19265
5.2211
8.00565
7.90724
8.03422
7.84518
7.99438
5.1608
8.05749
8.25853
8.17982
8.07519
8.11736
7.88106
8
7.98877
5.217
5.17504
5.09086
8.14825
8.03422
5.08412
7.94472
5.21618
5.09086
5.11278
7.98877
5.11736
7.85534
7.97209
8.05163
5.24846
5.20153
7.85534
5.10822
8.02846
8.0458
8.1991
7.98877
5.22028
8.02272
8.0458
8.12964
5.16632
7.92318
7.79543
5.05602
5.332
5.19587
8.11126
5.13891
5.12195
5.26191
5.15686
7.84518
7.87072
5.11659
8.18622
5.27378
7.88626
7.92854
5.11507
5.19748
5.06705
8.02272
7.86045
8.13581
5.15686
8
7.78083
5.21047
5.15844
8.14202
5.17345
5.12502
5.19265
7.88106
5.12425
8.05163
5.16237
5.20315
5.07148
7.81018
5.23016
5.24511
7.88626
5.10822
5.28575
5.24929
5.26191
7.97209
5.16395
5.31876
8.00565
7.91254
8.10518
7.85534
8.03422
5.08412
5.22686
5.20965
8.01701
7.86557
5.26614
7.7616
7.95015
8.11126
8.02272
