original prob: 73
probability if we exclude those that are not involved in any constraints: 73
00,20,20,00, 00,80,90,00, 00,80,90,00, 00,80,90,00, 80,04,00,80,
00,20,20,00, 00,80,80,00, 00,80,80,00, 00,00,80,80, 00,80,90,00,
00,20,00,20, 00,80,00,80, 00,80,00,80, 00,80,00,80, 00,80,80,00,
00,20,40,20, 00,80,04,90, 00,80,04,90, 80,04,90,00, 00,00,90,80,

00,00,00,00, 00,01,01,00, 00,01,01,00, 00,01,01,00, 00,01,00,00,
00,00,00,00, 00,01,01,00, 00,01,01,00, 00,00,01,01, 00,01,01,00,
00,00,00,00, 00,01,00,01, 00,01,00,01, 00,01,00,01, 00,00,00,01,
00,00,00,00, 00,01,01,01, 00,01,01,01, 01,01,01,00, 00,01,00,00,

-------------------------------------------------------
80,04,00,80, 02,05,00,02, 02,02,00,02, 02,02,00,02, 00,00,02,00,
00,80,90,00, 00,02,02,00, 00,02,02,00, 00,00,02,02, 02,02,00,02,
00,80,80,00, 00,02,02,00, 00,02,02,00, 02,00,00,02, 02,00,02,00,
00,00,90,80, 00,00,02,02, 00,00,02,02, 00,02,02,00, 00,02,00,00,

00,01,00,00, 01,01,00,01, 01,01,00,01, 01,01,00,01, 01,01,00,00,
00,01,01,00, 00,01,01,00, 00,01,01,00, 00,00,01,01, 01,01,00,01,
00,00,00,01, 00,01,01,01, 00,01,01,01, 01,01,00,01, 00,00,00,01,
00,01,00,00, 00,01,01,01, 00,01,01,01, 01,01,01,00, 01,01,00,01,

-------------------------------------------------------
00,00,02,00, 00,00,08,00, 00,00,08,00, 00,00,08,00, 04,00,00,00,
02,02,00,02, 08,08,00,08, 08,08,00,08, 08,08,08,00, 00,00,08,00,
02,00,02,00, 08,00,08,00, 08,00,08,00, 08,00,08,00, 00,08,00,00,
00,02,00,00, 00,0c,00,00, 00,0c,00,00, 0c,00,00,00, 08,00,00,00,

01,01,00,00, 01,01,01,00, 01,01,01,00, 01,01,01,00, 01,00,01,00,
01,01,00,01, 01,01,00,01, 01,01,00,01, 01,01,01,00, 01,01,01,00,
00,00,00,01, 01,00,01,01, 01,00,01,01, 01,01,01,00, 01,01,01,00,
01,01,00,01, 01,01,00,01, 01,01,00,01, 01,00,01,01, 01,01,01,00,

-------------------------------------------------------
04,00,00,00, 06,00,00,00, 00,00,00,00, 00,00,00,00, 00,00,00,00,
00,00,08,00, 00,00,10,00, 00,00,10,00, 00,00,00,10, 00,00,00,00,
00,08,00,00, 00,10,00,00, 00,10,00,00, 00,00,00,10, 00,00,00,00,
08,00,00,00, 10,00,00,00, 10,00,00,00, 00,00,00,10, 00,00,00,10,

01,00,01,00, 01,00,01,00, 01,00,01,00, 01,00,01,00, 01,00,00,00,
01,01,01,00, 01,01,01,00, 01,01,01,00, 00,01,01,01, 01,00,01,00,
01,01,01,00, 01,01,01,00, 01,01,01,00, 01,00,01,01, 00,00,01,01,
01,01,01,00, 01,01,01,00, 01,01,01,00, 01,01,00,01, 01,00,01,00,

-------------------------------------------------------
00,00,00,00, 00,00,00,00, 00,00,00,00, 00,00,00,00, 00,00,50,00,
00,00,00,00, 00,00,00,00, 00,00,00,00, 00,00,00,00, 00,00,00,00,
00,00,00,00, 00,00,00,00, 00,00,00,00, 00,00,00,00, 00,00,00,00,
00,00,00,10, 00,00,00,50, 00,00,00,50, 00,00,50,00, 00,00,00,00,

01,00,00,00, 01,00,00,00, 01,00,00,00, 01,00,00,00, 00,00,00,00,
01,00,01,00, 01,00,01,00, 01,00,01,00, 00,01,00,01, 01,00,00,00,
00,00,01,01, 00,00,01,01, 00,00,01,01, 01,01,00,00, 00,01,00,00,
01,00,01,00, 01,00,01,01, 01,00,01,01, 00,01,01,01, 01,00,00,00,

-------------------------------------------------------
00,00,50,00, 00,00,04,00, 00,00,00,00, 00,00,00,00, 00,00,00,00,
00,00,00,00, 00,00,00,00, 00,00,00,00, 00,00,00,00, 00,00,00,00,
00,00,00,00, 00,00,00,00, 00,00,00,00, 00,00,00,00, 00,00,00,00,
00,00,00,00, 00,00,00,00, 00,00,00,00, 00,00,00,00, 00,00,00,00,

00,00,00,00, 00,00,01,00, 00,00,01,00, 00,00,01,00, 00,00,00,00,
01,00,00,00, 01,00,00,00, 01,00,00,00, 00,01,00,00, 00,00,01,00,
00,01,00,00, 00,01,00,00, 00,01,00,00, 00,00,00,01, 00,00,00,00,
01,00,00,00, 01,00,00,00, 01,00,00,00, 00,00,00,01, 00,00,00,00,

-------------------------------------------------------
00,00,00,00, 00,00,00,00, 00,00,00,00, 00,00,00,00, 00,00,00,00,
00,00,00,00, 00,00,00,00, 00,00,00,00, 00,00,00,00, 00,00,00,00,
00,00,00,00, 00,00,00,00, 00,00,00,00, 00,00,00,00, 00,00,00,00,
00,00,00,00, 00,00,00,00, 00,00,00,00, 00,00,00,00, 00,00,00,00,

00,00,00,00, 00,00,00,00, 00,00,00,00, 00,00,00,00, 00,00,00,00,
00,00,01,00, 00,00,01,00, 00,00,01,00, 00,00,00,01, 00,00,00,00,
00,00,00,00, 00,00,00,00, 00,00,00,00, 00,00,00,00, 00,00,00,00,
00,00,00,00, 00,00,00,00, 00,00,00,00, 00,00,00,00, 00,00,00,00,

-------------------------------------------------------
00,00,00,00, 00,00,00,00, 00,00,00,00, 00,00,00,00, 00,00,00,00,
00,00,00,00, 00,00,00,00, 00,00,00,00, 00,00,00,00, 00,00,00,00,
00,00,00,00, 00,00,00,00, 00,00,00,00, 00,00,00,00, 00,00,00,00,
00,00,00,00, 00,00,00,00, 00,00,00,00, 00,00,00,00, 00,00,00,00,

00,00,00,00, 00,00,00,00, 00,00,00,00, 00,00,00,00, 00,00,00,00,
00,00,00,00, 00,00,00,00, 00,00,00,00, 00,00,00,00, 00,00,00,00,
00,00,00,00, 00,00,00,00, 00,00,00,00, 00,00,00,00, 00,00,00,00,
00,00,00,00, 00,00,00,00, 00,00,00,00, 00,00,00,00, 00,00,00,00,

-------------------------------------------------------
00,00,00,00, 00,00,00,00, 00,00,00,00, 00,00,00,00, 00,00,00,00,
00,00,00,00, 00,00,00,00, 00,00,00,00, 00,00,00,00, 00,00,00,00,
00,00,00,00, 00,00,00,00, 00,00,00,00, 00,00,00,00, 00,00,00,00,
00,00,00,00, 00,00,00,00, 00,00,00,00, 00,00,00,00, 00,00,00,00,

00,00,00,00, 00,00,00,00, 00,00,00,00, 00,00,00,00, 00,00,00,00,
00,00,00,00, 00,00,00,00, 00,00,00,00, 00,00,00,00, 00,00,00,00,
00,00,00,00, 00,00,00,00, 00,00,00,00, 00,00,00,00, 00,00,00,00,
00,00,00,00, 00,00,00,00, 00,00,00,00, 00,00,00,00, 00,00,00,00,

-------------------------------------------------------
00,00,00,00, 00,00,00,00, 00,00,00,00, 00,00,00,00, 00,00,00,00,
00,00,00,00, 00,00,00,00, 00,00,08,00, 00,00,00,08, 00,00,00,00,
00,00,00,00, 00,00,00,00, 00,00,00,00, 00,00,00,00, 00,00,00,08,
00,00,00,00, 00,00,00,00, 00,00,00,00, 00,00,00,00, 00,00,00,00,

00,00,00,00, 00,00,00,00, 00,00,00,00, 00,00,00,00, 00,00,00,00,
00,00,00,00, 00,00,00,00, 00,00,00,00, 00,00,00,00, 00,00,00,00,
00,00,00,00, 00,00,00,00, 00,00,00,00, 00,00,00,00, 00,00,00,00,
00,00,00,00, 00,00,00,00, 00,00,00,00, 00,00,00,00, 00,00,00,00,

-------------------------------------------------------
00,00,00,00, 00,00,00,00, 00,00,00,00, 00,00,00,00, 00,10,00,00,
00,00,00,00, 00,00,00,00, 00,00,00,00, 00,00,00,00, 00,00,00,00,
00,00,00,08, 00,00,00,10, 00,00,00,10, 00,10,00,00, 00,10,00,00,
00,00,00,00, 00,00,00,00, 00,00,00,00, 00,00,00,00, 00,10,00,00,

00,00,00,00, 00,00,00,00, 00,00,00,00, 00,00,00,00, 00,00,00,00,
00,00,00,00, 00,00,00,00, 00,00,00,00, 00,00,00,00, 00,00,00,00,
00,00,00,00, 00,00,00,01, 00,00,00,01, 00,01,00,00, 00,00,00,00,
00,00,00,00, 00,00,00,00, 00,00,00,00, 00,00,00,00, 00,00,00,00,

-------------------------------------------------------
00,10,00,00, 00,40,00,00, 00,40,00,00, 00,40,00,00, 40,40,00,40,
00,00,00,00, 00,00,00,00, 00,18,00,00, 00,00,18,00, 00,40,00,00,
00,10,00,00, 00,40,00,00, 00,40,00,00, 00,00,00,40, 00,00,18,40,
00,10,00,00, 00,40,00,00, 00,40,00,00, 40,00,00,00, 00,40,00,40,

00,00,00,00, 00,01,00,00, 00,01,00,00, 00,01,00,00, 00,00,00,00,
00,00,00,00, 00,00,00,00, 00,00,00,00, 00,00,00,00, 00,01,00,00,
00,00,00,00, 00,01,00,00, 00,01,00,00, 00,00,00,01, 00,00,00,00,
00,00,00,00, 00,01,00,00, 00,01,00,00, 01,00,00,00, 00,00,00,00,

-------------------------------------------------------
The constraints are (in the form of (round, position, input_diff, output_diff)
The number infront of each constraint corresponds to the grouping that each constraint falls under.
Each group is treated as independent in this computation
Some constraints may have more than one group identity. These groups have to be considered together
8 (0,1,20,80) (0,b,20,80) (0,e,40,4) (1,1,4,5) linear
8 (0,1,20,80) (1,5,80,2) linear
c (0,2,20,90) (1,6,90,2) linear
2 (1,0,80,2) (2,4,2,8) linear
0 (1,1,4,5) (2,5,2,8) linear
7 (1,3,80,2) (2,7,2,8) linear
0 d (1,1,4,5) (0,6,20,80) (0,9,20,80) (1,b,0,0) (2,d,2,c) nonlinear
2 8 8 (1,0,80,2) (1,a,80,2) (0,1,20,80) (0,b,20,80) (1,d,0,0) (2,0,0,0) (2,a,2,8) (2,d,2,c) (3,0,4,6) nonlinear
a (2,2,2,8) (3,6,8,10) linear
c 5 (2,4,2,8) (1,6,90,2) (1,9,80,2) (2,b,0,0) (3,9,8,10) nonlinear
2 8 8 (1,0,80,2) (1,a,80,2) (0,1,20,80) (0,b,20,80) (1,d,0,0) (2,0,0,0) (2,a,2,8) (3,c,8,10) nonlinear
(0,e,40,4) (0,b,20,80) (1,5,80,2) (1,1,4,5)  higher-order linear
b c (0,5,20,80) (0,2,20,90) (1,e,90,2) (1,a,80,2)  higher-order linear
b (0,5,20,80) (1,e,90,2) (1,a,80,2) (1,6,90,2)  higher-order linear
(2,d,2,c) (3,c,8,10) (3,0,4,6)  higher-order linear
Original prob: 73
Independent prob (prob ignoring the ones depend on keys): 44

These are the splits:
(0,1,20,80) (0,b,20,80) (0,e,40,4) (1,1,4,5) 
(0,1,20,80) (1,5,80,2) 
(1,0,80,2) (1,a,80,2) (0,1,20,80) (0,b,20,80) (1,d,0,0) (2,0,0,0) (2,a,2,8) (2,d,2,c) (3,0,4,6) 
(1,0,80,2) (1,a,80,2) (0,1,20,80) (0,b,20,80) (1,d,0,0) (2,0,0,0) (2,a,2,8) (3,c,8,10) 
(0,1,20,80) (0,b,20,80) (0,e,40,4) (1,1,4,5) (1,5,80,2) 
(2,0,0,0) (2,a,2,8) (2,d,2,c) (3,0,4,6) (3,c,8,10) 
(1,1,4,5) (2,5,2,8) 
(1,1,4,5) (0,6,20,80) (0,9,20,80) (1,b,0,0) (2,d,2,c) 
-----------------------------------------------
(0,2,20,90) (1,6,90,2) 
(0,2,20,90) (0,5,20,80) (0,8,0,0) (1,a,80,2) (1,e,90,2) 
(0,2,20,90) (0,5,20,80) (0,8,0,0) (1,6,90,2) (1,a,80,2) (1,e,90,2) 
-----------------------------------------------
(1,0,80,2) (2,4,2,8) 
-----------------------------------------------
(1,3,80,2) (2,7,2,8) 
-----------------------------------------------
(2,2,2,8) (3,6,8,10) 
-----------------------------------------------
(2,4,2,8) (1,6,90,2) (1,9,80,2) (2,b,0,0) (3,9,8,10) 
-----------------------------------------------
===============================================
Computing the following constraints theoretically: 
a (0,2,20,90) (1,6,90,2) linear
a d (0,2,20,90) (0,5,20,80) (0,8,0,0) (1,a,80,2) (1,e,90,2) higher order
a d (0,2,20,90) (0,5,20,80) (0,8,0,0) (1,6,90,2) (1,a,80,2) (1,e,90,2) higher order

key space reduction: -2
-4: 100
-------------------------------------
Computing the following constraints theoretically: 
8 (1,0,80,2) (2,4,2,8) linear

key space reduction: 0
-5: 6.25
-4: 37.5
-3.41504: 6.25
-1.29956: 6.25
-1.19265: 37.5
-1.09311: 6.25
-------------------------------------
Computing the following constraints theoretically: 
b (1,3,80,2) (2,7,2,8) linear

key space reduction: 0
-5: 6.25
-4: 37.5
-3.41504: 6.25
-1.29956: 6.25
-1.19265: 37.5
-1.09311: 6.25
-------------------------------------
Computing the following constraints theoretically: 
a (2,2,2,8) (3,6,8,10) linear

key space reduction: -1
-1: 100
-------------------------------------
==============================================
For the theoretical side: 
The following are the distribution: 
Key reduction: -3
7.186: 0.390625
7.285: 4.6875
7.385: 14.0625
7.392: 0.78125
7.492: 4.6875
7.599: 0.390625
9.508: 0.78125
9.607: 4.6875
9.714: 0.78125
10.093: 4.6875
10.192: 28.125
10.299: 4.6875
11.093: 0.78125
11.192: 4.6875
11.299: 0.78125
11.83: 0.390625
12.415: 4.6875
13: 14.0625
13.415: 0.78125
14: 4.6875
15: 0.390625
==============================================
----------------------------------------------
Computing the following experimentally:
8 (0,1,20,80) (0,b,20,80) (0,e,40,4) (1,1,4,5) linear
8 (0,1,20,80) (1,5,80,2) linear
2 8 8 (1,0,80,2) (1,a,80,2) (0,1,20,80) (0,b,20,80) (1,d,0,0) (2,0,0,0) (2,a,2,8) (2,d,2,c) (3,0,4,6) nonlinear
2 8 8 (1,0,80,2) (1,a,80,2) (0,1,20,80) (0,b,20,80) (1,d,0,0) (2,0,0,0) (2,a,2,8) (3,c,8,10) nonlinear
8 (0,1,20,80) (0,b,20,80) (0,e,40,4) (1,1,4,5) (1,5,80,2) higher order
8 (2,0,0,0) (2,a,2,8) (2,d,2,c) (3,0,4,6) (3,c,8,10) higher order
0 (1,1,4,5) (2,5,2,8) linear
0 d (1,1,4,5) (0,6,20,80) (0,9,20,80) (1,b,0,0) (2,d,2,c) nonlinear
computing with 128 valid keys or 2^15 possible keys and 2^15 random plaintexts
computing with 128 valid keys or 2^15 possible keys and 2^15 random plaintexts
computing with 128 valid keys or 2^15 possible keys and 2^15 random plaintexts
computing with 128 valid keys or 2^15 possible keys and 2^15 random plaintexts
computing with 128 valid keys or 2^15 possible keys and 2^15 random plaintexts
computing with 128 valid keys or 2^15 possible keys and 2^15 random plaintexts
computing with 128 valid keys or 2^15 possible keys and 2^15 random plaintexts
computing with 128 valid keys or 2^15 possible keys and 2^15 random plaintexts
computing with 128 valid keys or 2^15 possible keys and 2^15 random plaintexts
computing with 128 valid keys or 2^15 possible keys and 2^15 random plaintexts
computing with 128 valid keys or 2^15 possible keys and 2^15 random plaintexts
computing with 128 valid keys or 2^15 possible keys and 2^15 random plaintexts
computing with 128 valid keys or 2^15 possible keys and 2^15 random plaintexts
computing with 128 valid keys or 2^15 possible keys and 2^15 random plaintexts
computing with 128 valid keys or 2^15 possible keys and 2^15 random plaintexts
computing with 128 valid keys or 2^15 possible keys and 2^15 random plaintexts
13.5324
14.5406
12.8003
14.8915
15.415
15.7146
11.7262
13.3418
12.5002
13.5737
15.9556
13.7521
13.2318
13.3276
12.8967
13.4378
14.0931
12.3927
14.8301
14.7332
13.1174
14.2318
14.9556
13.5324
14.4922
13.6424
15.2186
15.0693
12.5283
13.9888
14.2996
14.8102
12.3311
13.5906
12.7568
14.3418
12.3634
14.2585
12.4531
12.7954
14.5406
14.625
14.8102
14.9776
15.1174
13.2858
13.4531
11.7379
13.4226
12.389
15.0931
12.4493
15.3853
13.4764
12.4264
13.5821
14.5906
14.3418
14.2858
11.8102
14.3853
14.9776
14.5081
14.8915
11.7568
12.3634
12.6962
11.6962
14.7332
14.1926
15.9125
14.3561
13.2721
15.1174
14.4608
16.5406
11.7239
11.7616
15.142
14.9125
14.7332
13.3634
13.9556
13.4001
15.1671
14.5571
14.9776
14.4301
15.8301
13.5406
15.9556
12.7905
12.6513
14.5406
13.7146
12.7808
13.3135
14.4764
13.3561
12.4113
12.3598
14.9556
14.4001
14.4301
14.5571
15.0227
14.5406
15.2451
13.8401
14.9556
14.3853
14.0931
12.6826
13.4301
14.5906
13.6077
15.3853
14.6781
12.4113
13.2789
13.5571
12.8553
14.6601
14.5737
13.4001
14.415
14.1052
13.3706
13.9556
14.9125
14.5571
16.3561
15.0693
11.7568
12.8401
13.3927
14.415
14.6077
14.8301
14.9125
13.7426
15.0693
15.415
14.5243
15.2996
13.4764
13.2186
12.6601
12.9447
13.9666
15.0458
15.9125
11.7592
13.4608
12.4301
14.1174
15.0931
13.3205
14.9776
13.2926
11.7426
15.2996
15.1174
14.4764
13.4922
15.0693
13.3205
13.4454
13.9556
12.4339
12.3598
13.4922
13.5081
14.7146
15.1926
15.0458
16.8301
15.2996
14.7521
14.3135
11.7736
13.3489
14.4454
14.5081
13.3561
12.6826
12.6781
15.142
14.0342
14.9125
15
13.9339
13.5406
13.415
13.4686
15.1671
11.7146
14.4454
14.0931
13.5571
12.389
13.3135
12.4264
11.9693
12.4493
13.415
13.2121
15.0227
16.0931
13.8707
13.8604
15
14.7905
13.4686
14.8503
13.7332
13.9447
14.6424
14.7905
12.8503
14.6601
12.4226
14.6781
13.4075
14.2186
14.5737
13.2926
12.2858
14.8707
16.0458
12.4339
11.7616
13.5002
12.5122
13.5243
11.7146
13.2451
14.4301
14.6962
11.7146
13.4843
14.3276
14.6601
12.457
13.2789
16.1926
15.2451
14.8503
14.2186
13.3347
15.0227
16.0458
14.4454
13.3205
14.6601
13.4686
12.4608
15.2451
12.317
13.5654
11.7592
12.8102
15.1671
13.7239
12.415
14.7905
14.1671
12.8301
13.5821
13.5737
15.1671
14.8102
16.6077
14.0575
13.3347
15.0693
14.0342
11.6781
13.1735
15.2186
14.6424
13.9447
14.5081
15.5406
12.3135
15.7146
12.7521
13.3779
14.5737
16.3561
14.4608
13.9125
13.2858
14.2721
15.2451
14.6781
14.5081
15.1926
13.7712
13.4075
13.3706
11.7905
14.7521
13.3205
14.3853
13.2653
13.4075
15.1671
12.3598
13.7616
13.415
13.4226
14.4001
13.4454
12.9393
13.4454
13.5906
13.4378
14.6601
15.0227
16.6077
16.3561
14.4764
15.3276
12.625
12.9125
12.4075
13.4764
13.3418
11.8733
13.8915
13.4843
14.7332
14.6962
13.3135
12.4416
15.5406
13.4922
14.8301
14.8915
14.4001
16.6781
12.7808
13.3634
14.2186
13.2186
14.8915
14.7521
14.7146
14.0693
15.1174
14.4001
16.142
12.5041
15.0227
13.4686
13.5406
13.4226
15.2186
12.6962
12.6781
14.7712
13.5243
13.6337
14.3853
13.8102
16.6781
13.415
13.4764
13.902
12.5122
13.4608
13.902
15.0931
13.3418
15.1174
14.6601
13.5081
14.5243
13.6077
14.7905
14.8707
14.7905
16.7521
15.9125
13.4454
12.3489
12.8251
13.1926
13.5406
12.9721
13.9339
13.9776
13.2789
14.6424
16.8301
13.5243
14.7905
12.3525
12.9721
14.9776
14.8503
12.4686
13.4075
12.4725
12.9072
11.8427
14.8503
12.7808
14.9776
14
15.0458
12.3927
16.2996
14.7905
13.4301
14.3276
12.5162
13.4378
12.6691
13.4686
13.5654
12.2755
15.2721
14.9125
14.5906
15.1671
14.3135
15.2721
13.4301
15.142
13.4378
14.2318
14.4608
12.8967
15.0693
14.2056
13.415
13.6962
13.5906
11.7784
15.0458
14.0113
12.5529
13.4686
13.4226
15.1671
16
13.3205
15.0227
13.9556
12.3964
14.2858
14.8503
12.776
13.5906
14.8301
15.8301
11.8028
12.7616
13.1113
14.7905
12.6601
15.1174
14.2318
12.4075
15.142
16.2996
15.0458
16.8301
12.7521
15.142
14.4301
13.3418
15.5081
14.3135
13.9888
14.2056
12.4226
14.625
14.142
14.3706
16.0931
14.0227
14.0811
11.7833
14.9125
13.5081
16.142
13.4378
14.9776
16.3561
15.1926
14.6424
12.7285
13.3634
14.4608
16.1926
14.5406
12.8301
13.5991
15.0458
12.7616
14.0693
12.3561
16.415
15.4454
11.7979
15.0693
14.1798
13.4686
14.0693
16.2451
13.625
12.4922
12.3418
13.8604
13.3276
13.3135
16.0458
13.4075
13.3634
12.5864
14.1545
13.5654
13.4378
13.3927
14.1052
14.0575
13.3779
13.5571
14.5737
12.7426
16
13.7808
14.2996
12.9447
15.0693
16
12.4804
16.5406
12.9447
14.5406
12.6163
13.3489
12.5081
12.9611
12.4226
14.142
13.4764
12.4075
13.2996
12.8503
15.7521
11.6691
14.3135
14.3276
14.4608
13.017
13.5162
12.3382
13.6962
15.2451
14.5243
16.415
14.9776
13.3205
12.5821
14.8301
13.5488
12.7239
14.2585
12.5041
12.4226
11.6962
14.8301
16.0931
16.5406
11.7521
15.0693
12.3454
13.5821
16
15.2186
14.7146
14.2186
13.6337
11.7954
15.2721
14.6962
16.2996
14.9776
13.5737
15.3561
14.5906
14.1296
16.2996
13.4608
13.4001
11.71
14.0227
12.3816
13.3135
12.5654
14.3561
14.5406
13.2518
13.5571
13.3489
11.8052
13.3706
12.4686
15.0931
16.7521
14.5737
14.8915
14.2186
14.415
15.0458
14.8301
16.3561
13.4686
12.5365
13.9556
13.3927
16.415
16.2451
13.2252
14.8707
16.4764
16.2451
14.3135
13.4764
12.4378
13.415
14.0693
12.4264
14.1052
14.2858
13.5002
12.9944
13.9447
14.9556
16.415
13.2926
11.8604
14.0342
12.6871
15.2186
16
13.7146
13.3779
12.3276
15.0931
13.6871
15.2451
15.3853
13.4075
14.7332
13.5243
14.9339
11.7616
13.5406
13.5406
13.5906
14.1545
14.2858
14.0458
13.4531
14.9556
14.3561
16.0931
13.9232
16.142
14.3135
12.5283
13.8503
13.4608
13.4226
13.5002
14.3706
14.8301
12.303
13.8301
16.1926
13.6601
12.4531
14.8301
12.5906
12.8102
15.142
14.7146
15.3853
14.415
15.1174
13.5654
13.8401
13.5737
12.4188
12.5081
14.6962
13.7239
11.6962
12.8401
13.5324
14.3276
13.5737
14.8301
14.625
11.863
13.6077
16.0931
14
13.4531
13.3927
15.0458
12.8301
13.9125
13.3927
13.415
14.8503
14.8915
13.3347
14.2996
12.3964
16.2451
13.4378
13.5737
13.7712
13.4686
14.9776
12.4962
12.3816
12.2926
13.6163
16.7521
12.4416
12.4686
16.5406
14.2318
13.3853
15.0693
13.3135
13.9776
16.1926
14.5243
13.4301
15.1174
15
15.142
16.3561
14.7521
12.6962
14.8707
14.3706
15.0227
13.6601
12.389
15.2186
15.1671
14.9339
14.6781
13.9447
15.3853
12.4608
12.3853
16.4764
14.9556
13.6513
13.8707
13.2789
12.4188
13.4922
13.3706
14.4454
12.3065
15.5406
16.8301
13.3135
13.2451
13.3135
14.5571
12.8967
13.5906
14.6962
14.9556
13.5406
14.9125
14.6781
11.8351
14.3853
12.9285
12.9944
15.1174
13.4226
13.8102
12.8503
14.3135
15.0931
12.7192
13.3706
14.6962
12.389
15.1671
14.2451
11.6624
14.3561
15.3276
15.4764
14.9776
13.5821
14.2858
14.9339
15
13.3853
15.0227
14.4301
14.8503
14.2318
14.0458
15.2186
16.5406
12.4075
13.9888
12.8707
13.4301
15.1926
15.8707
15.9125
12.7379
13.9666
13.5243
16.1926
13.8915
13.3706
13.4301
16.2996
11.8503
12.4188
12.4531
14.9556
13.3853
12.5162
11.8452
12.71
15.6077
15.0458
14.9125
13.3927
14.9556
14.1052
15.8301
16.2996
13.6163
14.9556
15.2186
15.1174
15.9125
13.5488
14.6781
12.5529
15.2721
15.1671
15.0458
13.3489
16.142
14.9556
14.6601
15.9556
15.1671
15.0458
14.0931
14.6962
13.5162
14.8102
14.7521
15.7146
14.2721
14.8707
12.8151
13.4075
14.4301
14.5906
16.2996
14.9125
15.9125
13.9666
14.6601
14.5571
14.0458
14.6781
12.3311
13.625
14.6077
14.5906
15.0693
13.9776
16.2451
13.1358
12.71
14.4001
13.3634
14.0113
14.9556
15.2721
15.0693
16.7521
14.9776
13.2518
13.6691
15.0693
14.3853
13.2518
12.5081
15.7146
13.3489
15.0458
12.2892
12.4882
14.8707
13.1926
14.9125
13.8102
14.7146
14.9556
13.6691
14.0458
12.5695
15.2451
15.0693
14.9339
12.457
14.0458
14.5737
14.6077
14.1798
14.8102
14.3135
13.7054
13.4531
13.4001
14.9339
13.4378
12.5081
13.8201
12.776
13.4764
12.4226
12.7285
13.9776
13.4686
15.9125
14.4001
15.2721
16.2996
15
11.7332
15.5081
15.3276
14.6962
16.7521
12.2451
12.8351
14.1296
13.4531
12.5654
14.3561
15.0931
13.1926
15.5737
12.3853
11.7592
12.7239
16.6077
15.142
12.8003
14.8301
15.0693
11.7192
15.3561
13.4075
15.0693
14.2186
13.6871
14.3418
15
14.8915
13.6077
12.71
15
13.4922
14.9339
11.8351
12.389
13.9447
14.2721
15.1926
15.2186
13.3276
12.7192
12.7808
14.2721
13.4531
12.7664
14.0342
15.0693
15.0693
12.3418
14.2721
13.5243
15.3561
13.9556
14.3706
14.4454
15.2996
15.2996
14.9125
13.3135
13.3276
15.0931
12.7664
12.8915
13.9776
14.1798
13.3927
16.2996
12.2687
13.4843
15
11.6403
15.0227
14.2585
13.4301
13.5324
14.1545
14.4922
14.0113
15
14.8707
14.6601
15.0931
13.6513
12.5654
14.9556
14.3276
14.3706
14.9556
13.5571
12.7146
14.4001
15.2996
15.3853
15.2186
13.4001
13.3347
13.2858
14.6424
12.7285
12.5612
11.7688
14.0931
12.3706
12.4113
14.8503
13.2858
12.7473
16.2451
15.4764
14.9556
14.3561
15.4454
13.5571
13.1174
14.2318
14.8915
13.5571
13.9776
13.8604
14
12.7712
12.4301
13.6337
16.2996
15.5081
14.0575
15.8301
14.142
13.7054
14.3418
15.2186
15.1174
14.4922
14.7332
14.2451
15.4454
13.6962
13.8811
14.9125
13.4001
14.8503
14.7521
13.3634
12.6646
15.415
15.0458
14.6424
13.142
13.3779
13.3347
14.6601
14.3561
15.1174
12.7426
14.3418
13.3853
13.4686
14.7521
13.5081
14.5737
15.2996
13.3706
13.4764
13.2926
14.4922
14.3276
13.4454
13.6871
12.7905
12.4922
15.0693
13.4764
14.8301
13.4843
15.3276
17
12.8707
14.4764
15
13.5406
15.1174
12.3927
12.4264
12.4001
12.3065
14.6424
16.6781
15.142
13.5162
12.6962
13.415
13.5821
13.4922
12.7712
12.3454
14.7905
15.1174
12.4454
12.8811
11.6962
14.9776
13.2789
14.0113
13.5002
13.4378
13.1545
16.2451
13.6601
14.6781
14.1671
13.2996
13.3135
13.3418
12.7008
13.6691
13.4226
13.5324
14.6962
12.71
14.6601
14.8102
16.3561
12.8052
14.8503
14.8915
12.7054
14.6781
16.4764
14.5243
13.2996
11.7857
14.9125
15.0458
12.5041
13.8003
12.9339
12.8301
12.3065
13.3927
14.4001
14.5243
12.4378
16.1926
15.0458
16.1926
13.3561
13.3347
15.142
12.457
12.4531
14.3561
15.8707
15.3853
14.6781
12.3743
12.4264
15.1671
14.5737
12.8656
13.6337
12.5202
13.5654
14.2721
13.3347
15.142
15.0227
16.1926
12.31
14.3706
14.6601
14.0227
14.1052
13.4226
14.8915
12.3927
15.142
13.9888
12.4804
13.5991
16.2996
15.142
14.1798
13.5737
14.1926
14.415
14.1926
13.1798
14.9776
14.0931
13.3927
14.6781
15.0458
13.6781
11.8301
14.8503
12.4493
15.0227
13.5243
12.6871
15.2451
15.7905
13.4686
13.2926
16.415
14.0113
13.9339
16.3561
12.7332
14.8102
11.7664
11.7077
16.2451
14.2585
14.4608
12.415
14.9556
14.6077
13.6513
14.6781
15.2721
15.1174
13.2585
11.7544
13.4001
13.5243
14
14.5243
14.8503
11.7905
14.2056
13.6601
15.1671
14.0575
12.5654
13.3779
12.2789
13.3065
12.389
15.0931
14.625
14.9339
14.2186
14.5906
12.6871
14.4454
13.4686
14.3853
12.3598
15.0227
15.9125
13.2585
13.9556
14.8915
13.2121
12.3816
14.8915
14.4001
11.7146
13.4531
12.8915
15.0931
16.142
15.4454
13.6163
14.3706
12.31
15.1174
14.3418
13.5162
14.9556
14.8503
12.3454
13.4301
13.4922
11.7712
12.3489
12.324
14.4922
15.8301
14.6962
14.0575
15.6781
12.8811
13.3634
13.9125
11.7379
13.5162
14.9776
12.6293
16.2996
14.9125
13.6601
15.8707
15.0693
16.0931
13.9556
14.4001
14.7712
14.8301
14.7521
14.6601
12.7568
14.7712
14.5571
14.0227
13.4001
15.1926
13.6077
13.8503
12.6691
15.0227
12.4226
12.4113
14.625
13.5162
14.2858
15.0693
12.7664
14.8301
16.7521
16.5406
11.71
15.142
13.4764
15
14.4301
12.4922
14.625
13.5821
14.9339
14.9125
14.0693
14.9776
14
15.142
12.6917
15.0458
14.1798
14.8915
13.4454
15.1174
13.3779
13.3347
12.3634
14.9556
15.2451
12.7379
14.2056
13.3853
13.2858
14.9556
12.4647
13.2996
14.0458
11.7309
14.9339
14.5737
15.0931
14.5081
13.2585
12.7712
13.3779
12.8003
12.4531
13.3706
15.1174
16.0458
14.625
13.6337
12.4001
14.1052
14.8102
13.5243
13.3347
13.4454
14
13.3205
13.9125
14.8503
14.9125
12.6381
16
14.5906
13.9666
16.3561
14.6781
15.0458
15.1174
16
14.5406
15.4454
13.9556
16.0931
13.6077
14.3853
13.3205
14.4922
14.6424
15.0931
15.1926
12.8604
13.5324
13.4075
14.4001
13.5081
12.8201
13.415
12.4301
15.2186
13.3205
15.6077
16.6077
14.5737
13.3561
12.3418
14.5243
13.4531
13.5821
15.1926
15.2996
14.7712
12.6646
13.3347
13.5406
12.5324
15.1926
15.1926
12.4378
14.9776
12.8967
15.0931
12.367
14.3706
14.4608
15.142
15.1671
11.7954
14.6962
14.5571
13.4075
12.7616
15.0693
11.6381
14.4454
14.3418
13.4922
14.2721
11.7857
16.415
14.1052
11.8102
15.9556
16.415
12.9072
14.7905
15.0458
13.6424
11.6894
15.1671
13.4454
12.3561
14.0458
13.5906
15.1671
16.0931
13.4686
14.0458
12.7146
14.415
15.9556
16.142
14.1545
14.5243
13.3561
15.2186
12.7905
12.7521
12.4608
15.1926
16
14.6601
13.4226
13.4301
13.9888
12.4339
14.2318
12.8301
11.7592
14.8301
14.8301
15.1174
15.5081
15.0693
14.4764
12.9125
13.2585
16.4764
12.7808
12.7426
13.3489
13.3779
12.8707
14.2721
14.4764
13.7905
12.6469
13.3927
14.7712
13.9776
15.7905
14.8503
12.3779
12.8301
14.2451
13.4531
13.5081
14.4764
14.4001
14.0693
12.3816
13.3489
15.0227
13.4378
13.3779
14.8707
12.612
12.5654
12.4764
14.5243
13.2789
13.6513
12.8401
14.9776
14.7905
14.1296
14.2186
11.8176
13.1052
11.7616
13.7146
13.7146
12.415
13.2926
14.6781
14.3135
14.9556
14.2318
12.415
15.4764
14.2858
13.6691
12.4493
12.7521
14.7332
14.5571
12.2858
15.1174
14.4301
14.8301
13.1735
15.0227
12.4038
13.9776
13.5081
13.5821
15.5737
12.31
12.4882
13.3634
14.625
11.776
14.8915
13.8102
12.5864
13.4922
15.0931
14.3853
13.5081
13.5488
14.8301
14.7146
15.0931
14.9556
14.2186
15.0458
14.9339
15
13.2789
14.5906
12.6381
14.5243
14.0227
12.4882
14.8503
16.2996
15.2721
13.8503
14.4608
12.367
14.5406
14.8707
14.6601
13.4686
13.3634
14.3135
13.4531
15
13.6691
14.9776
13.3489
15.8301
15.0458
12.8503
15.0931
14.8707
13.5243
13.5081
15.1671
15.1926
11.8276
13.4075
12.7616
15
12.4493
13.3205
14.415
13.3347
15.0931
13.2451
12.8401
15.1671
15.2186
13.3135
12.3598
14.4922
12.5991
13.4531
12.7712
12.6781
13.9556
13.4922
16.415
14.3706
14.7905
16.1926
14.3418
13.5571
15.9556
14.8301
13.2186
13.8003
14.3135
14.625
13.2789
14.3276
13.6871
13.3561
12.6293
12.6826
12.4378
13.4075
13.3853
13.2585
13.2186
14.8915
15.3561
12.8251
14.0113
12.4493
14.4764
12.6781
11.8889
13.2451
15.2721
11.776
14.1545
12.8915
14.2318
14.6781
14.2996
14.3276
14.5243
13.3065
14.6077
16.415
14.8915
14.8301
11.8553
12.7808
13.2384
15.0227
12.7192
14.8503
14.8102
13.7616
16.0458
13.5991
13.5821
14.5406
16.0458
12.4647
13.9447
12.2823
13.5406
13.9666
12.7521
14.9125
12.3964
12.8553
14.625
14.0693
16.0458
12.4454
13.3205
15.3853
14.8102
15.8707
12.6557
15.3853
15.0931
14.7332
12.6781
11.745
13.415
14.7332
12.8301
13.6077
13.8003
14.9339
15.2186
15.9556
15.1671
13.3418
13.902
12.6381
14.2585
13.5654
12.71
11.7031
14.1671
11.8301
12.2858
11.7285
12.7905
14.625
16.7521
12.4378
15.2451
14.2996
12.8052
16.415
14.3561
13.5406
13.3418
13.2789
13.5488
15.8301
12.8915
14.9556
13.8102
14.5737
12.7954
14.8915
12.4647
12.3964
12.6826
13.2789
16.7521
15.2721
16.0931
14.0342
14.9339
13.9339
13.2653
15.9556
12.4038
13.902
14.7712
13.4301
14.4764
11.776
12.4038
15.0693
13.8915
12.4454
14.2721
13.5654
13.2451
13.4001
13.1608
13.7521
15.3853
12.303
13.5162
13.9888
14.9125
13.3634
13.4301
11.8052
14.0693
14.6077
12.3276
12.3418
13.3634
13.1052
13.2858
13.3276
13.3779
12.9072
11.7784
15.4454
12.4301
13.4001
16.0458
14.5081
15.0693
13.7616
14.1671
14.1174
15.0458
13.3347
14.3853
15.3276
16.2451
12.3561
16
16.0458
13.2585
16.415
14.7521
11.6315
14.9556
14.1798
12.389
15.6424
13.3853
13.0113
16.0458
16.9125
13.3347
14.5906
13.2721
16.1926
14.3853
14.7521
14.7146
13.4531
13.4378
14.8301
11.8226
13.4075
14.4001
13.8915
13.5406
11.7262
14.7905
14.6781
13.902
12.6557
12.3525
14.0342
16.2451
12.6646
15.7905
13.6077
14.2318
11.7736
16.415
13.625
14.3135
14.4764
13.2451
13.9666
12.8151
12.4804
13.4922
14.625
14.7905
14.2721
11.8251
14.8102
14.4608
14.3853
11.7905
13.2653
12.3561
12.4804
13.4378
16.7521
12.6424
15.0693
13.2996
15.2451
14.7332
13.6691
13.3418
16.2996
15.0931
14.9556
13.4001
13.3927
14.9339
13.3561
16
13.3561
14.9125
13.3706
12.4264
15.0693
12.4416
13.7239
11.7146
13.4001
14.7146
14.7521
15.0931
14.2451
14.4301
16.2996
14.2721
12.8351
13.5821
14.0342
15.3561
13.5243
12.7664
13.6077
16.2996
12.7426
11.9179
16.4764
12.7332
15.2186
13.3706
16.6077
13.4454
14.7712
13.9339
12.612
13.3065
15.0227
13.2926
15.142
16.3561
13.4922
11.7954
14.8915
13.4001
15.1671
14.625
13.2789
12.9611
12.8102
14.2186
12.3634
11.7712
11.764
12.8351
14.3418
13.9125
15.142
13.5737
12.7379
13.3706
13.3276
13.5162
12.2858
13.5002
11.8102
14.1545
16.3561
13.4686
11.7169
12.7808
12.5162
11.7169
12.8351
12.4378
14.1671
16.6077
12.31
16.4764
14.7905
12.7712
14.7712
14.8707
16
15.1671
14.1545
key space reduction: -1.42259
prob, dist: 
11.6348 0.0976562
11.7678 4.29688
12.4049 8.93555
12.7626 8.88672
13.7086 38.5254
14.4852 3.41797
14.6108 3.4668
14.717 3.125
14.8285 3.66211
14.9244 3.66211
15.0122 3.51562
15.1006 4.24805
15.2239 4.05273
15.6016 3.27148
16.0912 3.125
16.4599 3.36914
16.855 0.341797
----------------------------------------------
Computing the following experimentally:
c 5 (2,4,2,8) (1,6,90,2) (1,9,80,2) (2,b,0,0) (3,9,8,10) nonlinear
computing with 128 valid keys or 2^8 possible keys and 2^10 random plaintexts
computing with 128 valid keys or 2^8 possible keys and 2^10 random plaintexts
computing with 128 valid keys or 2^8 possible keys and 2^10 random plaintexts
computing with 128 valid keys or 2^8 possible keys and 2^10 random plaintexts
computing with 128 valid keys or 2^8 possible keys and 2^10 random plaintexts
computing with 128 valid keys or 2^8 possible keys and 2^10 random plaintexts
computing with 128 valid keys or 2^8 possible keys and 2^10 random plaintexts
computing with 128 valid keys or 2^8 possible keys and 2^10 random plaintexts
computing with 128 valid keys or 2^8 possible keys and 2^10 random plaintexts
computing with 128 valid keys or 2^8 possible keys and 2^10 random plaintexts
computing with 128 valid keys or 2^8 possible keys and 2^10 random plaintexts
computing with 128 valid keys or 2^8 possible keys and 2^10 random plaintexts
computing with 128 valid keys or 2^8 possible keys and 2^10 random plaintexts
computing with 128 valid keys or 2^8 possible keys and 2^10 random plaintexts
computing with 128 valid keys or 2^8 possible keys and 2^10 random plaintexts
computing with 128 valid keys or 2^8 possible keys and 2^10 random plaintexts
1.6373
1.65397
1.63902
1.64094
2.45685
1.63102
2.46072
1.64637
2.49605
1.63197
1.65155
2.464
1.63013
1.63368
1.62428
2.49779
2.49903
2.48086
1.62299
2.47045
2.48282
1.63936
2.46886
1.64403
1.64272
1.63491
2.48504
2.46825
2.48307
2.48356
1.65148
1.63881
1.64989
1.64541
2.46679
1.63812
2.48862
1.65224
1.65647
2.4963
1.64121
1.63013
2.47656
1.64128
1.63361
2.45648
1.6285
1.66175
1.64803
1.62557
2.46837
2.47668
1.64307
1.63662
1.65189
1.64486
1.65252
2.48677
2.46558
2.49866
2.46837
1.65155
2.47008
2.47656
1.62646
2.47338
1.63819
2.46302
2.5029
2.48012
1.62591
1.64685
1.64761
2.46582
1.65252
1.63252
2.45298
1.63758
1.6304
1.6512
2.47399
1.63737
2.47191
2.46972
2.48332
1.64252
1.65432
2.47313
2.46764
2.46011
1.65925
1.64424
1.65848
2.46339
1.64101
1.64913
1.63457
1.63539
2.46911
1.64334
1.64927
1.63334
2.47265
2.45178
2.46327
1.65349
1.64052
1.63655
1.6539
2.49344
1.64011
1.62496
1.65383
2.48566
1.64293
1.65543
1.63265
1.64286
2.47705
2.47301
2.464
1.63908
2.49506
2.46157
2.48418
1.6521
2.45516
1.65723
1.65466
2.488
1.64692
1.63491
2.45854
1.65003
1.62924
2.48751
2.46024
2.4724
2.47828
1.63552
2.46302
1.64996
2.48738
2.48024
1.6555
2.48208
1.62693
2.47914
2.46643
2.47558
2.4501
2.45022
1.6395
1.64665
2.47987
1.64259
2.47228
2.43406
1.63443
1.65744
2.48726
2.47705
1.64658
2.4746
1.64513
2.45927
1.64747
1.64094
2.46387
1.66022
2.47289
2.47313
2.46996
2.49406
2.47436
2.49481
2.45745
1.64878
2.47828
1.64878
1.64011
1.62924
1.65758
2.46024
1.64094
2.48122
2.4623
1.65328
1.64651
2.47313
1.66922
2.47509
1.65024
1.63054
1.64789
1.6463
1.64121
1.6397
2.4843
2.47301
1.63607
1.63765
2.46825
1.63675
1.651
2.46679
1.6386
2.44074
1.64417
1.63422
2.48603
1.62884
1.64458
1.62673
2.4713
1.64176
2.48172
1.6373
1.64734
2.47632
1.64685
1.65189
1.63867
1.62727
2.46011
1.64796
1.65286
2.49382
2.47436
2.45951
1.64948
1.64375
2.47094
1.65376
1.64362
2.47852
2.50815
2.49109
2.48233
2.46862
2.48553
2.48245
1.64713
2.4685
1.63245
1.651
2.48467
2.49829
1.64142
1.63737
1.65453
2.44733
2.49903
2.49444
1.63347
1.64183
1.62897
1.65266
2.48332
1.64589
2.46558
1.65279
2.46205
1.66085
1.63819
2.48948
2.46764
2.48233
1.63525
1.63655
1.63436
2.48603
2.46886
2.48184
1.65321
1.63539
1.64603
1.63696
2.47681
2.46667
1.65487
2.47852
1.64424
1.63279
2.50477
1.65626
2.45238
1.65439
2.47423
2.47155
2.46691
1.6371
1.62347
2.46631
2.48948
1.64265
2.47815
2.46375
2.48368
1.65093
1.65196
1.65536
2.48344
1.63689
1.65695
2.48
2.48122
2.46351
1.63991
1.65758
1.64162
1.63299
1.63902
1.64865
2.45975
1.63252
1.63984
2.48122
2.4811
1.64128
2.47289
1.64073
1.66517
1.63963
1.63081
2.46363
2.46886
1.65093
2.47828
2.47705
1.63327
2.48467
1.63888
2.48172
1.64066
2.49742
2.48344
2.47546
1.63963
1.65106
1.64052
1.65217
1.63013
2.46205
1.64727
1.63867
1.63915
2.4646
1.64149
2.47766
1.65799
1.64761
2.47656
2.45673
2.49617
2.46898
2.48553
1.6548
1.64472
1.63847
2.46485
1.64025
1.64837
1.64272
1.63717
1.63963
2.48332
2.48159
1.63854
1.64699
1.65862
2.46205
2.47094
1.63874
2.47509
2.49431
2.47803
2.49829
1.6419
1.64665
1.63648
2.46935
2.47216
1.65272
1.63723
1.65189
1.62605
2.50802
1.62421
1.64059
1.65266
1.64747
2.4606
2.44793
1.63361
2.5074
2.48036
1.6289
2.47265
1.64685
1.64403
2.45661
1.6441
1.64499
2.49344
1.63703
2.45274
2.49109
1.65418
2.47815
1.65252
2.47754
1.63956
2.47509
1.62829
2.46436
1.64513
1.64066
1.63402
2.49134
1.63703
1.62931
2.47791
1.62768
1.64341
2.5014
1.65536
2.48492
2.47926
2.45311
1.6441
1.63751
1.63785
1.64541
2.47387
2.46898
1.63265
1.64837
2.48775
2.4811
2.47216
2.48368
2.47216
1.65044
2.45757
1.65079
2.45504
2.45262
2.47289
1.65217
1.63771
2.47815
2.48664
2.47216
1.63102
1.65134
1.64658
1.64554
2.46813
2.47975
2.47313
1.63122
1.63204
1.6345
2.46801
2.47717
2.47717
1.64039
2.46923
1.62482
2.46108
1.63888
2.47803
2.49196
2.4606
2.46485
1.64451
2.45311
2.46716
1.64851
2.45757
2.48775
2.46205
2.49394
1.63587
1.63943
1.65779
1.63758
2.48393
2.48924
1.64204
2.46996
2.4702
1.64417
2.4843
1.63765
1.64513
1.65155
2.47754
2.48295
2.4784
1.6474
1.61866
2.48887
1.63163
2.48073
1.6443
2.48135
2.48282
1.64272
2.4685
1.65134
2.49431
2.47914
1.64066
1.63102
1.6443
2.46862
1.64107
2.46825
2.47803
2.46036
2.47375
1.6539
2.49767
1.66085
2.46996
1.64375
1.6503
2.45335
2.47033
1.63088
2.46886
2.46886
2.46448
2.46302
2.47277
1.63628
1.64851
1.6441
1.64692
2.4629
1.63361
1.65162
1.63491
2.47889
2.4657
1.63061
1.64913
2.45939
1.62265
2.47155
1.6373
1.65335
1.65744
2.47852
2.4932
2.49667
2.43979
1.63778
2.46266
2.48603
1.63929
2.46691
2.48282
2.47852
1.6373
2.46618
2.48455
2.4773
1.63812
1.64596
2.48973
2.46959
2.48566
1.63573
1.64699
2.47289
1.63156
1.64534
1.64149
1.65529
1.64685
2.46606
1.6251
1.64534
1.66036
1.64101
2.4589
1.65661
2.46169
1.62496
1.61677
2.4746
1.64437
1.63634
1.6539
2.5109
1.6408
2.48998
1.66182
1.63095
1.65612
2.47448
1.63552
2.49767
1.65224
2.49555
2.48924
2.45745
1.65786
1.64183
1.64341
1.63655
1.62993
2.48184
2.4901
1.64101
1.64492
2.49468
2.45818
1.64575
1.63977
1.63484
2.50439
2.49605
1.64568
1.64128
2.45999
1.64603
1.65307
1.64334
2.48319
1.64761
2.45866
1.64293
1.63532
1.63621
1.64782
2.47693
1.65079
2.48036
1.63027
2.47106
1.64665
2.47583
1.64224
2.47008
1.62863
1.64465
1.63238
2.45915
2.48073
2.49282
1.6539
1.64789
2.48924
2.46813
2.4784
1.63799
1.63634
2.48689
1.63539
1.64837
1.64858
2.46436
1.63614
1.63929
1.63922
2.46728
1.64217
2.46947
1.64872
1.65086
2.47521
1.66119
2.46606
1.64107
2.47938
2.48529
2.48874
1.63102
1.63108
1.63812
1.63081
2.51543
1.61663
1.63231
2.45178
2.48122
2.46133
2.47252
1.65536
1.64623
2.47313
2.48036
1.64582
2.46984
1.63874
2.50128
1.6432
1.63395
1.63936
2.48738
1.65113
2.47742
1.65577
2.46315
1.64183
1.64934
1.64499
1.6304
1.63922
1.65058
1.62211
1.63136
2.49791
2.4827
1.64796
1.62598
1.63819
1.65598
2.46048
2.5104
1.63833
1.64699
2.49431
2.47963
1.64582
1.62652
2.48184
1.64238
2.48172
1.63703
2.4784
2.48036
1.64046
2.47681
2.48961
2.4773
1.62008
2.46935
1.62347
2.48516
1.65522
1.63238
1.6539
1.64706
2.46412
2.48159
1.64809
1.63669
1.64534
1.63771
2.47534
2.47277
2.47301
1.64913
1.64492
1.64417
2.47693
2.49506
1.6332
1.63723
2.48467
2.49667
1.6332
1.6432
1.62931
2.47094
1.6232
2.49605
1.64327
2.47656
2.49431
2.49568
2.48258
2.46448
1.65772
2.46655
1.65654
1.63998
1.64293
2.45407
1.64327
1.64334
1.64066
2.47668
1.62367
1.63573
2.48073
1.64534
1.64534
2.4674
1.64259
1.63143
1.64561
1.64101
2.464
1.63634
1.64747
2.47656
1.64066
2.47864
2.47583
1.63409
1.63491
1.63943
1.63102
2.46947
1.64101
2.47717
1.63847
2.4612
2.48098
2.46777
1.64672
2.48479
1.65127
1.64355
2.49332
1.65994
2.47656
2.46972
1.65557
1.62225
2.46911
1.63552
2.49258
1.64927
2.45491
1.63457
2.4702
2.48862
1.64369
1.64479
2.44853
1.65432
2.46862
2.46801
2.51442
2.47362
2.50327
1.64451
2.48455
2.46084
2.4901
1.62884
2.47852
2.50564
1.64052
2.50752
2.4685
2.48147
2.45323
1.6358
2.46789
2.4713
1.64699
1.64155
2.47252
1.63498
2.48221
2.48049
1.65515
1.64727
1.64341
1.64906
1.63682
2.47583
2.46618
2.48418
1.64479
2.46984
1.6384
2.47558
2.46558
1.64948
1.63061
2.48874
2.47546
2.49941
1.63122
1.64637
2.50577
2.47008
2.45769
1.65432
1.64279
2.48961
2.47546
2.48245
1.64162
1.65737
2.50115
2.464
2.49456
2.50589
1.63327
2.46886
1.64692
1.64128
1.64486
1.64183
1.63607
1.65017
2.47864
2.49829
1.64851
1.65113
1.6564
2.46631
2.46752
2.49941
2.48344
2.48344
1.64224
1.64066
1.66071
2.47362
2.48393
2.45564
1.65612
1.6319
1.63751
2.47558
2.48911
2.49866
1.64968
1.6564
2.46145
1.651
2.48788
2.47558
2.46594
2.4724
1.64307
1.64809
2.4963
1.64279
2.48985
2.48677
2.46667
1.64135
1.64527
2.47167
2.46084
1.64685
2.46412
2.48504
1.63532
1.63908
2.47423
2.488
1.63669
1.63395
1.65681
1.64375
1.63177
1.65266
1.65404
2.48135
1.63881
1.64941
2.49134
2.46024
2.47485
2.45975
2.50489
1.6386
2.48911
2.47326
2.48344
2.48073
2.47607
1.64142
2.46412
1.64066
1.64465
2.48344
1.65134
2.48344
2.47033
2.50514
2.47228
1.65183
2.46582
1.65106
1.64534
1.64479
1.63354
2.47914
1.62564
1.65266
2.47362
1.65307
2.47607
1.64369
1.63956
1.64789
2.46911
1.65557
1.62646
2.48924
2.47644
1.64204
2.48319
1.63443
2.48936
1.64948
1.6483
2.43764
1.65127
1.63539
2.47301
2.48726
1.64417
1.64747
2.51883
1.63115
1.65862
2.47619
1.65356
1.64107
1.63122
2.48393
1.62938
1.63778
2.4685
2.47191
2.50664
2.44325
1.64128
2.47889
2.49295
2.48516
1.65106
2.46631
1.63122
1.63628
2.4513
2.5004
2.49196
1.63238
2.4811
2.47693
1.63682
1.62564
2.48701
1.63998
1.64389
1.64844
1.6317
1.63593
2.48282
1.64678
1.6474
1.65841
2.49134
2.48998
1.65079
2.47644
1.64362
2.48221
1.63491
1.64782
2.48825
2.4784
2.49518
1.64768
1.6443
1.63998
1.65189
2.4901
2.45094
2.48714
1.63826
1.64948
2.46813
2.46582
2.49729
1.63833
1.63279
2.46947
2.45794
1.63936
1.64286
2.49481
2.47387
1.63395
2.48036
1.62911
1.63511
1.62564
1.64224
2.47277
1.64844
2.46242
2.47864
2.48332
2.48973
2.48208
1.63149
1.6463
1.63826
1.64162
2.46302
1.64892
1.63293
2.46533
2.48221
2.47008
1.63874
2.45866
2.47681
1.65176
2.48405
2.47717
2.47828
1.64307
1.62625
1.63867
1.66022
2.46837
1.63409
1.63689
2.49866
1.63634
2.48775
1.64073
2.4795
2.46679
1.65723
2.47033
2.48147
1.64369
2.48159
2.48012
1.63204
2.46133
2.47717
1.63149
1.64561
2.48603
2.46497
2.4674
2.47558
1.63847
2.46278
1.64878
1.63621
2.48837
1.64768
2.47987
2.47509
2.4773
1.6371
1.6345
1.64149
2.47203
1.65529
2.45286
1.63977
1.64286
2.47595
1.64596
1.65141
2.48775
1.63984
2.46911
2.51367
1.6637
1.65848
1.64375
2.46911
2.44961
2.47155
1.64899
2.48159
1.64561
1.62496
1.6373
1.64252
2.48578
2.4411
2.52186
2.48073
2.48726
1.63293
2.48788
2.48418
2.49468
1.63347
1.63286
2.51316
2.47509
2.47289
1.63669
1.64492
1.62972
2.4623
2.49072
2.47252
2.48442
2.48652
2.488
2.48258
1.63785
2.47742
2.46911
2.49717
1.63854
1.64004
1.64018
2.46339
2.42777
1.63778
2.48024
2.4724
2.47301
1.63559
2.46278
1.65584
2.47485
1.64155
2.47362
1.62856
2.48726
2.47583
2.46497
2.4811
2.4674
1.63587
1.64685
2.45467
1.64665
2.47558
1.64492
2.47313
2.48455
2.47069
2.50639
2.48381
1.63662
2.4724
2.48319
2.46679
1.66217
2.47387
1.64782
1.63532
1.64789
2.47008
1.63867
2.51291
2.48516
1.6345
2.4827
2.51216
1.64052
2.49134
1.63463
1.64706
2.48024
1.65079
2.48086
1.64665
1.65314
2.50028
2.47228
1.65383
2.46339
1.64803
2.48196
1.6443
1.64224
2.46898
1.63956
1.64796
1.64623
1.64355
2.46984
2.46911
1.62938
2.48381
1.66461
2.45781
2.456
2.49369
1.63669
2.47656
1.64575
1.65203
1.65286
1.61771
1.64865
1.64183
2.47632
2.49642
1.64761
2.47289
2.4713
2.47619
1.62564
2.49233
2.49518
1.63675
1.66119
1.66999
1.65459
1.64396
1.62177
2.47497
2.46911
2.46339
1.64851
1.636
2.47607
2.45781
2.4859
2.47742
1.62904
2.464
2.47313
2.47203
2.49121
2.49022
2.46643
1.63552
1.6461
1.65411
1.62877
2.47472
2.48307
1.65321
1.66217
2.47301
2.48924
2.48012
1.62605
2.45479
2.48479
2.48887
2.47815
2.5069
2.4859
2.42837
1.64685
1.62001
2.47472
1.62482
2.47436
1.65141
1.63095
1.63881
2.48073
2.44817
1.65453
2.45491
1.64906
2.47277
1.65003
2.4589
1.65086
1.63758
1.63587
2.48418
1.63429
1.64541
1.643
2.49208
2.49022
1.65113
2.48529
2.46801
1.63771
2.47742
1.64816
1.6317
1.65515
2.49295
2.49072
2.48295
1.64472
2.48356
1.6472
2.45757
2.48615
1.65342
2.48541
1.62686
2.49891
1.64616
1.65591
2.48442
2.48086
1.63136
1.64369
2.46923
1.63013
2.46935
1.64603
1.64927
2.46959
1.61907
2.48566
1.63956
1.64775
1.6397
2.47938
2.48221
1.64293
1.6564
1.6358
1.65044
1.63908
1.64734
2.48393
1.64651
2.49109
1.65876
1.64837
2.48282
2.4589
1.6605
2.46048
1.64534
2.47399
2.47926
2.5009
2.45648
1.64307
2.4901
1.61367
2.46764
1.64025
2.48862
2.46278
2.50915
2.48936
1.64094
2.47914
1.63347
2.48664
2.48098
2.48135
2.48751
2.47436
2.47057
2.48418
2.49605
2.47963
2.47546
1.6443
2.47008
1.64128
1.64713
1.64934
2.49307
2.46679
2.45274
2.48
2.47252
1.66259
2.49531
2.45479
2.47521
2.48245
2.47987
2.48862
1.63204
1.64162
2.47118
2.47901
2.46024
1.6358
1.6512
2.48036
2.46497
2.47423
2.47191
2.46339
1.64699
2.48036
2.47375
1.63703
2.48541
2.47938
2.49196
2.48578
2.4623
2.4843
2.46533
2.47632
2.49444
2.4713
1.65086
2.46618
2.46679
1.64314
2.48948
1.65279
1.64348
2.46351
2.49357
1.64259
2.47632
1.64011
1.63607
1.65973
1.63293
2.47155
1.65501
2.48024
2.47742
2.47619
1.64259
2.49344
2.4646
1.63115
2.47877
1.65439
1.63375
2.47033
2.47179
2.45842
1.62877
1.63922
1.6345
1.65425
2.47497
1.6371
2.47901
1.64437
1.64954
2.44925
2.48529
2.4757
1.64678
1.6373
2.47803
1.62218
2.47742
1.63655
2.48566
2.46436
2.46424
1.6443
1.63231
1.64231
2.46582
2.45878
2.45504
1.62516
1.63265
1.64816
1.65834
1.62965
1.64727
1.63559
2.4795
1.64575
2.47191
1.64217
1.65459
2.48049
1.64087
1.64259
1.6564
1.63812
1.64169
1.66273
2.45987
1.65065
2.49617
2.45467
2.46339
1.64941
2.47277
1.65203
1.65086
2.46801
1.65148
1.64032
2.48998
2.4773
2.47301
2.48985
1.64768
2.48049
2.4795
1.63095
1.63587
1.63539
1.6441
2.44026
1.63477
1.64286
2.46643
2.47265
2.45999
2.48825
2.43074
1.65183
2.46618
2.48405
2.47963
1.62999
1.64142
1.63559
2.47326
1.63991
2.48751
2.49928
1.65904
2.4859
1.66112
1.64039
1.62822
1.65688
2.47265
1.65466
2.46752
2.47595
2.47313
1.65058
1.65661
1.64961
2.46874
1.63299
2.48973
2.47791
2.47228
2.51065
2.47595
2.48948
2.44302
1.65522
1.64768
2.4674
1.65148
2.47118
1.6501
1.6483
2.47338
2.49382
1.62972
2.49829
2.47411
2.46193
2.46618
2.45407
2.47742
1.64169
1.64348
2.48135
2.47779
2.44505
1.64706
1.63552
2.47877
1.6384
1.64224
2.49431
2.44349
2.49208
2.48726
2.44625
1.6386
2.48479
2.44649
1.65051
1.62564
1.64885
1.63265
1.64927
2.45975
2.47779
1.64616
1.63751
1.6557
1.63744
2.47485
2.4629
1.64369
1.64658
2.47436
1.63279
2.47289
1.62754
2.48701
1.64506
1.63484
1.64073
2.47619
1.65883
1.63279
1.63874
1.62999
2.48122
2.46996
2.49146
2.47901
2.47411
2.47534
1.6371
2.49035
2.49779
2.46315
1.62884
2.45274
1.65003
2.48516
2.46923
1.64486
1.65272
2.48393
2.48282
1.63156
1.63388
1.63539
1.63819
2.46898
1.63908
2.46278
1.65155
1.6397
1.64506
1.65321
1.63347
2.48049
1.62904
2.48738
2.49866
2.47607
1.64796
2.4746
1.64961
2.4773
2.47362
1.63245
1.6395
1.63792
1.63375
2.4864
2.48467
1.64245
2.47472
2.47754
2.51065
1.65813
2.44865
2.47277
2.4657
1.64796
2.45286
2.45347
1.62945
1.63074
1.64541
2.47852
2.46691
2.49854
2.48393
1.63429
2.46278
2.48455
1.64858
1.62802
2.47216
1.63149
1.63751
1.62959
1.64183
1.65501
1.64348
2.48368
1.64094
2.45999
2.46436
1.6386
1.64727
1.64417
2.44098
1.64858
2.49717
1.63991
1.6501
1.64162
2.45745
1.63422
1.64375
1.65307
2.48578
2.46533
1.627
2.48627
2.47094
1.63833
1.64293
2.47656
1.63744
2.47607
1.64816
1.65702
1.64059
1.66377
1.64865
2.46327
2.47436
2.45902
1.65162
1.64927
1.64217
1.65501
1.63765
2.47644
2.47033
2.47203
2.46996
1.65093
2.45395
2.48788
2.47497
1.65259
2.47142
1.63696
1.6548
2.4724
2.47485
2.45491
2.47509
2.46302
2.45818
2.464
2.46874
2.50514
2.50053
2.4629
2.49134
2.44577
1.64307
1.64046
1.62272
1.65017
1.63696
2.48418
1.64706
1.63936
2.47203
2.50352
2.46935
2.43835
2.48172
2.49568
1.65238
2.48073
2.4646
1.63074
2.48566
2.47656
1.64989
1.64706
1.64768
1.65238
1.64094
2.48368
2.48775
2.47595
2.47094
2.47717
2.45455
2.45842
1.63409
2.49568
2.48467
1.64087
1.63573
2.49171
1.63881
1.65432
1.63854
2.48837
2.45842
2.46691
2.4702
1.63771
1.64582
2.46764
1.65252
1.63511
2.47472
1.62564
1.64011
2.47509
2.47301
1.64596
2.4702
1.64011
2.4623
2.50452
1.64685
1.63224
2.48775
1.64851
2.4968
1.65925
2.47338
1.64327
2.49121
1.63696
2.45636
2.47914
2.50015
2.45214
1.63429
2.48887
2.4702
2.47423
2.47534
2.49307
2.4773
2.47632
1.64754
1.62993
2.48455
1.64975
1.64265
1.63088
2.47338
1.64761
1.63895
2.48504
1.63915
2.49481
2.45166
1.63682
2.46984
2.47338
1.64046
2.4963
2.48961
2.45371
1.63628
1.63395
1.64279
2.48208
2.48405
1.64885
1.64025
1.63088
2.47742
1.64658
2.48024
1.64513
1.65224
1.64899
2.49022
2.49047
2.4674
1.64355
1.62734
2.48788
1.64101
2.47852
1.63744
2.456
1.63566
2.45999
2.47472
1.6395
2.47436
1.64162
1.64479
2.48529
1.64162
2.45818
2.47216
1.63991
1.63806
1.63641
2.47326
1.63977
1.65189
2.44014
2.46521
2.48541
1.63368
1.64554
2.4713
2.46972
1.66608
1.63231
2.46424
1.6192
2.46133
1.64025
2.44985
2.48159
2.47534
1.63477
1.65918
2.44158
2.46837
1.64727
1.65155
2.49754
2.4713
2.4525
1.64499
2.48344
2.48405
1.62843
1.62659
1.65155
1.62802
2.46996
2.43311
1.63819
1.65003
2.46825
2.45082
2.48788
2.49171
2.47203
1.6304
2.47289
1.62918
2.47546
1.63416
1.64245
2.48664
2.48245
1.64685
1.63991
1.62979
2.46935
2.47938
1.64286
1.64589
2.46096
2.49109
2.47399
1.62843
2.47828
2.47252
1.64486
1.64004
key space reduction: -0
prob, dist: 
1.64231 49.7559
2.47549 50.2441
==============================================
Overall: 
The following is the probability distribution: 
Key reduction: -4.42259
64.463: 0.000189804
64.562: 0.00227764
64.596: 0.00835136
64.662: 0.00683293
64.669: 0.000379607
64.695: 0.100216
64.769: 0.00227764
64.795: 0.300649
64.802: 0.0167027
64.876: 0.000189804
64.902: 0.100216
65.009: 0.00835136
65.233: 0.017367
65.296: 0.000191666
65.332: 0.208404
65.396: 0.00229999
65.429: 0.00843331
65.432: 0.625213
65.439: 0.034734
65.495: 0.00689998
65.502: 0.000383332
65.529: 0.1012
65.539: 0.208404
65.591: 0.0172721
65.602: 0.00229999
65.628: 0.303599
65.635: 0.0168666
65.646: 0.017367
65.69: 0.207265
65.709: 0.000191666
65.735: 0.1012
65.79: 0.621796
65.797: 0.0345442
65.842: 0.00843331
65.897: 0.207265
66.004: 0.0172721
66.066: 0.0175375
66.166: 0.210449
66.265: 0.631348
66.273: 0.0350749
66.372: 0.210449
66.424: 0.0174416
66.479: 0.0175375
66.523: 0.209299
66.537: 0.0748775
66.623: 0.627898
66.63: 0.0348832
66.636: 0.89853
66.73: 0.209299
66.736: 2.69559
66.743: 0.149755
66.785: 0.000379607
66.837: 0.0174416
66.843: 0.89853
66.884: 0.00227764
66.918: 0.0167027
66.95: 0.0748775
66.991: 0.000379607
67.017: 0.100216
67.124: 0.0167027
67.313: 0.00664312
67.37: 0.07789
67.413: 0.0797175
67.439: 0.00673803
67.469: 0.921014
67.503: 0.100216
67.512: 0.239152
67.52: 0.0132862
67.538: 0.0808563
67.545: 0.00607371
67.555: 0.034734
67.569: 2.72204
67.576: 0.153502
67.602: 0.601298
67.618: 0.000383332
67.619: 0.0797175
67.638: 0.242569
67.645: 0.0863606
67.654: 0.208404
67.656: 0.00711763
67.676: 0.907348
67.709: 0.100216
67.717: 0.00229999
67.726: 0.00664312
67.744: 0.218654
67.745: 0.0808563
67.751: 0.0290141
67.752: 0.00711763
67.756: 0.0854116
67.761: 0.034734
67.783: 0.0756123
67.824: 0.000383332
67.84: 0.00683293
67.85: 0.1012
67.851: 0.0728846
67.852: 0.0921496
67.856: 0.256235
67.863: 0.0142353
67.913: 0.0345442
67.929: 0.00825645
67.94: 0.0819951
67.952: 0.256235
67.957: 0.0168666
67.958: 0.00607371
67.959: 0.0142353
67.962: 0.0854116
68.012: 0.207265
68.028: 0.0990774
68.039: 0.245985
68.047: 0.0136659
68.052: 0.00787685
68.058: 0.0854116
68.069: 0.00711763
68.119: 0.0345442
68.128: 0.297232
68.135: 0.0165129
68.14: 0.208404
68.146: 0.0887034
68.151: 0.0945222
68.165: 0.00711763
68.203: 0.00229999
68.235: 0.0990774
68.239: 1.25043
68.246: 0.0804998
68.251: 0.283566
68.253: 0.00683293
68.258: 0.0157537
68.272: 0.00680415
68.302: 0.0138
68.336: 0.1012
68.342: 0.00825645
68.346: 0.449904
68.353: 0.0134166
68.358: 0.0945222
68.37: 0.000379607
68.372: 0.0816498
68.378: 0.00613332
68.388: 0.0350749
68.409: 0.00229999
68.43: 0.00635842
68.435: 0.607198
68.452: 0.0804998
68.465: 0.00787685
68.469: 0.00227764
68.471: 0.244949
68.478: 0.0872081
68.488: 0.210449
68.49: 0.00718748
68.498: 0.207265
68.503: 0.0167027
68.529: 0.076301
68.542: 0.1012
68.559: 0.00670832
68.576: 0.000379607
68.577: 0.220799
68.578: 0.0816498
68.585: 0.0122666
68.586: 0.00718748
68.589: 0.0862498
68.594: 0.0350749
68.597: 1.24359
68.602: 0.100216
68.629: 0.228903
68.636: 0.0127168
68.673: 0.00689998
68.684: 0.0735998
68.685: 0.0930539
68.689: 0.258749
68.696: 0.014375
68.704: 0.207265
68.709: 0.0167027
68.736: 0.076301
68.746: 0.0348832
68.762: 0.00833748
68.773: 0.0827998
68.785: 0.258749
68.791: 0.00613332
68.792: 0.014375
68.796: 0.0862498
68.843: 0.00635842
68.845: 0.209299
68.859: 0.149755
68.861: 0.10005
68.872: 0.248399
68.88: 0.0138
68.885: 0.00795415
68.892: 0.0862498
68.903: 0.00718748
68.919: 0.00607371
68.952: 0.0348832
68.958: 0.89853
68.961: 0.300149
68.968: 0.016675
68.973: 0.210449
68.979: 0.0827998
68.985: 0.0954498
68.999: 0.00718748
69.019: 0.0728846
69.065: 0.149755
69.068: 0.10005
69.073: 1.2627
69.084: 0.286349
69.086: 0.00689998
69.092: 0.0159083
69.107: 0.000189804
69.118: 0.218654
69.126: 0.0121474
69.14: 0.034734
69.175: 0.00833748
69.179: 0.210449
69.191: 0.0954498
69.203: 0.000383332
69.225: 0.0728846
69.239: 0.208404
69.24: 0.00835136
69.263: 0.00642082
69.288: 0.00654822
69.298: 0.00795415
69.302: 0.00229999
69.331: 0.209299
69.332: 0.00607371
69.336: 0.0168666
69.346: 0.034734
69.362: 0.0770498
69.387: 0.0785787
69.409: 0.000383332
69.43: 1.2558
69.435: 0.1012
69.444: 0.89853
69.462: 0.231149
69.469: 0.0128416
69.487: 0.235736
69.494: 0.0130964
69.498: 0.0345442
69.537: 0.209299
69.542: 0.0168666
69.543: 5.39118
69.569: 0.0770498
69.594: 0.0785787
69.597: 0.207265
69.635: 0.0132862
69.65: 0.89853
69.676: 0.00642082
69.683: 0.000664312
69.692: 0.153502
69.701: 0.00654822
69.704: 0.0345442
69.735: 0.0797175
69.752: 0.00613332
69.761: 0.0134761
69.783: 0.00797175
69.791: 0.907348
69.825: 0.100216
69.842: 0.0132862
69.852: 0.0735998
69.86: 0.0808563
69.867: 0.0121474
69.877: 0.017367
69.882: 0.0239152
69.889: 0.00132862
69.898: 0.151225
69.94: 0.000191666
69.951: 0.220799
69.959: 0.0122666
69.966: 0.0728846
69.967: 0.0134761
69.973: 0.0350749
69.978: 0.0142353
69.989: 0.00797175
70.058: 0.0735998
70.073: 0.23103
70.074: 0.0142353
70.078: 0.0854116
70.096: 0.000664312
70.121: 0.00661248
70.162: 0.0136659
70.165: 0.00613332
70.174: 0.0854116
70.179: 0.0350749
70.185: 0.0142353
70.22: 0.0797175
70.221: 0.0793498
70.235: 0.0172721
70.251: 0.0165129
70.262: 0.0819951
70.277: 0.914181
70.281: 0.0142353
70.32: 0.716354
70.328: 0.013225
70.331: 0.0348832
70.346: 0.0808563
70.35: 0.0990774
70.369: 0.0136659
70.374: 0.0157537
70.376: 5.44409
70.41: 0.300649
70.427: 0.159067
70.43: 0.209299
70.444: 0.149755
70.445: 0.485138
70.452: 0.0728846
70.457: 0.0165129
70.462: 0.208404
70.468: 0.0134166
70.473: 0.0945222
70.483: 0.907348
70.516: 0.000670832
70.525: 0.00229999
70.534: 0.00661248
70.537: 0.0348832
70.543: 0.89853
70.551: 0.437307
70.552: 0.0808563
70.563: 0.0854116
70.568: 0.0804998
70.58: 0.0157537
70.594: 0.0136083
70.616: 0.00804998
70.65: 0.149755
70.658: 0.174084
70.659: 0.0854116
70.663: 0.51247
70.675: 0.0134166
70.692: 0.000379607
70.693: 0.0816498
70.7: 0.0122666
70.71: 0.0175375
70.715: 0.0241499
70.723: 0.00134166
70.747: 0.0819951
70.752: 0.0127168
70.759: 0.51247
70.77: 0.0854116
70.8: 0.0872081
70.812: 0.014375
70.819: 0.207265
70.822: 0.00804998
70.825: 0.0167027
70.836: 0.0990774
70.847: 0.491971
70.851: 0.076301
70.866: 0.0854116
70.907: 0.0122666
70.908: 0.014375
70.911: 0.0862498
70.929: 0.000670832
70.935: 0.594465
70.954: 0.0819951
70.958: 0.0127168
70.959: 0.0945222
70.995: 0.0138
71.007: 0.0862498
71.018: 0.014375
71.042: 0.0990774
71.047: 0.625213
71.053: 0.0804998
71.058: 0.567133
71.068: 0.0174416
71.084: 0.016675
71.095: 0.0827998
71.11: 0.00689998
71.114: 0.014375
71.153: 0.482999
71.165: 0.0945222
71.179: 0.0816498
71.18: 0.0748775
71.183: 0.10005
71.202: 0.0138
71.207: 0.0159083
71.22: 0.0132862
71.241: 0.0121474
71.243: 0.303599
71.26: 0.0804998
71.277: 0.153502
71.278: 0.489899
71.285: 0.0735998
71.29: 0.016675
71.295: 0.210449
71.307: 0.0954498
71.32: 0.0797175
71.337: 0.076301
71.341: 0.0728846
71.346: 0.0134761
71.376: 0.907348
71.385: 0.523249
71.397: 0.0862498
71.404: 0.621796
71.41: 0.100216
71.413: 0.0159083
71.427: 0.0132862
71.436: 0.457806
71.445: 0.0808563
71.448: 0.0121474
71.452: 0.0121474
71.462: 0.034734
71.483: 0.151225
71.492: 0.0735998
71.493: 0.0862498
71.496: 0.517499
71.525: 0.000383332
71.543: 0.076301
71.551: 0.0728846
71.552: 0.0134761
71.563: 0.0142353
71.58: 0.0827998
71.585: 0.0128416
71.592: 0.517499
71.603: 0.0862498
71.61: 0.0130964
71.653: 0.209299
71.658: 0.0290141
71.659: 0.0142353
71.663: 0.0854116
71.669: 0.10005
71.68: 0.496799
71.684: 0.0770498
71.699: 0.0862498
71.709: 0.0785787
71.747: 0.0136659
71.759: 0.0854116
71.765: 0.89853
71.768: 0.600298
71.77: 0.0142353
71.787: 0.0827998
71.791: 0.0128416
71.792: 0.0954498
71.816: 0.0130964
71.819: 0.0345442
71.826: 0.0728846
71.836: 0.0165129
71.847: 0.0819951
71.866: 0.0142353
71.875: 0.10005
71.88: 0.631348
71.892: 0.572699
71.926: 0.437307
71.935: 0.0990774
71.954: 0.0136659
71.957: 0.00664312
71.959: 0.0157537
71.998: 0.0954498
72.005: 0.00132862
72.014: 0.0756123
72.033: 0.0728846
72.042: 0.0165129
72.047: 0.208404
72.053: 0.0134166
72.058: 0.0945222
72.074: 0.0122666
72.083: 0.00673803
72.104: 0.00797175
72.11: 0.00229999
72.153: 0.0804998
72.165: 0.0157537
72.17: 0.0770498
72.174: 0.0735998
72.179: 0.0136083
72.189: 0.00607371
72.195: 0.0785787
72.211: 0.00132862
72.238: 0.627898
72.243: 0.1012
72.26: 0.0134166
72.269: 0.462299
72.277: 0.000189804
72.278: 0.0816498
72.281: 0.0122666
72.285: 0.0122666
72.294: 0.471472
72.295: 0.0350749
72.3: 0.00711763
72.337: 0.0127168
72.35: 2.69559
72.376: 0.0770498
72.385: 0.0872081
72.396: 0.00711763
72.397: 0.014375
72.401: 0.0785787
72.404: 0.207265
72.41: 0.00835136
72.436: 0.076301
72.443: 0.013225
72.484: 0.00683293
72.492: 0.0122666
72.493: 0.014375
72.496: 0.0862498
72.542: 0.0797175
72.543: 0.0920666
72.572: 0.00825645
72.58: 0.0138
72.59: 0.00797175
72.592: 0.0862498
72.599: 0.907348
72.603: 0.014375
72.65: 0.013225
72.653: 0.0348832
72.659: 0.0735998
72.668: 0.0808563
72.669: 0.016675
72.68: 0.0827998
72.689: 0.0478305
72.696: 0.00787685
72.699: 0.014375
72.759: 0.441599
72.765: 0.149755
72.768: 0.10005
72.774: 0.0728846
72.787: 0.0138
72.79: 0.00670832
72.792: 0.0159083
72.796: 0.00797175
72.826: 0.0121474
72.838: 0.00134166
72.866: 0.0735998
72.875: 0.016675
72.88: 0.210449
72.885: 0.0854116
72.892: 0.0954498
72.916: 0.00680415
72.926: 0.0728846
72.938: 0.00804998
72.981: 0.0854116
72.998: 0.0159083
73.022: 0.00613332
73.028: 0.0793498
73.033: 0.0121474
73.045: 0.00134166
73.047: 0.017367
73.069: 0.0819951
73.074: 0.00635842
73.11: 0.000191666
73.127: 0.239152
73.128: 0.476099
73.134: 0.00718748
73.157: 0.0990774
73.17: 0.0128416
73.184: 2.72204
73.195: 0.0130964
73.229: 0.00718748
73.234: 0.0793498
73.238: 0.209299
73.243: 0.00843331
73.253: 0.242569
73.269: 0.0770498
73.281: 0.0945222
73.294: 0.0785787
73.317: 0.00689998
73.35: 0.89853
73.359: 0.218654
73.375: 0.0804998
73.376: 0.0128416
73.401: 0.0130964
73.404: 0.0172721
73.406: 0.00833748
73.423: 0.00804998
73.47: 0.256235
73.501: 0.0816498
73.523: 0.0482999
73.529: 0.00795415
73.542: 0.0132862
73.563: 0.00607371
73.566: 0.256235
73.59: 0.00132862
73.599: 0.151225
73.607: 0.0735998
73.63: 0.00804998
73.654: 0.245985
73.658: 0.076301
73.659: 0.0122666
73.668: 0.0134761
73.689: 0.00797175
73.718: 0.0862498
73.742: 0.297232
73.759: 0.0735998
73.774: 0.0121474
73.796: 0.00132862
73.814: 0.0862498
73.866: 0.295833
73.88: 0.0175375
73.885: 0.0142353
73.902: 0.0827998
73.907: 0.00642082
73.932: 0.00654822
73.96: 0.241499
73.981: 0.0142353
73.991: 0.10005
74.028: 0.013225
74.069: 0.0136659
74.086: 0.244949
74.114: 0.0954498
74.127: 0.0797175
74.128: 0.0793498
74.148: 0.0728846
74.157: 0.0165129
74.184: 0.907348
74.192: 0.220799
74.234: 0.013225
74.238: 0.0174416
74.243: 0.228903
74.253: 0.0808563
74.281: 0.0157537
74.303: 0.258749
74.327: 0.000664312
74.35: 0.0748775
74.359: 0.0728846
74.375: 0.0134166
74.396: 0.00613332
74.399: 0.258749
74.423: 0.00134166
74.47: 0.0854116
74.487: 0.248399
74.492: 0.0770498
74.501: 0.0136083
74.517: 0.0785787
74.523: 0.00804998
74.566: 0.0854116
74.576: 0.300149
74.607: 0.0122666
74.63: 0.00134166
74.654: 0.0819951
74.658: 0.0127168
74.699: 0.286349
74.718: 0.014375
74.733: 0.218654
74.742: 0.0990774
74.765: 0.00661248
74.814: 0.014375
74.866: 0.0945222
74.902: 0.0138
74.912: 0.00797175
74.96: 0.0804998
74.981: 0.0735998
74.991: 0.016675
75.077: 0.231149
75.086: 0.0816498
75.102: 0.235736
75.114: 0.0159083
75.127: 0.00664312
75.148: 0.0121474
75.16: 0.000670832
75.184: 0.0756123
75.192: 0.0735998
75.243: 0.076301
75.253: 0.00673803
75.303: 0.0862498
75.35: 0.0793498
75.359: 0.00607371
75.399: 0.0862498
75.47: 0.00711763
75.487: 0.0827998
75.492: 0.0128416
75.497: 0.0239152
75.517: 0.0130964
75.566: 0.227917
75.576: 0.10005
75.654: 0.00683293
75.699: 0.0954498
75.733: 0.0728846
75.742: 0.00825645
75.745: 0.00804998
75.866: 0.00787685
75.912: 0.00132862
75.935: 0.238049
75.96: 0.00670832
75.981: 0.0122666
76.077: 0.0770498
76.086: 0.00680415
76.102: 0.0785787
76.192: 0.00613332
76.243: 0.00635842
76.303: 0.00718748
76.33: 0.0241499
76.35: 0.013225
76.399: 0.00718748
76.487: 0.00689998
76.497: 0.00797175
76.566: 0.0735998
76.576: 0.00833748
76.699: 0.00795415
76.733: 0.00607371
76.745: 0.00134166
76.935: 0.0793498
77.077: 0.00642082
77.102: 0.00654822
77.33: 0.00804998
77.497: 0.000664312
77.566: 0.00613332
77.935: 0.00661248
78.33: 0.000670832
==============================================
