original prob: 95.415
probability if we exclude those that are not involved in any constraints: 95.415
21,21,00,90, 20,20,00,02, 20,20,00,02, 20,20,00,02, 00,20,20,20,
00,00,80,00, 00,00,02,00, 00,00,02,00, 00,00,00,02, 20,20,00,02,
00,b1,00,00, 00,22,00,00, 00,22,00,00, 00,00,00,22, 00,00,00,20,
00,21,00,21, 00,20,00,20, 00,20,00,20, 20,00,20,00, 20,20,00,20,

00,00,00,00, 01,01,00,01, 01,01,00,01, 01,01,00,01, 00,00,00,00,
00,00,00,00, 00,00,01,00, 00,00,01,00, 00,00,00,01, 01,01,00,01,
00,00,00,00, 00,01,00,00, 00,01,00,00, 00,00,00,01, 00,00,00,01,
00,00,00,00, 00,01,00,01, 00,01,00,01, 01,00,01,00, 00,00,00,01,

-------------------------------------------------------
00,20,20,20, 00,90,80,80, 00,90,80,80, 00,90,80,80, 90,00,00,00,
20,20,00,02, 90,80,00,09, 90,80,00,84, 84,90,80,00, 00,90,80,80,
00,00,00,20, 00,00,00,90, 00,00,00,90, 00,90,00,00, 84,00,80,00,
20,20,00,20, 80,90,00,80, 80,90,00,80, 90,00,80,80, 00,00,80,80,

00,00,00,00, 00,01,01,01, 00,01,01,01, 00,01,01,01, 00,00,00,00,
01,01,00,01, 01,01,00,01, 01,01,00,01, 01,01,01,00, 00,01,01,01,
00,00,00,01, 00,00,00,01, 00,00,00,01, 00,01,00,00, 00,01,00,00,
00,00,00,01, 01,01,00,01, 01,01,00,01, 01,00,01,01, 00,01,00,00,

-------------------------------------------------------
90,00,00,00, 03,00,00,00, 03,00,00,00, 03,00,00,00, 00,d0,00,00,
00,90,80,80, 00,03,03,03, 00,03,03,03, 03,00,03,03, 03,00,00,00,
84,00,80,00, 03,00,03,00, 03,00,03,00, 03,00,03,00, 00,00,00,03,
00,00,80,80, 00,00,d0,03, 00,00,d0,03, 00,d0,03,00, 00,00,03,00,

00,00,00,00, 01,00,00,00, 01,00,00,00, 01,00,00,00, 01,00,00,00,
00,01,01,01, 00,01,01,01, 00,01,01,01, 01,00,01,01, 01,00,00,00,
00,01,00,00, 01,01,01,00, 01,01,01,00, 01,00,01,01, 01,00,01,01,
00,01,00,00, 00,01,01,01, 00,01,01,01, 01,01,01,00, 01,00,00,00,

-------------------------------------------------------
00,d0,00,00, 00,07,00,00, 00,00,00,00, 00,00,00,00, 00,00,00,00,
03,00,00,00, 20,00,00,00, 20,00,00,00, 00,20,00,00, 00,00,00,00,
00,00,00,03, 00,00,00,20, 00,00,00,20, 00,20,00,00, 00,00,00,00,
00,00,03,00, 00,00,20,00, 00,00,20,00, 00,20,00,00, 00,20,00,00,

01,00,00,00, 01,01,00,00, 01,01,00,00, 01,01,00,00, 00,01,00,00,
01,00,00,00, 01,00,00,00, 01,00,00,00, 00,01,00,00, 01,01,00,00,
01,00,01,01, 01,00,01,01, 01,00,01,01, 01,01,01,00, 00,01,00,00,
01,00,00,00, 01,00,01,00, 01,00,01,00, 00,01,00,01, 01,01,00,00,

-------------------------------------------------------
00,00,00,00, 00,00,00,00, 00,00,00,00, 00,00,00,00, 80,00,00,00,
00,00,00,00, 00,00,00,00, 00,00,00,00, 00,00,00,00, 00,00,00,00,
00,00,00,00, 00,00,00,00, 00,00,00,00, 00,00,00,00, 00,00,00,00,
00,20,00,00, 00,80,00,00, 00,80,00,00, 80,00,00,00, 00,00,00,00,

00,01,00,00, 00,01,00,00, 00,01,00,00, 00,01,00,00, 00,00,00,00,
01,01,00,00, 01,01,00,00, 01,01,00,00, 00,01,01,00, 00,01,00,00,
00,01,00,00, 00,01,00,00, 00,01,00,00, 00,00,00,01, 00,00,00,00,
01,01,00,00, 01,01,00,00, 01,01,00,00, 01,00,00,01, 00,00,00,00,

-------------------------------------------------------
80,00,00,00, 02,00,00,00, 00,00,00,00, 00,00,00,00, 00,00,00,00,
00,00,00,00, 00,00,00,00, 00,00,00,00, 00,00,00,00, 00,00,00,00,
00,00,00,00, 00,00,00,00, 00,00,00,00, 00,00,00,00, 00,00,00,00,
00,00,00,00, 00,00,00,00, 00,00,00,00, 00,00,00,00, 00,00,00,00,

00,00,00,00, 01,00,00,00, 01,00,00,00, 01,00,00,00, 00,00,00,00,
00,01,00,00, 00,01,00,00, 00,01,00,00, 00,00,01,00, 01,00,00,00,
00,00,00,00, 00,00,00,00, 00,00,00,00, 00,00,00,00, 00,00,00,00,
00,00,00,00, 00,00,00,00, 00,00,00,00, 00,00,00,00, 00,00,00,00,

-------------------------------------------------------
00,00,00,00, 00,00,00,00, 00,00,00,00, 00,00,00,00, 00,00,00,00,
00,00,00,00, 00,00,00,00, 00,00,00,00, 00,00,00,00, 00,00,00,00,
00,00,00,00, 00,00,00,00, 00,00,00,00, 00,00,00,00, 00,00,00,00,
00,00,00,00, 00,00,00,00, 00,00,00,00, 00,00,00,00, 00,00,00,00,

00,00,00,00, 00,00,00,00, 00,00,00,00, 00,00,00,00, 00,00,00,00,
01,00,00,00, 01,00,00,00, 01,00,00,00, 00,01,00,00, 00,00,00,00,
00,00,00,00, 00,00,00,00, 00,00,00,00, 00,00,00,00, 00,00,00,00,
00,00,00,00, 00,00,00,00, 00,00,00,00, 00,00,00,00, 00,00,00,00,

-------------------------------------------------------
00,00,00,00, 00,00,00,00, 00,00,00,00, 00,00,00,00, 00,00,00,00,
00,00,00,00, 00,00,00,00, 00,00,00,00, 00,00,00,00, 00,00,00,00,
00,00,00,00, 00,00,00,00, 00,00,00,00, 00,00,00,00, 00,00,00,00,
00,00,00,00, 00,00,00,00, 00,00,00,00, 00,00,00,00, 00,00,00,00,

00,00,00,00, 00,00,00,00, 00,00,00,00, 00,00,00,00, 00,00,00,00,
00,00,00,00, 00,00,00,00, 00,00,00,00, 00,00,00,00, 00,00,00,00,
00,00,00,00, 00,00,00,00, 00,00,00,00, 00,00,00,00, 00,00,00,00,
00,00,00,00, 00,00,00,00, 00,00,00,00, 00,00,00,00, 00,00,00,00,

-------------------------------------------------------
00,00,00,00, 00,00,00,00, 00,00,00,00, 00,00,00,00, 00,00,00,00,
00,00,00,00, 00,00,00,00, 00,00,00,00, 00,00,00,00, 00,00,00,00,
00,00,00,00, 00,00,00,00, 00,00,00,00, 00,00,00,00, 00,00,00,00,
00,00,00,00, 00,00,00,00, 00,00,00,00, 00,00,00,00, 00,00,00,00,

00,00,00,00, 00,00,00,00, 00,00,00,00, 00,00,00,00, 00,00,00,00,
00,00,00,00, 00,00,00,00, 00,00,00,00, 00,00,00,00, 00,00,00,00,
00,00,00,00, 00,00,00,00, 00,00,00,00, 00,00,00,00, 00,00,00,00,
00,00,00,00, 00,00,00,00, 00,00,00,00, 00,00,00,00, 00,00,00,00,

-------------------------------------------------------
00,00,00,00, 00,00,00,00, 00,00,00,00, 00,00,00,00, 00,00,00,00,
00,00,00,00, 00,00,00,00, 00,00,00,00, 00,00,00,00, 00,00,00,00,
00,00,00,00, 00,00,00,00, 00,00,00,00, 00,00,00,00, 00,00,00,00,
00,00,00,00, 00,00,00,00, 00,00,00,00, 00,00,00,00, 00,00,00,00,

00,00,00,00, 00,00,00,00, 00,00,00,00, 00,00,00,00, 00,00,00,00,
00,00,00,00, 00,00,00,00, 00,00,00,00, 00,00,00,00, 00,00,00,00,
00,00,00,00, 00,00,00,00, 00,00,00,00, 00,00,00,00, 00,00,00,00,
00,00,00,00, 00,00,00,00, 00,00,00,00, 00,00,00,00, 00,00,00,00,

-------------------------------------------------------
00,00,00,00, 00,00,00,00, 00,00,00,00, 00,00,00,00, 00,00,00,00,
00,00,00,00, 00,00,00,00, 00,00,00,00, 00,00,00,00, 00,00,00,00,
00,00,00,00, 00,00,00,00, 00,00,00,00, 00,00,00,00, 00,00,00,00,
00,00,00,00, 00,00,00,00, 00,00,00,00, 00,00,00,00, 00,00,00,00,

00,00,00,00, 00,00,00,00, 00,00,00,00, 00,00,00,00, 00,00,00,00,
00,00,00,00, 00,00,00,00, 00,00,00,00, 00,00,00,00, 00,00,00,00,
00,00,00,00, 00,00,00,00, 00,00,00,00, 00,00,00,00, 00,00,00,00,
00,00,00,00, 00,00,00,00, 00,00,00,00, 00,00,00,00, 00,00,00,00,

-------------------------------------------------------
00,00,00,00, 00,00,00,00, 00,00,00,00, 00,00,00,00, 00,00,00,00,
00,00,00,00, 00,00,00,00, 00,00,02,00, 00,00,00,02, 00,00,00,00,
00,00,00,00, 00,00,00,00, 00,00,00,00, 00,00,00,00, 00,00,00,02,
00,00,00,00, 00,00,00,00, 00,00,00,00, 00,00,00,00, 00,00,00,00,

00,00,00,00, 00,00,00,00, 00,00,00,00, 00,00,00,00, 00,00,00,00,
00,00,00,00, 00,00,00,00, 00,00,00,00, 00,00,00,00, 00,00,00,00,
00,00,00,00, 00,00,00,00, 00,00,00,00, 00,00,00,00, 00,00,00,00,
00,00,00,00, 00,00,00,00, 00,00,00,00, 00,00,00,00, 00,00,00,00,

-------------------------------------------------------
00,00,00,00, 00,00,00,00, 00,00,00,00, 00,00,00,00, 00,08,00,00,
00,00,00,00, 00,00,00,00, 00,00,00,00, 00,00,00,00, 00,00,00,00,
00,00,00,02, 00,00,00,08, 00,00,00,08, 00,08,00,00, 00,08,00,00,
00,00,00,00, 00,00,00,00, 00,00,00,00, 00,00,00,00, 00,08,00,00,

00,00,00,00, 00,00,00,00, 00,00,00,00, 00,00,00,00, 00,00,00,00,
00,00,00,00, 00,00,00,00, 00,00,00,00, 00,00,00,00, 00,00,00,00,
00,00,00,00, 00,00,00,01, 00,00,00,01, 00,01,00,00, 00,00,00,00,
00,00,00,00, 00,00,00,00, 00,00,00,00, 00,00,00,00, 00,00,00,00,

-------------------------------------------------------
00,08,00,00, 00,10,00,00, 00,10,00,00, 00,10,00,00, 10,10,00,10,
00,00,00,00, 00,00,00,00, 00,07,00,00, 00,00,07,00, 00,10,00,00,
00,08,00,00, 00,10,00,00, 00,10,00,00, 00,00,00,10, 00,00,07,10,
00,08,00,00, 00,10,00,00, 00,10,00,00, 10,00,00,00, 00,10,00,10,

00,00,00,00, 00,01,00,00, 00,01,00,00, 00,01,00,00, 00,00,00,00,
00,00,00,00, 00,00,00,00, 00,00,00,00, 00,00,00,00, 00,01,00,00,
00,00,00,00, 00,01,00,00, 00,01,00,00, 00,00,00,01, 00,00,00,00,
00,00,00,00, 00,01,00,00, 00,01,00,00, 01,00,00,00, 00,00,00,00,

-------------------------------------------------------
10,10,00,10, 50,50,00,40, 50,50,00,40, 50,50,00,40, 08,10,40,40,
00,10,00,00, 00,40,00,00, 00,40,00,00, 00,00,40,00, 50,50,00,40,
00,00,07,10, 00,00,08,40, 00,00,08,40, 08,40,00,00, 08,40,40,00,
00,10,00,10, 00,50,00,40, 00,50,00,40, 50,00,40,00, 58,10,00,40,

00,00,00,00, 01,01,00,01, 01,01,00,01, 01,01,00,01, 01,00,00,00,
00,01,00,00, 00,01,00,00, 00,01,00,00, 00,00,01,00, 01,01,00,01,
00,00,00,00, 00,00,01,01, 00,00,01,01, 01,01,00,00, 00,00,00,00,
00,00,00,00, 00,01,00,01, 00,01,00,01, 01,00,01,00, 01,01,00,00,

-------------------------------------------------------
The constraints are (in the form of (round, position, input_diff, output_diff)
The number infront of each constraint corresponds to the grouping that each constraint falls under.
Each group is treated as independent in this computation
Some constraints may have more than one group identity. These groups have to be considered together
1 (0,0,21,20) (1,4,20,90) linear
7 (0,1,21,20) (1,5,20,80) linear
5 (0,3,90,2) (1,7,2,9) linear
4 (0,6,80,2) (0,9,b1,22) (1,b,20,90) linear
5 (0,3,90,2) (0,9,b1,22) (1,f,20,80) linear
b (1,1,20,90) (2,5,90,3) linear
9 (1,2,20,80) (2,6,80,3) linear
e (1,3,20,80) (2,7,80,3) linear
7 (2,0,90,3) (3,4,3,20) linear
2 8 (2,6,80,3) (1,4,20,90) (1,b,20,90) (2,9,0,0) (3,b,3,20) nonlinear
d (3,1,d0,7) (3,b,3,20) (4,d,20,80) linear
9 (d,1,8,10) (e,5,10,40) linear
4 5 (0,9,b1,22) (0,6,80,2) (0,3,90,2) (1,b,20,90) (1,7,2,9)  higher-order linear
(0,9,b1,22) (1,f,20,80) (1,7,2,9)  higher-order linear
4 5 (0,6,80,2) (0,3,90,2) (1,f,20,80) (1,b,20,90)  higher-order linear
4 (0,6,80,2) (1,f,20,80) (1,b,20,90) (1,7,2,9)  higher-order linear
c 9 (1,5,20,80) (1,2,20,80) (2,e,80,d0) (2,a,80,3)  higher-order linear
c (1,5,20,80) (2,e,80,d0) (2,a,80,3) (2,6,80,3)  higher-order linear
Original prob: 95.415
Independent prob (prob ignoring the ones depend on keys): 64

These are the splits:
(0,0,21,20) (1,4,20,90) 
-----------------------------------------------
(0,1,21,20) (1,5,20,80) 
-----------------------------------------------
(0,3,90,2) (1,7,2,9) 
(0,3,90,2) (0,9,b1,22) (1,f,20,80) 
(0,3,90,2) (0,6,80,2) (0,9,b1,22) (1,7,2,9) (1,b,20,90) 
(0,3,90,2) (0,9,b1,22) (1,7,2,9) (1,f,20,80) 
(0,3,90,2) (0,6,80,2) (0,9,b1,22) (1,b,20,90) (1,f,20,80) 
(0,3,90,2) (0,6,80,2) (0,9,b1,22) (1,7,2,9) (1,b,20,90) (1,f,20,80) 
(0,6,80,2) (0,9,b1,22) (1,b,20,90) 
-----------------------------------------------
(1,1,20,90) (2,5,90,3) 
-----------------------------------------------
(1,2,20,80) (2,6,80,3) 
(1,2,20,80) (1,5,20,80) (1,8,0,0) (2,a,80,3) (2,e,80,d0) 
(1,2,20,80) (1,5,20,80) (1,8,0,0) (2,6,80,3) (2,a,80,3) (2,e,80,d0) 
-----------------------------------------------
(1,3,20,80) (2,7,80,3) 
-----------------------------------------------
(2,0,90,3) (3,4,3,20) 
-----------------------------------------------
(2,6,80,3) (1,4,20,90) (1,b,20,90) (2,9,0,0) (3,b,3,20) 
-----------------------------------------------
(3,1,d0,7) (3,b,3,20) (4,d,20,80) 
-----------------------------------------------
(d,1,8,10) (e,5,10,40) 
-----------------------------------------------
===============================================
Computing the following constraints theoretically: 
8 (0,0,21,20) (1,4,20,90) linear

key space reduction: -0.415037
-2: 33.3333
-1.41504: 66.6667
-------------------------------------
Computing the following constraints theoretically: 
9 (0,1,21,20) (1,5,20,80) linear

key space reduction: -0.415037
-2: 33.3333
-1.41504: 66.6667
-------------------------------------
Computing the following constraints theoretically: 
9 (1,1,20,90) (2,5,90,3) linear

key space reduction: -1
-1: 100
-------------------------------------
Computing the following constraints theoretically: 
a (1,2,20,80) (2,6,80,3) linear
a d (1,2,20,80) (1,5,20,80) (1,8,0,0) (2,a,80,3) (2,e,80,d0) higher order
a d (1,2,20,80) (1,5,20,80) (1,8,0,0) (2,6,80,3) (2,a,80,3) (2,e,80,d0) higher order

key space reduction: -2
-5.41504: 100
-------------------------------------
Computing the following constraints theoretically: 
b (1,3,20,80) (2,7,80,3) linear

key space reduction: -1
-1: 100
-------------------------------------
Computing the following constraints theoretically: 
8 (2,0,90,3) (3,4,3,20) linear

key space reduction: -1
-3: 6.25
-2.41504: 37.5
-2: 12.5
-1.67807: 37.5
-1.41504: 6.25
-------------------------------------
Computing the following constraints theoretically: 
9 (3,1,d0,7) (3,b,3,20) (4,d,20,80) linear

key space reduction: 0
-2: 100
-------------------------------------
Computing the following constraints theoretically: 
9 (d,1,8,10) (e,5,10,40) linear

key space reduction: -1
-2: 25
-1: 50
-0.415037: 25
-------------------------------------
==============================================
For the theoretical side: 
The following are the distribution: 
Key reduction: -6.83007
14.075: 0.694444
14.338: 4.16667
14.66: 3.47222
14.923: 12.5
15.075: 4.16667
15.245: 5.72917
15.508: 9.375
15.66: 13.8889
15.83: 3.47222
15.923: 4.16667
16.093: 2.08333
16.245: 13.5417
16.415: 0.694444
16.508: 4.16667
16.66: 4.16667
16.83: 5.20833
17.093: 1.04167
17.245: 4.86111
17.415: 0.694444
17.83: 1.73611
18.415: 0.173611
==============================================
----------------------------------------------
Computing the following experimentally:
b (0,3,90,2) (1,7,2,9) linear
b (0,3,90,2) (0,9,b1,22) (1,f,20,80) linear
b e (0,3,90,2) (0,6,80,2) (0,9,b1,22) (1,7,2,9) (1,b,20,90) higher order
b (0,3,90,2) (0,9,b1,22) (1,7,2,9) (1,f,20,80) higher order
b e (0,3,90,2) (0,6,80,2) (0,9,b1,22) (1,b,20,90) (1,f,20,80) higher order
b e (0,3,90,2) (0,6,80,2) (0,9,b1,22) (1,7,2,9) (1,b,20,90) (1,f,20,80) higher order
e (0,6,80,2) (0,9,b1,22) (1,b,20,90) linear
computing with 128 valid keys or 2^8 possible keys and 2^10 random plaintexts
computing with 128 valid keys or 2^8 possible keys and 2^10 random plaintexts
computing with 128 valid keys or 2^8 possible keys and 2^10 random plaintexts
computing with 128 valid keys or 2^8 possible keys and 2^10 random plaintexts
computing with 128 valid keys or 2^8 possible keys and 2^10 random plaintexts
computing with 128 valid keys or 2^8 possible keys and 2^10 random plaintexts
computing with 128 valid keys or 2^8 possible keys and 2^10 random plaintexts
computing with 128 valid keys or 2^8 possible keys and 2^10 random plaintexts
computing with 128 valid keys or 2^8 possible keys and 2^10 random plaintexts
computing with 128 valid keys or 2^8 possible keys and 2^10 random plaintexts
computing with 128 valid keys or 2^8 possible keys and 2^10 random plaintexts
computing with 128 valid keys or 2^8 possible keys and 2^10 random plaintexts
computing with 128 valid keys or 2^8 possible keys and 2^10 random plaintexts
computing with 128 valid keys or 2^8 possible keys and 2^10 random plaintexts
computing with 128 valid keys or 2^8 possible keys and 2^10 random plaintexts
computing with 128 valid keys or 2^8 possible keys and 2^10 random plaintexts
5.30043
8.15451
5.11965
5.28318
5.27293
7.98319
7.86557
7.87072
7.91254
8.02846
5.32669
5.19184
5.12348
5.34716
8.23182
5.20721
8.07519
5.16316
5.2961
7.96658
7.91785
5.21128
8.05749
7.98877
5.16869
7.83007
5.28747
5.28061
8.02272
8.03422
8.12964
7.83509
7.85025
5.25433
5.11202
5.23264
8.19265
8.13581
5.14513
7.95015
5.24094
5.17663
7.99438
8.01701
7.95015
5.18382
7.97209
7.97763
7.98877
5.23182
8.06926
5.31088
5.21291
7.81512
5.14669
8.06926
8.15451
5.22357
7.89671
8.03422
8.06336
8.02272
7.95561
5.16948
5.23264
7.89671
8.29956
8.01701
7.97763
5.13118
8.05749
7.98319
5.22439
8.29264
5.19991
5.22851
5.38529
5.20234
8.06926
5.21373
5.08786
8.25853
8.01701
5.14981
5.17186
5.02702
8.07519
7.94472
5.24094
5.0737
7.99438
5.19265
5.18782
7.97763
5.27463
8.06926
8.24511
8
7.91254
7.91785
5.24762
5.16158
8.26529
8.12348
5.15059
5.17663
7.92318
5.10746
8.10518
8.09311
5.10215
7.97209
5.30477
5.22604
5.17425
5.14202
8.04
5.03061
5.13195
8.17345
8.06336
8.02846
8.08711
5.05017
5.25685
5.32404
5.18382
7.92854
8
7.90197
5.26698
5.1679
5.28919
7.87588
5.20802
5.15686
7.86557
5.17504
5.15608
5.11126
5.17584
5.24511
8.01701
7.86557
5.14981
8.07519
5.24011
5.1608
8.18622
5.18702
5.20558
5.1014
5.06042
8.05749
5.09236
8.02272
7.91785
5.29264
5.19265
8.09311
5.18943
8.02272
5.09612
5.33644
7.88106
5.21618
7.96658
5.05749
8.02846
7.92318
5.28404
7.91785
8.04
5.30826
5.08412
8.04
5.17107
5.31964
7.89671
5.22686
5.26191
8.09913
8.32757
8.05163
5.24595
7.84013
7.75683
8.05163
7.95015
8.07519
7.82009
5.27634
5.15844
5.17823
5.17743
5.33822
5.33112
7.76638
5.21618
8.09913
5.29956
5.18542
8.13581
7.88626
7.97763
5.25517
7.80033
5.16553
7.91785
8.25181
7.86045
5.08636
5.25853
5.03783
5.10442
8.02846
5.217
7.97209
5.15294
5.19829
7.90724
7.87072
5.09687
7.83007
5.21291
8.17345
5.10442
8.10518
5.11507
5.18382
5.19587
5.15922
5.31788
5.1991
7.88106
5.18782
5.21782
5.12656
8.08114
7.96658
5.09989
5.23845
5.27293
8.28575
5.06926
8.11736
7.94472
7.97763
5.19506
5.25685
8.0458
5.35795
7.99438
5.2064
7.89148
8.01701
5.18302
8.08711
5.16237
8.04
8.10518
5.25769
5.25517
5.20072
5.31525
8.06336
5.21537
5.11354
5.2935
5.16553
5.18782
7.9393
7.91254
5.32846
7.89148
5.05456
8.1608
5.30651
5.12425
8.22521
5.30651
5.1143
7.91254
8.14202
5.31
8.02272
7.97209
7.91785
5.27378
8.08711
5.14981
5.35254
8.0458
7.85025
5.36066
5.2343
5.28232
8.06926
5.09913
8.17982
8
5.22604
8.01132
5.2121
5.12195
7.72854
5.28404
5.18943
5.11812
5.1991
7.97209
7.87072
5.12733
5.20477
5.19506
7.87588
5.16553
8
8.06336
5.07816
5.21618
5.17425
8.06926
5.11889
5.21128
5.03638
5.21291
7.89671
7.9393
5.19506
7.90724
5.11507
8.05749
5.19748
7.72854
7.96658
5.13504
5.12502
5.1608
8.10518
8.3135
7.92318
5.20965
8.11736
8.0458
5.27038
5.23264
5.15844
5.16869
8.2121
7.81018
7.9393
5.26444
8.14202
8.09311
7.93391
8.07519
7.97209
7.97763
5.10898
5.29523
7.89148
5.19345
5.27976
5.13969
7.89148
5.19829
8.34179
7.96108
5.22934
5.25013
5.367
7.87072
5.3039
5.08337
5.30564
8.01701
7.99438
8.18622
7.97763
5.20072
7.86557
5.26698
5.07667
7.85534
5.22028
8.06926
8.14202
7.91785
5.13659
5.17425
8.09913
7.90197
5.11278
8.09311
5.09838
7.95561
5.22851
5.08039
5.21946
8.25181
7.96108
8.02272
8.29956
8.0458
7.91254
5.05749
7.86045
5.17902
7.94472
7.94472
7.73791
8.05749
5.10594
5.17186
8.01132
8.25181
5.13736
7.96108
5.32316
8.03422
8.07519
5.22274
8.26529
8.02272
7.88106
5.21782
8.04
5.23264
8.02272
5.31701
7.91254
7.86557
5.3135
8.30651
5.15686
7.83509
8.07519
7.82009
5.05456
5.14513
5.18222
5.16711
5.08561
7.79543
5.12886
7.95015
7.90724
5.19991
5.26444
7.7616
5.09913
5.13736
8.03422
7.99438
5.08487
5.09011
7.79055
7.91785
5.18542
5.19265
5.29696
8.05749
5.04726
5.15138
5.12502
5.20315
5.20965
7.85025
8.19265
7.84013
8.11126
5.18382
7.94472
5.19829
8.0458
5.28232
5.35976
5.27038
8.04
5.33289
5.07
7.83007
5.1105
5.19104
5.16948
7.84013
5.2211
5.16711
5.11659
8.14202
7.93391
7.97209
8.02846
5.20315
5.08039
5.15529
7.89671
5.28661
8.18622
7.85025
5.26614
8.02272
5.07816
8.07519
8.06926
8.00565
7.83007
7.85025
8.15451
5.35164
8.32757
5.22521
7.91785
5.21373
8.04
7.74733
5.13272
8.0458
7.92854
8.17982
8.12348
5.17743
7.97763
5.30738
5.367
5.12809
5.23928
8.02846
5.17902
7.90724
8.06336
5.30913
8.00565
8.06336
8.10518
5.10518
5.31788
5.15138
7.84013
5.24929
7.90197
7.97209
5.20396
5.28833
7.93391
5.21373
5.17186
5.32404
5.15765
5.24094
8.03422
8.14825
5.15216
7.97209
8.14202
5.19829
7.9393
7.92854
8.01132
7.97209
5.14357
7.74733
5.11507
7.93391
8.13581
8.1608
8.08114
8.14825
5.33822
7.84518
5.27208
7.97763
7.95561
7.73791
8.23182
5.13581
7.95561
8.12348
8.01701
8.11736
7.89671
7.96108
7.86045
8.03422
7.94472
8.32757
7.80524
5.11583
7.9393
7.87072
7.99438
5.05529
8.03422
5.16158
7.96658
5.11812
7.99438
5.27549
8.16711
5.23928
8.06926
7.94472
5.2121
5.17028
7.90724
8.02272
5.20477
5.09913
8.04
5.18222
5.20477
5.09612
5.20802
5.1608
7.99438
8.15451
5.23513
7.88626
5.11354
8.04
7.90197
8.12348
8.12348
7.91785
5.21291
5.18382
5.14903
5.06263
8.23845
5.19184
5.2121
7.79055
7.97209
8.06336
8.05749
5.15529
8.2121
5.29869
5.16632
7.90724
5.17028
5.22521
5.10291
5.26698
5.12886
8.06926
5.12809
7.82009
8.08114
8.05749
5.16632
5.13504
8.08711
8.25853
7.93391
7.92318
7.73321
7.97209
8.15451
8.09913
7.83007
8.15451
8.22521
5.16948
8.0458
8.21864
5.08861
5.22851
5.20315
5.06852
8.04
8.21864
7.72388
8.17982
7.98877
5.23679
7.88626
8.14825
5.13891
7.73791
7.75683
8.01701
5.22686
5.20315
5.18222
5.14047
5.31788
7.96658
7.92318
8.25853
7.98877
5.24511
8.04
5.10746
5.34268
7.9393
8.07519
5.19023
5.10974
5.3135
8.09913
5.2961
5.19426
5.24511
5.15138
5.18782
7.81512
8.33466
7.81512
8.08711
5.17186
8.05749
7.91254
5.32316
7.82009
5.30564
8.11736
7.71923
7.93391
7.93391
7.90724
5.09537
5.07593
8.01132
7.95561
5.15373
5.18702
8.09311
5.1991
5.31876
7.97763
5.19426
8.02846
5.17028
5.14669
7.88626
7.92318
5.15765
7.88106
7.97209
8.0458
8.15451
5.20558
5.24846
8.0458
5.09913
8
5.19345
8.01701
8.11126
7.96108
5.1105
5.11278
5.19345
7.86557
5.16001
5.24762
5.20153
8
5.27719
5.3039
8.08711
7.90724
7.81512
5.2961
7.95015
5.18622
8.02272
5.09838
5.14202
5.19184
7.88626
5.28404
8.01132
5.09687
7.92318
5.23016
8.08711
8.20558
5.14981
5.2849
7.98877
8.14202
7.96108
5.27805
8.02272
5.04072
5.15686
8.08114
8.09311
5.16711
5.0641
5.29005
5.33289
7.99438
7.95015
5.2961
5.20315
5.05749
5.30826
5.14825
5.217
8.00565
8.15451
7.89148
5.16001
5.19184
7.90724
8.02846
8.17982
5.19265
5.21291
5.17982
5.13504
7.9393
7.72388
5.31438
8.17982
8.06926
8.09913
5.1105
5.31525
7.98319
5.04072
5.17504
8.09913
5.27463
8.14202
5.27805
5.11507
8.1608
8.07519
5.25349
5.14903
5.31964
8.06336
5.2211
5.13272
5.11736
8.14202
5.1608
5.29783
8.10518
7.90197
5.27293
5.09086
5.09461
5.24846
7.95015
7.75683
7.84013
7.96108
5.27123
7.97209
7.79543
7.94472
5.13814
8.05749
8
8.00565
8.07519
7.89671
5.17902
5.28318
5.22769
5.23513
5.24678
8.23182
8.14825
5.13891
5.25853
8.08711
5.13659
7.88106
7.97209
7.95015
8.00565
5.21291
5.22521
7.98319
5.2789
5.32846
5.11736
5.332
5.17504
7.87072
5.18702
8.20558
8.03422
7.90724
5.07074
5.30303
5.1428
5.32669
5.13814
8.02846
7.83509
8.0458
5.28404
5.17266
5.15451
5.18863
7.96108
5.15216
7.77118
8.08114
5.25349
8.1991
5.25097
5.08412
5.30826
5.20558
5.04
5.27463
5.23016
5.14357
8.12348
5.33112
8.10518
8.02272
7.85025
5.18062
8.14202
5.12579
7.91785
7.92854
8.02846
8.1608
5.11583
5.15529
5.20396
5.18462
5.21291
7.94472
7.99438
5.33378
7.85534
8.06336
5.17107
5.18943
7.95015
8.05163
7.72854
8.12348
5.10746
5.19506
5.26698
8.08114
8.14825
5.23845
5.24094
7.99438
8.14825
5.21618
7.85025
5.07222
8.05163
5.18222
5.34447
7.96658
5.24011
5.30477
5.15294
7.90724
8.13581
8.16711
7.94472
7.9393
5.20072
5.18702
5.17823
5.20072
5.17504
5.3135
8.25853
8.29956
5.09086
5.12195
8.06336
7.57374
8.19265
7.93391
7.98877
5.09311
5.19345
7.70998
8.00565
5.22274
5.13891
5.20802
8.11736
8.01132
8.1991
8.02846
8.11736
5.22604
5.23182
5.11278
5.20802
8.05163
5.20802
5.06926
5.18702
5.0371
7.97763
8.0458
7.96108
7.90197
5.25181
5.23016
8.06336
8.05749
5.25938
5.17504
5.16001
8.01701
7.80524
5.06263
8.18622
7.98877
7.91785
5.17028
5.18222
8.03422
5.24929
5.16316
5.21455
5.18222
5.1679
7.96108
8.09913
5.23099
5.27463
5.17186
5.25349
7.9393
7.9393
5.25349
7.84518
5.2636
5.11736
5.21128
7.98877
5.15765
5.16474
8.02846
5.09386
7.96108
8.14202
8.05749
5.19104
8.05163
7.93391
7.776
7.96658
7.89671
5.34985
5.23513
8.11736
8.08114
7.81018
7.85534
5.24428
5.19587
5.17823
8.07519
7.86557
8.12348
8.09311
7.97763
8.05163
7.91785
5.32846
5.14591
7.95561
5.20396
5.12272
5.17982
8.02272
8.08114
5.17107
7.97209
8.11736
5.18782
7.98319
7.95015
5.02559
7.80033
5.25601
7.79055
8.12964
7.96658
8.13581
5.23264
5.10974
5.13041
5.21864
5.15451
8.14825
7.82507
8.01701
8.20558
8.3135
8.1991
7.78083
8.05163
8.18622
8.02272
5.20234
7.95015
5.10367
5.12886
7.90724
5.29783
5.21455
8.3135
7.97763
5.1608
5.09236
8.15451
5.14202
8.23182
7.89148
5.25517
5.24846
7.9393
8.18622
5.05749
5.17504
5.08636
8.12348
5.30303
5.13891
5.28661
7.89671
8
5.13272
5.19184
5.23513
5.31788
7.95561
7.84013
7.83509
5.24094
8.2789
5.20558
8.03422
8.12964
5.20153
5.22604
5.29523
5.24178
5.14513
8.05749
5.10518
5.17504
5.13041
8.06336
8.23182
7.7616
5.11278
7.98877
7.81018
8.04
8.22521
5.2121
8.02272
8.28575
7.85534
5.27378
8.00565
8.05749
7.90197
7.96658
8.05163
5.12964
5.24094
5.28232
8.04
5.21047
8.02272
8.15451
8.11736
5.17266
7.99438
8.17345
5.26529
7.96108
7.92318
5.24011
5.15451
5.10822
5.23264
5.25685
5.25265
5.30651
5.28404
7.99438
7.89148
8.01132
7.95561
5.12656
5.16237
5.03494
5.17107
5.10822
5.17823
5.10974
8.01701
8.08711
8.04
5.17982
8.02846
7.82009
7.92854
5.26444
5.28661
8.07519
5.13891
5.17266
8.29264
5.17107
8.17345
5.21618
8.09311
8.13581
5.14202
7.85534
8.17345
8.02272
7.99438
8.29956
8.06926
8.14825
7.94472
8.0458
8.11736
5.04653
7.97763
7.92318
7.89148
5.08337
5.28404
5.15451
7.79055
7.98319
8.08711
5.13041
8.14202
5.21373
5.01701
5.17266
5.22934
5.24511
8.1991
5.10594
5.22439
7.83509
5.15922
8.08114
7.90197
8.23845
7.96658
5.13041
5.09011
8.0458
8
7.95561
5.17107
7.95561
5.21291
7.85534
8
7.96658
8.08711
7.90724
7.98877
5.25097
7.91785
5.3214
7.93391
8.0458
8.02272
8.2789
5.22604
8.06926
5.30043
5.19506
5.28661
5.14047
5.1991
8.05163
5.09311
5.23347
8.02846
8.06336
5.15686
8
5.22028
5.07519
5.20884
5.14591
8.05749
5.24846
5.3214
5.14747
5.28919
5.15765
7.88106
8.01701
7.72854
8.08114
5.15844
5.19184
7.98877
5.18542
5.21291
7.9393
5.18062
8.05749
5.19506
8.02272
8.12964
7.95561
5.30913
5.13427
8.14202
5.16948
7.97209
7.82507
8.18622
5.23016
5.13118
5.16869
8.00565
8.30651
8.18622
5.20558
7.85025
5.10064
8.0458
7.94472
5.08487
5.15373
7.96108
7.95561
5.05309
7.98319
7.86045
5.14825
5.23347
8.11126
8.0458
5.12656
7.86045
5.2849
5.17663
5.18142
7.98877
8.01701
5.17186
7.97763
8.12964
5.17425
5.09612
7.92318
8.12348
7.97209
7.9393
5.0789
8.11126
7.97763
8.02272
5.10822
5.22851
7.91254
8.05163
5.08114
8.19265
8.01701
5.217
8.08711
5.15216
7.89148
5.16632
5.17823
8.2121
5.11812
5.12656
5.36519
5.00353
5.09236
8.1991
8.03422
5.17186
5.22851
5.11354
7.86557
8.03422
7.89148
8.1991
5.17982
7.84518
7.94472
7.92318
7.86557
5.16948
8.12348
7.63368
5.09838
5.23596
7.97209
7.82009
5.12656
7.78083
7.87588
7.9393
5.04944
5.15529
5.1067
5.24011
7.66015
5.19829
5.06557
7.95561
5.23347
7.79543
5.17584
8.06926
5.19748
8.19265
5.17186
5.19668
8.02272
7.96658
5.22028
5.31438
5.16948
5.15451
7.75207
8.02272
5.16001
5.27293
5.29005
7.92318
5.08861
5.19748
5.20072
8.11736
5.05602
5.08636
5.15138
5.26529
7.73321
5.17345
5.16948
7.94472
8.02272
7.89671
5.18863
7.94472
7.82507
5.08786
5.18622
5.17982
5.14669
5.14591
5.26698
7.83007
5.332
5.24178
5.13581
5.18702
8.06926
5.19104
5.18702
8.06926
7.91785
8.09311
5.16001
7.87588
5.17107
5.13891
8.11126
5.05969
8.02272
5.17743
7.95561
5.28575
5.32846
5.19587
5.2211
7.92854
8.05749
7.94472
5.12579
7.98877
8.06336
8.14202
5.12656
5.16316
5.27463
7.80033
5.19748
8.14825
5.13814
8.19265
5.09612
7.98877
8.01132
7.80033
7.98877
5.09989
8.03422
5.06483
8.11126
8.02846
5.1991
5.09687
5.17902
5.15294
7.73321
5.30913
7.86557
5.21291
7.79055
7.86045
7.86557
7.95561
5.2636
5.19345
7.70538
8.18622
5.21537
5.1014
5.23099
5.16237
5.13891
5.12425
5.18222
7.98877
8.01701
7.93391
7.87588
5.20558
5.18542
8.21864
7.95561
5.22439
5.13195
5.10367
5.217
5.19668
7.9393
5.32669
5.11965
5.04944
7.99438
5.12195
7.94472
5.19023
5.18863
8.09913
7.96108
7.97209
5.24762
5.2636
8.23182
8.06926
5.33289
7.91785
7.98877
7.98319
7.88626
7.94472
7.92318
5.15451
5.09011
5.26191
5.18302
7.95561
5.16237
8.09311
7.97209
5.22934
5.30651
7.97209
5.21618
5.16869
5.18382
7.89148
8
7.96108
7.70079
8.2121
8.23845
5.10442
7.77118
5.15686
5.20558
5.1143
5.36882
7.95015
8.17345
5.09311
7.79543
5.10974
8.00565
5.23264
5.17663
5.19104
8.01701
5.22274
7.98319
8.02846
5.17584
7.9393
5.07742
5.05822
5.18782
5.16001
7.84518
5.2849
5.27976
8.00565
7.91254
5.17663
8.02272
5.0737
7.84518
8.03422
7.98319
7.91785
5.27293
5.18462
5.09011
8
5.18943
5.35705
7.87072
8
5.20965
5.18943
5.17902
5.15686
5.25349
5.27123
5.30303
5.20884
8.13581
7.81018
5.31876
5.09386
5.13504
5.17425
7.92318
7.98319
8.0458
7.98319
7.97209
7.95561
5.11659
5.2961
5.23596
8.26529
8.15451
8.15451
8.03422
5.20234
5.18382
8
5.23596
7.96108
5.14047
8.06336
8.29264
7.95561
7.95015
8.18622
7.81512
7.96108
7.85025
5.16316
5.14747
7.90197
8.08114
5.11889
8.12964
5.05969
7.95561
5.22357
5.14981
8.02846
7.9393
5.32228
8.02846
8.01132
5.27378
7.80524
8.12964
5.18782
5.22357
5.19104
5.24929
5.20315
8.09311
5.19184
5.18863
5.33112
5.19668
5.28147
7.88626
8.11736
7.88626
7.98319
7.87072
7.97209
8.01132
5.09537
5.28575
5.33378
5.20153
8.2789
7.98319
5.20477
7.90724
5.09913
5.12502
5.21291
7.92854
8.09913
8.01701
7.88626
7.96108
7.99438
7.87588
5.10822
5.31613
8
5.11278
8.06336
7.99438
5.20315
8.12964
5.20884
5.19345
8.09311
5.11507
5.20315
5.14047
7.82009
7.91254
8.25181
7.91254
5.29696
5.25433
5.07667
5.31175
7.96658
7.91254
8.28575
5.19748
8
7.67807
5.10518
5.1143
5.27549
8.07519
7.85025
5.23596
5.20558
7.87072
7.94472
7.90197
5.15608
7.66461
5.24094
7.81018
5.06705
5.0737
5.20965
7.99438
5.217
5.33023
5.13349
5.24428
8.0458
5.21047
5.14124
5.21864
7.84013
5.18863
8.02272
5.41129
5.22604
7.92318
8.22521
7.96658
5.18062
5.2343
5.29956
8.01132
5.16948
5.29437
7.86045
7.83509
7.87072
5.13969
8.01132
5.21864
8.11126
5.13891
5.31876
5.37429
5.19345
8.32052
5.22604
5.14357
7.89148
8.13581
8.02846
5.21047
5.09537
5.16948
5.27719
8.0458
7.79055
8.01701
7.9393
8.15451
7.97209
5.25097
8.05163
7.95561
5.15686
8.09913
5.30564
5.2789
8
5.24011
5.25013
8.07519
5.21455
5.11812
5.29869
8.0458
5.24929
5.26614
8
5.22439
8.16711
5.24678
8.00565
5.29264
7.86045
7.7616
7.97763
8.06336
8.02846
5.38161
5.19426
7.98319
5.2211
7.93391
7.78083
7.99438
5.09161
8.17345
7.90197
8.03422
5.09461
5.1143
8.11126
7.92318
7.98877
8.01701
7.96658
5.11354
5.21047
7.95561
8.0458
5.10746
5.24762
5.15216
7.96108
7.79543
7.98877
5.14903
5.15844
7.82009
5.07
5.17982
5.07
5.09762
5.30477
5.2636
8.01701
5.16869
8.01701
8.14202
5.20315
5.15529
8.08711
8.00565
5.21373
5.15529
5.12118
5.17663
5.17345
7.80033
7.95561
5.12425
5.26191
8
7.96108
5.12502
8.01132
7.93391
5.20477
8.20558
8.2121
5.17028
5.27293
8.13581
8.03422
5.09687
5.08337
5.09537
5.19265
8.07519
5.34626
5.19668
8.01132
8.02272
5.10974
7.88106
5.22028
8.03422
5.24428
8.03422
8.01132
5.13195
8.08114
5.12425
7.98877
7.80524
5.05749
5.27378
5.10367
8.08711
8.05163
5.09762
5.20965
5.21128
5.21455
7.91254
5.16237
5.22357
5.17902
7.97763
7.98319
5.33733
5.20315
8.09311
5.22439
7.88626
7.97763
8.06926
5.07148
8.06926
7.91785
7.95015
5.31525
5.21047
5.21373
7.98877
7.81018
5.18782
7.99438
8.07519
7.99438
5.28232
5.23016
8.02272
7.90197
7.92854
5.217
5.10974
5.24511
8.2121
5.19023
8.0458
7.88626
5.1143
5.14747
8.01132
5.10822
5.04872
5.19668
8.08711
8.05163
5.28575
7.92854
8.13581
5.16237
5.24929
5.21864
7.76638
5.26191
5.20558
5.1608
7.97209
7.9393
5.05822
5.16395
5.17982
7.94472
5.31876
7.85534
8.00565
5.25685
7.91254
7.86045
8.10518
5.17584
7.85534
5.16711
8.03422
7.93391
5.08412
7.85025
5.22686
5.17107
5.20965
8.28575
8.01701
8.02846
7.86557
7.84013
5.26614
8.07519
7.7616
8.17345
7.95015
7.93391
8.11126
8.02272
key space reduction: -0
prob, dist: 
5.19196 49.6582
7.99823 50.3418
----------------------------------------------
Computing the following experimentally:
e 6 (2,6,80,3) (1,4,20,90) (1,b,20,90) (2,9,0,0) (3,b,3,20) nonlinear
computing with 128 valid keys or 2^8 possible keys and 2^10 random plaintexts
2.69038
computing with 128 valid keys or 2^8 possible keys and 2^10 random plaintexts
3.13195
2.85981
2.67962
computing with 128 valid keys or 2^8 possible keys and 2^10 random plaintexts
3.39545
2.69565
3.43728
computing with 128 valid keys or 2^8 possible keys and 2^10 random plaintexts
3.14552
2.79482
3.16356
2.87378
computing with 128 valid keys or 2^8 possible keys and 2^10 random plaintexts
3.43181
3.13562
3.44278
2.87717
3.41222
computing with 128 valid keys or 2^8 possible keys and 2^10 random plaintexts
3.46084
3.22707
3.21353
3.15765
3.43561
2.78356
computing with 128 valid keys or 2^8 possible keys and 2^10 random plaintexts
3.2372
2.68132
3.41692
2.65169
2.6709
3.43847
computing with 128 valid keys or 2^8 possible keys and 2^10 random plaintexts
2.8683
3.39522
3.23762
2.89376
2.68019
3.42281
2.80724
2.68896
computing with 128 valid keys or 2^8 possible keys and 2^10 random plaintexts
2.66726
3.41621
3.25622
2.87378
2.66629
3.43537
computing with 128 valid keys or 2^8 possible keys and 2^10 random plaintexts
2.70581
3.40638
3.40544
2.85694
3.22501
computing with 128 valid keys or 2^8 possible keys and 2^10 random plaintexts
3.41152
3.15628
3.1502
2.81249
2.65293
computing with 128 valid keys or 2^8 possible keys and 2^10 random plaintexts
3.41363
2.70624
2.68047
2.77796
3.41082
3.37818
computing with 128 valid keys or 2^8 possible keys and 2^10 random plaintexts
2.67906
3.41903
2.70337
2.79131
2.86205
2.70122
computing with 128 valid keys or 2^8 possible keys and 2^10 random plaintexts
2.88301
3.21782
computing with 128 valid keys or 2^8 possible keys and 2^10 random plaintexts
3.22727
3.1124
2.77947
2.85646
3.25034
3.4141
3.13949
computing with 128 valid keys or 2^8 possible keys and 2^10 random plaintexts
3.21006
3.42872
3.39221
3.45094
3.2725
2.78159
3.25286
3.24574
2.69294
2.69622
2.80647
3.25118
2.66349
2.79238
3.26911
2.791
3.40288
3.23058
3.14396
2.6857
3.4273
3.22624
2.8874
3.15667
2.88317
3.2516
3.43871
2.70912
3.15431
3.25076
2.87475
3.11946
2.66015
3.13853
2.7757
2.68839
2.86846
3.42564
3.24992
3.41998
2.68528
2.85168
2.77043
2.68245
2.76593
2.6628
2.76369
2.80355
2.68216
2.68245
3.398
2.68019
2.68428
3.41058
2.67329
3.2399
2.67835
2.6681
3.41246
3.2121
3.4148
2.67849
2.70811
3.42092
2.88333
2.85025
3.23762
2.69522
3.23368
3.24887
2.70466
3.39939
3.24282
3.41222
2.80724
2.87992
3.42825
3.39452
3.39707
3.24199
2.8775
3.38759
3.13523
2.78113
2.66489
3.25685
2.66643
3.43466
2.6688
2.69024
2.89835
3.4368
2.65681
2.83997
2.81018
3.41998
3.41293
2.66587
2.69479
2.86365
3.15118
2.86237
2.66419
2.65848
2.67076
2.67666
3.23575
2.67807
2.7869
3.41293
3.15118
3.43014
2.68513
2.78979
2.85757
3.23389
2.6928
2.76788
3.44349
3.22934
2.85965
2.79895
3.11107
2.65473
2.67526
3.44182
3.26233
2.71099
2.6792
3.45552
3.41833
3.42163
3.41129
2.88382
3.42541
2.67666
2.68047
3.41316
3.43347
3.14416
2.65017
2.66029
3.41527
2.8712
3.41621
2.85885
3.40965
2.67287
3.41011
2.88805
3.27314
2.68216
3.25727
2.8014
2.68655
3.38828
3.44158
3.39336
2.69908
2.67892
2.86622
3.22233
2.78994
3.42399
2.70094
2.69893
3.42541
2.66852
2.79879
2.80771
2.74527
3.26191
3.22934
2.80232
3.40708
3.43276
3.2424
2.85949
3.41222
2.88919
3.40848
2.67624
2.86782
3.25328
2.85582
2.68896
2.68981
3.24261
2.85248
2.6792
2.67189
3.12886
2.69437
3.43299
3.15157
3.40708
2.79818
3.43062
2.68556
2.6823
2.78614
3.42541
2.87443
3.44254
2.67301
3.26529
2.67217
3.43466
3.27293
3.40941
3.11717
3.42967
3.43514
2.78614
3.13176
2.77826
2.78902
3.20315
3.26444
2.86093
3.12598
3.1333
3.40988
2.66252
3.41058
2.67892
2.78341
2.66335
2.66503
3.2579
2.65362
2.89409
3.41316
3.1426
2.80494
2.66894
3.11965
3.43062
2.86397
3.42186
3.41316
3.13485
3.41504
3.41762
2.68825
3.24219
2.68132
2.87443
2.68768
2.67582
3.1681
3.24804
2.8874
2.79589
3.237
3.39753
2.6901
3.39267
2.69622
3.13756
3.47766
3.39753
2.88268
2.78659
3.22727
3.40871
3.14241
2.8905
3.11449
2.67737
2.78735
2.66363
2.88284
2.67147
3.39939
3.22954
2.86189
3.11678
2.6891
3.40148
3.41574
3.40591
2.67512
3.15353
2.66964
3.23471
3.41269
3.42777
2.68783
2.84518
2.69308
2.68641
3.398
3.41386
3.14144
2.65598
3.40521
2.68471
3.41998
2.87168
3.44397
2.67878
2.76983
3.12214
2.87023
2.67498
3.4247
2.7875
3.42352
2.6754
2.67835
3.41129
3.40311
2.79619
2.85997
2.68358
2.67413
2.69095
2.66866
2.77902
2.68132
3.40661
3.1393
2.87588
3.40614
3.40032
2.76533
3.13853
2.69422
3.24428
2.77103
2.76623
3.13523
2.78826
2.67934
3.42328
3.41739
2.66517
2.67245
3.26085
2.78826
2.79436
3.23783
2.6761
2.87104
3.41692
2.66601
2.67695
2.68005
2.84313
3.14942
2.67441
2.67638
2.80832
3.39846
3.40988
2.67273
2.66796
2.77524
3.42375
3.14884
3.22975
3.13949
3.40988
2.68598
2.68811
3.23037
3.24908
3.4292
2.80278
3.41246
3.43181
3.22624
2.8683
2.80079
2.8128
3.41762
3.42659
2.6674
2.76264
2.67695
2.87056
3.22913
3.4247
3.13504
3.4148
2.67512
3.45214
2.66043
3.40988
3.13581
2.69294
3.41739
2.65973
2.78918
2.88544
3.13562
2.78826
2.76309
3.23658
3.42848
3.22418
3.43086
2.6857
2.85853
3.42659
2.81823
2.6792
2.87847
3.39175
2.8563
2.66559
2.69579
2.68216
2.64837
3.26487
3.41974
2.79299
3.11202
2.7936
2.6857
2.69237
3.40428
3.27613
2.68598
2.67849
3.40591
3.24741
2.67821
2.70022
3.44757
3.43157
3.40684
2.67203
2.67554
3.24199
2.69679
2.8034
3.25832
3.15099
2.7968
3.14124
3.25433
3.39522
3.42375
2.68386
2.67582
3.16119
2.66308
2.66391
2.88009
2.78614
3.15333
2.69622
3.43157
2.87798
3.2495
3.41011
3.43537
3.42304
3.39221
3.40195
2.67034
3.41856
2.66698
2.86863
2.6667
2.80386
3.43371
3.40381
3.43157
3.26593
2.8809
2.66057
3.25938
3.13736
3.24365
3.21557
2.67203
3.38782
3.43704
2.86349
3.41527
2.6928
3.43704
2.7939
3.40428
3.12272
2.69922
2.67245
3.12559
2.791
3.15392
2.80832
2.66461
2.8809
3.15883
2.80386
3.24741
2.70008
3.42943
2.67161
2.69394
3.12809
3.13736
2.76998
2.65876
3.26847
3.40778
2.68287
3.38483
2.69522
3.41668
2.79207
3.24282
3.40218
3.41175
3.2516
3.14299
2.67666
3.39637
2.87297
3.23949
2.8128
2.67273
2.8712
3.43657
3.24282
2.78644
3.25727
3.41339
3.41386
3.41269
3.26402
2.66349
2.86365
3.41082
2.84186
3.39267
3.14047
2.7936
3.40988
2.78356
3.18182
2.86782
2.8406
3.14747
2.86686
2.64934
3.42139
2.68329
3.42825
3.2314
3.42848
3.26466
2.69251
3.43157
3.14591
2.67821
3.40334
3.1463
2.7769
3.25013
3.41058
3.25748
3.42801
3.14572
2.66922
3.39359
2.67245
3.43585
2.68556
2.67596
3.42991
2.68768
2.77887
3.3899
3.24178
2.88593
2.81141
3.23949
3.42446
2.70725
3.12598
2.87443
2.83494
2.76653
3.41903
2.68953
2.76728
3.41082
3.16513
3.13485
2.67245
3.24136
2.69508
2.88577
3.41668
3.41129
3.3869
3.25938
2.86943
3.44829
2.78568
2.69993
2.79864
3.10348
2.80033
2.79177
2.70768
3.16849
2.88544
3.41058
2.80617
2.6681
3.40638
2.81095
2.67399
2.85105
2.68329
2.78796
2.78008
3.41293
2.79803
3.10879
3.38437
2.87056
2.8555
2.81745
2.88544
3.16731
3.24825
3.42659
2.68273
2.79925
3.23554
3.42872
3.40614
3.40568
3.39522
3.39406
3.13253
2.7754
3.23866
2.66908
3.39036
3.27357
3.27698
2.86173
3.40171
2.78113
3.21516
3.26508
2.69038
3.25769
3.16395
2.68005
3.16494
3.3846
3.40824
2.79849
2.68089
3.43395
2.64713
3.12713
3.42021
3.44757
3.28254
2.68386
3.44349
2.79451
3.40195
2.76893
2.69679
3.12214
2.8675
2.87007
3.39661
2.71445
3.44158
3.39591
3.23264
2.88025
2.68485
3.17107
2.69067
2.86045
2.80879
2.66587
3.17564
2.8954
2.68259
3.26022
3.4589
2.68089
2.66503
3.40148
2.68033
2.67512
3.21373
3.43371
3.40195
3.25433
2.66405
3.23949
3.26106
2.80155
2.68981
3.43323
2.77917
2.84914
2.8128
2.77615
3.14105
2.79543
2.77871
3.39846
3.13156
3.40218
3.38368
2.69209
3.41692
3.1549
3.39498
2.79375
3.14884
3.26974
3.11869
2.79039
3.15922
3.14728
3.21946
2.87766
2.67034
3.44493
2.7965
2.84867
3.43823
3.42422
2.7907
2.77751
3.13949
2.77826
2.85789
2.79482
2.85694
2.78507
2.86045
2.8796
2.78356
2.7872
2.65987
2.66308
3.12809
2.64975
2.89001
2.66294
3.12944
3.39406
2.81512
2.78979
3.1362
2.78902
3.39267
3.23637
3.39869
2.69451
3.26995
3.42068
2.78948
3.44134
3.44254
2.86686
3.14864
3.24574
3.43919
2.69779
3.22274
3.13775
2.68485
3.14085
2.67371
3.11411
3.38276
3.41527
2.86718
3.25013
2.67779
3.14319
2.67737
3.40801
3.2849
3.40684
3.2399
2.87798
3.43967
3.24532
2.6928
2.68854
2.66238
3.44397
3.24303
2.89671
3.12752
3.41715
3.22665
2.79161
3.22872
2.84708
2.76025
2.79283
2.79055
3.41504
3.20701
2.67751
2.79024
2.78159
2.68075
3.41645
2.79055
3.2864
2.87669
2.75831
2.67006
3.41951
2.87184
2.67737
2.66936
3.22398
2.67189
2.67723
2.79925
3.39846
2.6857
3.42163
2.67469
2.6901
3.37612
2.67835
2.67765
2.88073
3.44589
3.43299
3.12559
3.41457
2.65904
2.85009
2.86638
2.87491
3.398
3.15647
3.4507
3.14085
3.40311
3.40544
3.38921
2.68542
3.13988
3.41105
3.4247
2.80509
3.11927
2.79344
3.3973
2.86109
2.67161
2.80848
2.67189
3.39684
2.69237
3.43299
2.65238
2.86943
2.80386
3.23058
2.88756
3.23244
2.6901
3.39545
3.41598
3.42186
3.4141
2.67962
2.79818
2.69109
3.43181
3.2472
2.70108
2.69067
2.67413
3.40638
3.38299
3.42848
2.66363
3.42588
3.12367
2.7825
2.85821
3.22872
3.22439
2.85694
2.83855
2.68967
2.69422
2.77509
2.80817
2.67287
3.13253
3.41856
2.82445
2.7071
3.13041
3.12636
2.68712
3.4188
3.13543
3.18662
3.41739
2.79283
3.40102
2.77841
2.69565
2.79085
3.13137
2.84407
2.88431
2.80232
2.78219
2.79512
3.42967
2.66015
3.13949
3.41739
2.67849
2.77962
2.81048
3.42375
2.6768
3.38047
3.14611
3.41739
3.40218
2.67231
2.68768
3.23928
2.69067
2.79558
2.85757
2.69865
2.69052
2.65779
3.42754
2.79696
2.67357
3.42801
3.41809
3.40661
3.44421
3.40334
2.68939
3.14669
2.68953
3.40591
3.43014
3.41786
2.87814
2.80171
2.87184
2.69565
2.69123
2.67878
3.14494
3.21598
3.40941
2.85725
3.11488
2.67765
2.70409
3.39753
3.24825
3.14377
3.39336
2.77043
2.68061
2.80171
2.6452
2.78462
3.41199
3.24157
3.14533
2.79344
3.41246
2.67498
2.79161
3.21967
2.8571
2.68443
2.68598
2.77374
3.24094
2.88236
3.42541
2.8762
2.79665
2.68287
2.81033
3.40614
2.68301
2.67245
3.12483
2.86782
3.38253
2.79772
3.44062
3.40661
2.88041
3.40988
2.70251
2.69465
2.79009
3.24929
2.88658
3.24637
3.40731
3.39059
2.83572
3.24762
2.89131
3.23741
2.77524
2.67498
3.42754
2.7831
2.69636
2.65751
3.14747
2.84962
2.78174
3.12983
3.1231
3.17226
3.42754
3.15431
2.78796
3.42517
2.69081
2.65501
3.22686
2.65473
3.41011
2.68542
3.38967
2.67793
3.40451
2.69565
2.65487
2.69622
2.684
3.43395
3.12233
3.17048
2.77721
2.68825
2.67892
3.13176
3.40521
3.26064
2.80417
2.86686
3.23347
3.42801
2.87604
2.85455
3.37886
2.67976
3.23637
2.67371
3.41129
2.86493
3.25265
2.66978
2.65362
3.16198
3.43585
2.89786
3.39522
2.66112
2.7766
3.4188
3.43585
3.13639
2.69993
3.42659
3.4148
2.66405
3.22851
2.85502
2.6768
2.68188
3.17365
3.13872
2.7907
3.41175
3.44325
2.79421
2.88009
2.67948
2.68485
3.24386
2.67512
2.79834
3.1362
3.4148
3.21823
3.44325
2.86782
2.86429
2.86221
2.66043
3.26571
2.88838
2.65515
2.77223
3.43657
3.43657
2.77314
2.67948
3.13195
3.14299
2.66085
3.40381
3.24074
3.13156
2.67484
3.4292
3.45142
3.12367
3.27165
2.68443
2.65446
2.66531
2.86493
2.87685
2.69879
3.41715
2.69152
3.40824
3.41809
2.79512
2.67652
3.36973
3.25013
2.66852
3.21926
2.86959
2.69024
2.66726
2.78098
2.70682
2.68005
3.39313
3.21987
3.24074
2.68939
3.40754
3.4188
2.68188
2.68188
2.80417
3.41363
2.79055
2.67357
2.69465
3.43704
2.68428
3.43014
3.1067
2.67765
3.16929
2.80017
3.42612
3.22562
3.18122
2.79941
3.42517
3.42825
3.2372
2.78371
2.66629
3.15922
2.80617
3.43157
3.40614
2.86349
3.14708
3.39916
3.13911
2.76878
2.77705
2.79131
3.12675
3.38184
2.78872
2.69494
3.39893
2.80263
2.6557
3.40918
3.22357
2.6628
2.69237
2.8905
2.87556
3.44086
2.67427
3.25874
2.80048
2.86157
3.3973
3.41269
2.67034
3.25013
3.42045
3.40708
2.77314
2.77887
3.23617
3.40638
2.70065
2.68754
3.39893
3.22789
3.39591
2.86927
3.42116
3.14416
3.12502
2.65515
2.66838
2.9084
3.43157
3.43919
3.12694
2.66615
2.66838
3.27123
3.41316
3.23741
3.2617
2.7875
3.43823
3.39175
2.85981
2.86173
3.25076
3.44206
2.6928
2.87701
3.43014
3.13156
2.81157
2.87184
2.87491
2.66545
2.7907
2.68485
3.44062
3.40638
3.27677
3.24157
3.11297
3.2447
2.87168
3.39962
3.46133
3.45118
3.40009
3.4148
3.24407
3.14319
3.43157
3.37909
3.438
2.67048
3.26741
2.80017
2.68315
2.68146
3.12291
3.39777
2.67343
3.42588
2.78918
3.44877
3.41386
2.79879
3.40871
3.43847
2.68471
2.86525
2.67118
2.69223
3.12598
3.13272
2.6582
3.40055
2.7872
3.27165
3.42068
2.66419
2.86846
2.68528
3.15314
3.41903
3.42257
3.41621
2.87669
2.67864
2.86766
3.43442
3.11908
2.85821
3.43943
2.88138
3.14884
3.40824
3.44134
3.40708
2.79405
3.25917
3.24657
2.83903
2.7936
2.7875
2.86317
2.8733
2.69138
2.70466
2.67723
2.87798
2.84297
3.12733
3.14455
2.78462
3.42281
2.86413
2.69437
2.67723
2.69223
2.78614
2.80678
2.86702
3.43633
3.39151
3.24428
3.26106
3.23016
3.4221
2.87056
3.15628
3.42163
3.26191
2.80002
3.25517
3.17067
2.79283
3.39452
3.42234
3.40544
3.17405
2.87394
3.41363
3.40265
2.80555
2.67413
3.41927
3.2849
3.42352
2.84629
3.41457
3.27357
3.16316
2.66978
3.43609
2.69266
3.29092
2.68202
3.13369
3.24449
3.41363
3.39359
3.14299
3.25917
3.43109
3.40848
3.398
3.38851
3.42021
3.44062
3.14728
2.79788
3.4349
2.68358
2.66587
3.15647
3.23306
2.86461
2.87523
2.85502
2.77449
2.85041
2.67484
3.40801
2.67441
3.38483
2.70022
2.86702
2.76503
2.78811
2.67427
3.11984
2.66978
2.69394
3.40638
2.80324
2.78159
2.78447
2.67203
3.43299
2.6816
2.69038
3.39777
2.78386
2.68768
3.27677
3.38207
3.39383
2.86269
3.16533
2.66238
2.66559
2.67624
2.67878
3.24178
2.68925
2.68315
2.80063
2.70998
3.17048
3.23078
3.42375
3.12483
3.23492
3.22295
2.78994
3.4368
3.43514
3.1362
2.80155
3.42991
2.65529
2.85965
3.43847
3.42446
2.78553
3.41058
3.4221
2.85662
3.42257
2.69152
2.67596
3.15431
2.79711
2.79956
2.70022
3.2516
2.66629
3.16099
3.44038
2.89704
3.45769
2.67076
3.42163
3.40451
3.40102
2.66559
3.42825
3.43609
2.68457
3.40684
3.25601
3.20498
3.42801
3.43371
3.10765
2.87104
3.41246
2.66517
2.70581
2.8111
3.12886
2.86959
3.39313
2.87539
2.86943
2.66461
3.26106
2.79573
2.66587
2.6823
3.41762
3.41903
3.37703
3.40708
3.41974
3.40614
2.7907
2.68825
3.13814
2.86959
2.67231
2.6688
2.6799
2.66908
3.41527
2.66363
3.23202
3.24741
2.77088
3.15255
2.68414
2.81327
3.15588
2.85518
3.40895
3.15863
3.26529
2.81141
2.87088
3.41011
2.68005
2.87701
3.16612
3.41386
3.24804
2.86413
3.44637
3.41339
3.4188
3.15059
2.87653
3.23949
2.65987
3.42092
3.38736
2.67413
3.24428
2.86541
3.25013
3.40381
3.13504
3.21967
3.25181
2.67878
3.14008
3.24053
2.86863
2.66029
2.67723
2.67892
3.43514
3.23389
2.67441
2.69508
3.40965
2.87653
2.84218
3.26233
2.76758
3.24199
3.42517
3.22707
2.89376
2.78902
3.43418
3.40381
2.66908
3.12425
3.40568
3.23326
3.4148
3.39013
2.89001
3.27378
2.67231
2.69508
2.86638
2.8783
3.13736
3.14241
2.79849
3.41856
2.68641
2.65335
3.10178
2.67469
3.43371
3.39383
2.68358
2.69095
3.39128
3.40591
2.85582
2.83682
3.12752
3.42375
3.44685
3.25769
2.87636
2.66294
2.88854
2.78068
2.87556
2.86863
3.25727
3.42304
3.13098
2.65501
3.39869
3.43752
3.15529
2.85885
2.66643
2.67413
2.88756
3.39568
2.65681
2.86013
3.16691
2.87136
3.15001
3.42564
3.23451
3.3973
3.26149
2.76878
2.78053
2.66754
3.16731
3.42541
2.68797
2.81543
3.43133
2.68414
3.12291
2.8809
3.20986
2.86975
2.8861
3.41035
3.24887
3.40871
2.69608
3.38828
3.1254
3.38575
2.68273
2.88009
2.6874
2.87249
2.65155
2.77464
3.22295
3.3899
3.40334
3.12272
3.37909
3.21026
3.41293
2.8874
2.79956
2.86991
3.40055
2.88447
2.78129
3.22934
3.25244
3.42588
2.86879
3.43038
2.83824
3.25601
3.44134
3.1502
3.13639
3.1279
2.7872
2.86317
2.65515
3.2472
3.12042
3.39707
3.42446
3.41058
2.66643
2.86237
2.79039
3.44397
2.87104
3.39082
3.24595
3.1465
2.78401
2.66447
3.42825
3.16652
2.85821
2.76085
2.67133
2.67034
3.4368
3.15373
2.66643
2.80248
2.77013
2.68669
3.37955
2.78963
2.66978
3.15236
3.39013
3.14786
2.67371
3.14047
3.43323
2.66573
3.42446
2.86029
3.1502
2.68528
2.67793
3.42281
3.43181
3.41715
2.67666
2.88675
2.67878
3.40708
3.41551
2.6761
3.15647
2.67217
2.88805
2.78902
3.39452
3.23554
3.41339
2.86461
2.68033
2.86927
2.87023
3.40965
2.66503
3.438
3.41199
2.67385
3.43086
3.39869
3.16356
2.68245
3.13118
2.68499
2.66629
3.19748
3.15138
3.39244
2.8936
3.26212
3.16573
2.80509
3.23078
2.89475
2.67568
2.68627
3.25328
2.88984
2.72024
3.40638
3.42068
3.26529
2.78325
2.69465
2.68655
3.39151
2.79987
2.66712
3.16021
3.43418
3.42943
2.68245
2.87976
2.87023
2.85662
2.85423
3.14572
3.22213
2.76608
3.42801
3.43109
2.86622
2.68612
3.29199
2.67315
2.84803
3.43967
3.12233
3.39267
3.40731
3.40498
3.39591
3.40871
2.68712
2.78462
3.37795
3.16395
3.36451
3.41645
3.40895
2.85869
2.88447
3.27165
3.45383
2.78948
3.41668
2.791
3.14241
2.6918
3.39869
2.68981
3.13736
3.45022
3.15706
3.14806
2.69422
3.14008
3.22316
3.26043
2.78644
2.66643
3.40404
3.43371
2.80463
3.40311
3.40871
3.23368
3.24074
3.41551
3.44397
2.80386
2.68528
3.39962
3.42801
3.37726
2.67469
2.69138
2.79192
3.13562
2.66782
3.11812
3.43014
2.69722
2.67709
2.66601
3.43109
3.41927
3.13794
3.42116
3.40288
3.41457
3.40404
3.39267
2.88772
3.43109
3.15706
3.15981
3.2283
2.86879
3.13969
3.14591
2.68216
3.23368
2.78538
2.79314
3.40125
3.43014
2.68358
2.77811
2.79512
3.39429
2.90823
3.39661
3.41974
2.69109
2.79299
2.69351
3.1426
2.88984
3.12771
2.86205
3.40684
2.88805
3.38967
3.4349
3.23658
2.85949
3.25917
2.85981
3.14047
2.86189
2.69123
3.41105
2.85216
3.38207
2.70739
3.40102
2.6695
2.67976
3.40474
3.13717
2.70251
2.82227
2.6589
3.25013
3.14747
2.80524
2.68896
2.87297
2.67203
2.80309
3.15981
2.68103
3.39036
3.42375
2.68259
2.69636
3.22521
3.13311
3.42021
2.80171
2.67203
2.89001
2.87539
3.14144
2.86221
3.44206
2.67695
3.14221
3.1502
2.66489
3.16612
2.67624
2.70538
2.67245
2.8675
3.15275
3.45166
3.40311
3.41246
3.26022
2.68315
3.40941
2.82367
2.68882
3.44493
3.14903
key space reduction: -0
prob, dist: 
2.67894 24.2676
2.82925 24.9512
3.19252 23.0957
3.4156 27.6855
==============================================
Overall: 
The following is the probability distribution: 
Key reduction: -6.83007
85.946: 0.0836864
86.096: 0.0860438
86.209: 0.502118
86.359: 0.516263
86.459: 0.0796452
86.531: 0.418432
86.681: 0.430219
86.682: 0.0954732
86.722: 0.477871
86.794: 1.50636
86.944: 1.54879
86.945: 0.572839
86.946: 0.502118
87.044: 0.398226
87.096: 0.516263
87.116: 0.690413
87.266: 0.709861
87.267: 0.477366
87.307: 1.43361
87.379: 1.12977
87.459: 0.477871
87.529: 1.16159
87.53: 1.71852
87.531: 1.67373
87.629: 0.657073
87.681: 1.72088
87.682: 0.572839
87.7: 0.418432
87.794: 0.502118
87.851: 0.430219
87.852: 0.787654
87.892: 1.07521
87.944: 0.516263
87.964: 0.251059
88.044: 1.5929
88.114: 0.258131
88.115: 1.28889
88.116: 1.63189
88.214: 0.398226
88.266: 1.67785
88.267: 1.90946
88.285: 0.0836864
88.307: 0.477871
88.379: 0.502118
88.436: 0.0860438
88.437: 0.477366
88.477: 0.238936
88.529: 0.516263
88.53: 0.572839
88.531: 0.502118
88.629: 1.55308
88.681: 0.516263
88.7: 0.914068
88.752: 0.0848384
88.799: 0.0796452
88.851: 0.645328
88.852: 1.86173
88.892: 0.477871
88.902: 0.0872283
88.964: 0.12553
89.015: 0.509031
89.022: 0.0954732
89.044: 0.477871
89.114: 0.129066
89.115: 0.572839
89.116: 0.585805
89.165: 0.52337
89.214: 0.597339
89.265: 0.0807416
89.266: 0.602306
89.267: 0.572839
89.285: 0.0836864
89.337: 0.424192
89.436: 0.0860438
89.437: 0.716049
89.477: 0.119468
89.487: 0.436141
89.489: 0.0967875
89.528: 0.48445
89.6: 1.52709
89.629: 0.557517
89.7: 0.352426
89.75: 1.57011
89.752: 1.08976
89.799: 0.0796452
89.85: 0.403708
89.851: 0.215109
89.852: 0.668313
89.902: 0.52337
89.922: 0.699917
90.022: 0.0954732
90.072: 0.719633
90.073: 0.483938
90.113: 1.45335
90.185: 1.14532
90.214: 0.199113
90.265: 0.48445
90.285: 0.0209216
90.335: 1.17758
90.337: 3.43894
90.435: 0.666118
90.436: 0.0215109
90.437: 0.238683
90.487: 1.74457
90.489: 0.580725
90.507: 0.424192
90.6: 0.509031
90.657: 0.436141
90.658: 0.798497
90.698: 1.09001
90.75: 0.52337
90.77: 0.254515
90.799: 0.0199113
90.85: 1.61483
90.92: 0.261685
90.921: 1.30663
90.922: 1.65435
91.02: 0.403708
91.022: 0.0238683
91.072: 1.70095
91.073: 1.93575
91.092: 0.0848384
91.113: 0.48445
91.185: 0.509031
91.242: 0.0872283
91.243: 0.483938
91.283: 0.242225
91.335: 0.52337
91.337: 1.08976
91.435: 1.57446
91.487: 0.52337
91.506: 0.290363
91.507: 0.636288
91.605: 0.0807416
91.657: 0.654212
91.658: 1.88736
91.698: 0.48445
91.77: 0.127258
91.828: 0.0967875
91.85: 0.48445
91.92: 0.130842
91.921: 0.580725
91.922: 0.593869
92.02: 0.605562
92.072: 0.610598
92.073: 0.580725
92.092: 0.0848384
92.242: 0.0872283
92.243: 0.725906
92.283: 0.121112
92.435: 0.565191
92.506: 0.145181
92.507: 0.212096
92.605: 0.0807416
92.657: 0.218071
92.658: 0.677513
92.828: 0.0967875
93.02: 0.201854
93.092: 0.0212096
93.242: 0.0218071
93.243: 0.241969
93.605: 0.0201854
93.828: 0.0241969
==============================================
