original prob: 208.66
probability if we exclude those that are not involved in any constraints: 208.66
00,20,00,00, 00,82,00,00, 00,00,00,00, 00,00,00,00, 00,00,00,00,
01,00,00,00, 20,00,00,00, 20,00,00,00, 00,20,00,00, 00,00,00,00,
00,00,00,01, 00,00,00,20, 00,00,00,20, 00,20,00,00, 00,00,00,00,
00,00,01,00, 00,00,20,00, 00,00,20,00, 00,20,00,00, 00,20,00,00,

00,00,00,00, 00,01,00,00, 00,01,00,00, 00,01,00,00, 00,01,00,00,
00,00,00,00, 01,00,00,00, 01,00,00,00, 00,01,00,00, 00,01,00,00,
00,00,00,00, 00,00,00,01, 00,00,00,01, 00,01,00,00, 00,01,00,00,
00,00,00,00, 00,00,01,00, 00,00,01,00, 00,01,00,00, 00,01,00,00,

-------------------------------------------------------
00,00,00,00, 00,00,00,00, 00,00,00,00, 00,00,00,00, 90,00,00,00,
00,00,00,00, 00,00,00,00, 00,00,00,00, 00,00,00,00, 00,00,00,00,
00,00,00,00, 00,00,00,00, 00,00,00,00, 00,00,00,00, 00,00,00,00,
00,20,00,00, 00,90,00,00, 00,90,00,00, 90,00,00,00, 00,00,00,00,

00,01,00,00, 00,01,00,00, 00,01,00,00, 00,01,00,00, 00,00,00,00,
00,01,00,00, 00,01,00,00, 00,01,00,00, 00,00,01,00, 00,01,00,00,
00,01,00,00, 00,01,00,00, 00,01,00,00, 00,00,00,01, 00,00,00,00,
00,01,00,00, 00,01,00,00, 00,01,00,00, 01,00,00,00, 00,00,00,00,

-------------------------------------------------------
90,00,00,00, 03,00,00,00, 00,00,00,00, 00,00,00,00, 00,00,00,00,
00,00,00,00, 00,00,00,00, 00,00,00,00, 00,00,00,00, 00,00,00,00,
00,00,00,00, 00,00,00,00, 00,00,00,00, 00,00,00,00, 00,00,00,00,
00,00,00,00, 00,00,00,00, 00,00,00,00, 00,00,00,00, 00,00,00,00,

00,00,00,00, 01,00,00,00, 01,00,00,00, 01,00,00,00, 00,00,00,00,
00,01,00,00, 00,01,00,00, 00,01,00,00, 00,00,01,00, 01,00,00,00,
00,00,00,00, 00,00,00,00, 00,00,00,00, 00,00,00,00, 00,00,00,00,
00,00,00,00, 00,00,00,00, 00,00,00,00, 00,00,00,00, 00,00,00,00,

-------------------------------------------------------
00,00,00,00, 00,00,00,00, 00,00,00,00, 00,00,00,00, 00,00,00,00,
00,00,00,00, 00,00,00,00, 00,00,00,00, 00,00,00,00, 00,00,00,00,
00,00,00,00, 00,00,00,00, 00,00,00,00, 00,00,00,00, 00,00,00,00,
00,00,00,00, 00,00,00,00, 00,00,00,00, 00,00,00,00, 00,00,00,00,

00,00,00,00, 00,00,00,00, 00,00,00,00, 00,00,00,00, 00,00,00,00,
01,00,00,00, 01,00,00,00, 01,00,00,00, 00,01,00,00, 00,00,00,00,
00,00,00,00, 00,00,00,00, 00,00,00,00, 00,00,00,00, 00,00,00,00,
00,00,00,00, 00,00,00,00, 00,00,00,00, 00,00,00,00, 00,00,00,00,

-------------------------------------------------------
00,00,00,00, 00,00,00,00, 00,00,00,00, 00,00,00,00, 00,00,00,00,
00,00,00,00, 00,00,00,00, 00,00,00,00, 00,00,00,00, 00,00,00,00,
00,00,00,00, 00,00,00,00, 00,00,00,00, 00,00,00,00, 00,00,00,00,
00,00,00,00, 00,00,00,00, 00,00,00,00, 00,00,00,00, 00,00,00,00,

00,00,00,00, 00,00,00,00, 00,00,00,00, 00,00,00,00, 00,00,00,00,
00,00,00,00, 00,00,00,00, 00,00,00,00, 00,00,00,00, 00,00,00,00,
00,00,00,00, 00,00,00,00, 00,00,00,00, 00,00,00,00, 00,00,00,00,
00,00,00,00, 00,00,00,00, 00,00,00,00, 00,00,00,00, 00,00,00,00,

-------------------------------------------------------
00,00,00,00, 00,00,00,00, 00,00,00,00, 00,00,00,00, 00,00,00,00,
00,00,00,00, 00,00,00,00, 00,00,00,00, 00,00,00,00, 00,00,00,00,
00,00,00,00, 00,00,00,00, 00,00,00,00, 00,00,00,00, 00,00,00,00,
00,00,00,00, 00,00,00,00, 00,00,00,00, 00,00,00,00, 00,00,00,00,

00,00,00,00, 00,00,00,00, 00,00,00,00, 00,00,00,00, 00,00,00,00,
00,00,00,00, 00,00,00,00, 00,00,00,00, 00,00,00,00, 00,00,00,00,
00,00,00,00, 00,00,00,00, 00,00,00,00, 00,00,00,00, 00,00,00,00,
00,00,00,00, 00,00,00,00, 00,00,00,00, 00,00,00,00, 00,00,00,00,

-------------------------------------------------------
00,00,00,00, 00,00,00,00, 00,00,00,00, 00,00,00,00, 00,00,00,00,
00,00,00,00, 00,00,00,00, 06,00,00,00, 00,06,00,00, 00,00,00,00,
00,00,00,00, 00,00,00,00, 00,00,00,00, 00,00,00,00, 00,06,00,00,
00,00,00,00, 00,00,00,00, 00,00,00,00, 00,00,00,00, 00,00,00,00,

00,00,00,00, 00,00,00,00, 00,00,00,00, 00,00,00,00, 00,00,00,00,
00,00,00,00, 00,00,00,00, 00,00,00,00, 00,00,00,00, 00,00,00,00,
00,00,00,00, 00,00,00,00, 00,00,00,00, 00,00,00,00, 00,00,00,00,
00,00,00,00, 00,00,00,00, 00,00,00,00, 00,00,00,00, 00,00,00,00,

-------------------------------------------------------
00,00,00,00, 00,00,00,00, 00,00,00,00, 00,00,00,00, 00,00,00,08,
00,00,00,00, 00,00,00,00, 00,00,00,00, 00,00,00,00, 00,00,00,00,
00,06,00,00, 00,08,00,00, 00,08,00,00, 00,00,00,08, 00,00,00,08,
00,00,00,00, 00,00,00,00, 00,00,00,00, 00,00,00,00, 00,00,00,08,

00,00,00,00, 00,00,00,00, 00,00,00,00, 00,00,00,00, 00,00,00,00,
00,00,00,00, 00,00,00,00, 00,00,00,00, 00,00,00,00, 00,00,00,00,
00,00,00,00, 00,01,00,00, 00,01,00,00, 00,00,00,01, 00,00,00,00,
00,00,00,00, 00,00,00,00, 00,00,00,00, 00,00,00,00, 00,00,00,00,

-------------------------------------------------------
00,00,00,08, 00,00,00,39, 00,00,00,39, 00,00,00,39, 00,a8,10,39,
00,00,00,00, 00,00,00,00, 00,00,0a,00, 00,00,00,0a, 00,00,00,39,
00,00,00,08, 00,00,00,a8, 00,00,00,a8, 00,a8,00,00, 00,a8,00,0a,
00,00,00,08, 00,00,00,10, 00,00,00,10, 00,00,10,00, 00,a8,00,39,

00,00,00,00, 00,00,00,01, 00,00,00,01, 00,00,00,01, 00,00,00,00,
00,00,00,00, 00,00,00,00, 00,00,00,00, 00,00,00,00, 00,00,00,01,
00,00,00,00, 00,00,00,01, 00,00,00,01, 00,01,00,00, 00,00,00,00,
00,00,00,00, 00,00,00,01, 00,00,00,01, 00,00,01,00, 00,00,00,00,

-------------------------------------------------------
00,a8,10,39, 00,f9,d0,70, 00,f9,d0,70, 00,f9,d0,70, d0,c4,00,b0,
00,00,00,39, 00,00,00,c2, 00,00,00,c2, c2,00,00,00, 00,f9,d0,70,
00,a8,00,0a, 00,c0,00,3d, 00,c0,00,3d, 00,3d,00,c0, c2,3d,00,c0,
00,a8,00,39, 00,d0,00,d0, 00,d0,00,d0, d0,00,d0,00, 00,c4,d0,b0,

00,00,00,00, 00,01,01,01, 00,01,01,01, 00,01,01,01, 00,00,00,00,
00,00,00,01, 00,00,00,01, 00,00,00,01, 01,00,00,00, 00,01,01,01,
00,00,00,00, 00,01,00,01, 00,01,00,01, 00,01,00,01, 00,00,00,00,
00,00,00,00, 00,01,00,01, 00,01,00,01, 01,00,01,00, 00,01,00,01,

-------------------------------------------------------
d0,c4,00,b0, 07,02,00,d3, 07,02,00,d3, 07,02,00,d3, 05,c1,dc,05,
00,f9,d0,70, 00,fe,04,84, 00,ec,04,84, 84,00,ec,04, 07,02,00,d3,
c2,3d,00,c0, 5c,d6,00,04, 5c,d6,00,04, 00,04,5c,d6, 84,04,b0,d2,
00,c4,d0,b0, 00,02,c7,80, 00,02,c7,80, 02,c7,80,00, 07,06,5c,05,

00,00,00,00, 01,01,00,01, 01,01,00,01, 01,01,00,01, 00,01,00,00,
00,01,01,01, 00,01,01,01, 00,01,01,01, 01,00,01,01, 01,01,00,01,
00,00,00,00, 01,01,00,01, 01,01,00,01, 00,01,01,01, 00,00,01,01,
00,01,00,01, 00,01,01,01, 00,01,01,01, 01,01,01,00, 00,01,00,01,

-------------------------------------------------------
05,c1,dc,05, 21,2f,12,01, 21,2f,12,01, 21,2f,12,01, 90,3b,15,08,
07,02,00,d3, 08,08,00,23, 08,08,00,23, 23,08,08,00, 21,2f,12,01,
84,04,b0,d2, 06,01,90,0c, 06,01,90,0c, 90,0c,06,01, b3,04,0e,01,
07,06,5c,05, 08,21,18,01, 08,21,18,01, 21,18,01,08, b1,23,14,00,

00,01,00,00, 01,01,01,01, 01,01,01,01, 01,01,01,01, 01,01,01,01,
01,01,00,01, 01,01,00,01, 01,01,00,01, 01,01,01,00, 01,01,01,01,
00,00,01,01, 01,01,01,01, 01,01,01,01, 01,01,01,01, 01,01,01,00,
00,01,00,01, 01,01,01,01, 01,01,01,01, 01,01,01,01, 01,01,01,01,

-------------------------------------------------------
90,3b,15,08, 02,60,61,a0, 02,60,61,82, 02,60,61,82, b3,16,c7,23,
21,2f,12,01, 20,85,c9,b0, 20,85,c9,b0, b0,20,85,c9, 02,60,61,82,
b3,04,0e,01, a6,01,11,20, a6,01,11,20, 11,20,a6,01, a1,00,23,c8,
b1,23,14,00, a0,a0,56,00, a0,a0,56,00, a0,56,00,a0, 13,40,c7,83,

01,01,01,01, 01,01,01,01, 01,01,01,01, 01,01,01,01, 01,01,01,01,
01,01,01,01, 01,01,01,01, 01,01,01,01, 01,01,01,01, 01,01,01,01,
01,01,01,00, 01,01,01,01, 01,01,01,01, 01,01,01,01, 01,01,01,01,
01,01,01,01, 01,01,01,01, 01,01,01,01, 01,01,01,01, 01,01,01,01,

-------------------------------------------------------
The constraints are (in the form of (round, position, input_diff, output_diff)
The number infront of each constraint corresponds to the grouping that each constraint falls under.
Each group is treated as independent in this computation
Some constraints may have more than one group identity. These groups have to be considered together
3 (0,1,20,82) (0,b,1,20) (1,d,20,90) linear
1 (8,3,8,39) (9,7,39,c2) linear
8 (9,1,a8,f9) (a,5,f9,fe) linear
c (9,2,10,d0) (a,6,d0,4) linear
f (9,3,39,70) (a,7,70,84) linear
8 (9,1,a8,f9) (9,b,a,3d) (a,d,c4,2) linear
f (9,3,39,70) (9,9,a8,c0) (a,f,b0,80) linear
0 (a,1,c4,2) (a,b,c0,4) (a,e,d0,c7) (b,1,c1,2f) linear
2 (a,0,d0,7) (b,4,7,8) linear
0 (a,1,c4,2) (b,5,2,8) linear
7 (a,3,b0,d3) (b,7,d3,23) linear
3 (a,5,f9,fe) (a,8,c2,5c) (b,a,b0,90) linear
5 (a,6,d0,4) (a,9,3d,d6) (b,b,d2,c) linear
0 (a,1,c4,2) (a,b,c0,4) (b,d,6,21) linear
7 (a,3,b0,d3) (a,9,3d,d6) (b,f,5,1) linear
8 (b,0,5,21) (b,a,b0,90) (b,d,6,21) (c,0,90,2) linear
9 (b,1,c1,2f) (b,b,d2,c) (b,e,5c,18) (c,1,3b,60) linear
a (b,2,dc,12) (b,8,84,6) (b,f,5,1) (c,2,15,61) linear
b (b,3,5,1) (b,9,4,1) (b,c,7,8) (c,3,8,a0) linear
8 (b,0,5,21) (c,4,21,20) linear
9 (b,1,c1,2f) (c,5,2f,85) linear
a (b,2,dc,12) (c,6,12,c9) linear
b (b,3,5,1) (c,7,1,b0) linear
f (b,7,d3,23) (b,a,b0,90) (c,8,b3,a6) linear
c (b,4,7,8) (b,b,d2,c) (c,9,4,1) linear
d (b,5,2,8) (b,8,84,6) (c,a,e,11) linear
8 (b,0,5,21) (b,a,b0,90) (c,c,b1,a0) linear
9 (b,1,c1,2f) (b,b,d2,c) (c,d,23,a0) linear
a (b,2,dc,12) (b,8,84,6) (c,e,14,56) linear
(9,b,a,3d) (a,d,c4,2) (a,5,f9,fe)  higher-order linear
(9,9,a8,c0) (a,f,b0,80) (a,7,70,84)  higher-order linear
1 2 (a,d,c4,2) (a,7,70,84) (a,0,d0,7) (b,8,84,6) (b,0,5,21)  higher-order linear
(a,d,c4,2) (b,c,7,8) (b,0,5,21)  higher-order linear
1 2 (a,7,70,84) (a,0,d0,7) (b,c,7,8) (b,8,84,6)  higher-order linear
2 (a,d,c4,2) (a,0,d0,7) (b,c,7,8) (b,4,7,8) (b,0,5,21)  higher-order linear
1 (a,7,70,84) (b,c,7,8) (b,8,84,6) (b,4,7,8)  higher-order linear
(a,e,d0,c7) (a,b,c0,4) (b,5,2,8) (b,1,c1,2f)  higher-order linear
(a,e,d0,c7) (b,d,6,21) (b,1,c1,2f)  higher-order linear
(a,b,c0,4) (b,d,6,21) (b,5,2,8)  higher-order linear
0 (a,e,d0,c7) (a,1,c4,2) (b,d,6,21) (b,5,2,8) (b,1,c1,2f)  higher-order linear
(a,f,b0,80) (b,e,5c,18) (b,2,dc,12)  higher-order linear
3 (a,f,b0,80) (a,8,c2,5c) (a,5,f9,fe) (b,e,5c,18) (b,a,b0,90) (b,2,dc,12)  higher-order linear
5 7 (a,9,3d,d6) (a,6,d0,4) (a,3,b0,d3) (b,b,d2,c) (b,7,d3,23)  higher-order linear
(a,9,3d,d6) (b,f,5,1) (b,7,d3,23)  higher-order linear
5 7 (a,6,d0,4) (a,3,b0,d3) (b,f,5,1) (b,b,d2,c)  higher-order linear
5 (a,6,d0,4) (b,f,5,1) (b,b,d2,c) (b,7,d3,23)  higher-order linear
(b,d,6,21) (b,a,b0,90) (c,4,21,20) (c,0,90,2)  higher-order linear
f 8 (b,d,6,21) (b,7,d3,23) (b,0,5,21) (c,8,b3,a6) (c,0,90,2)  higher-order linear
(b,d,6,21) (c,c,b1,a0) (c,0,90,2)  higher-order linear
f 8 (b,a,b0,90) (b,7,d3,23) (b,0,5,21) (c,8,b3,a6) (c,4,21,20)  higher-order linear
(b,a,b0,90) (c,c,b1,a0) (c,4,21,20)  higher-order linear
f 8 (b,7,d3,23) (b,0,5,21) (c,c,b1,a0) (c,8,b3,a6)  higher-order linear
f (b,d,6,21) (b,a,b0,90) (b,7,d3,23) (c,8,b3,a6) (c,4,21,20) (c,0,90,2)  higher-order linear
8 (b,d,6,21) (b,0,5,21) (c,c,b1,a0) (c,4,21,20) (c,0,90,2)  higher-order linear
f (b,d,6,21) (b,a,b0,90) (b,7,d3,23) (c,c,b1,a0) (c,8,b3,a6) (c,0,90,2)  higher-order linear
f (b,7,d3,23) (c,c,b1,a0) (c,8,b3,a6) (c,4,21,20)  higher-order linear
f 8 (b,d,6,21) (b,a,b0,90) (b,7,d3,23) (b,0,5,21) (c,c,b1,a0) (c,8,b3,a6) (c,4,21,20) (c,0,90,2)  higher-order linear
(b,e,5c,18) (b,b,d2,c) (c,5,2f,85) (c,1,3b,60)  higher-order linear
c 9 (b,e,5c,18) (b,4,7,8) (b,1,c1,2f) (c,9,4,1) (c,1,3b,60)  higher-order linear
(b,e,5c,18) (c,d,23,a0) (c,1,3b,60)  higher-order linear
c 9 (b,b,d2,c) (b,4,7,8) (b,1,c1,2f) (c,9,4,1) (c,5,2f,85)  higher-order linear
(b,b,d2,c) (c,d,23,a0) (c,5,2f,85)  higher-order linear
c 9 (b,4,7,8) (b,1,c1,2f) (c,d,23,a0) (c,9,4,1)  higher-order linear
c (b,e,5c,18) (b,b,d2,c) (b,4,7,8) (c,9,4,1) (c,5,2f,85) (c,1,3b,60)  higher-order linear
9 (b,e,5c,18) (b,1,c1,2f) (c,d,23,a0) (c,5,2f,85) (c,1,3b,60)  higher-order linear
c (b,e,5c,18) (b,b,d2,c) (b,4,7,8) (c,d,23,a0) (c,9,4,1) (c,1,3b,60)  higher-order linear
c (b,4,7,8) (c,d,23,a0) (c,9,4,1) (c,5,2f,85)  higher-order linear
c 9 (b,e,5c,18) (b,b,d2,c) (b,4,7,8) (b,1,c1,2f) (c,d,23,a0) (c,9,4,1) (c,5,2f,85) (c,1,3b,60)  higher-order linear
(b,f,5,1) (b,8,84,6) (c,6,12,c9) (c,2,15,61)  higher-order linear
d a (b,f,5,1) (b,5,2,8) (b,2,dc,12) (c,a,e,11) (c,2,15,61)  higher-order linear
(b,f,5,1) (c,e,14,56) (c,2,15,61)  higher-order linear
d a (b,8,84,6) (b,5,2,8) (b,2,dc,12) (c,a,e,11) (c,6,12,c9)  higher-order linear
(b,8,84,6) (c,e,14,56) (c,6,12,c9)  higher-order linear
d a (b,5,2,8) (b,2,dc,12) (c,e,14,56) (c,a,e,11)  higher-order linear
d (b,f,5,1) (b,8,84,6) (b,5,2,8) (c,a,e,11) (c,6,12,c9) (c,2,15,61)  higher-order linear
a (b,f,5,1) (b,2,dc,12) (c,e,14,56) (c,6,12,c9) (c,2,15,61)  higher-order linear
d (b,f,5,1) (b,8,84,6) (b,5,2,8) (c,e,14,56) (c,a,e,11) (c,2,15,61)  higher-order linear
d (b,5,2,8) (c,e,14,56) (c,a,e,11) (c,6,12,c9)  higher-order linear
d a (b,f,5,1) (b,8,84,6) (b,5,2,8) (b,2,dc,12) (c,e,14,56) (c,a,e,11) (c,6,12,c9) (c,2,15,61)  higher-order linear
(b,c,7,8) (b,9,4,1) (c,7,1,b0) (c,3,8,a0)  higher-order linear


This characteristic is not possible due to the following constraint.
(a,d,c4,2) (b,c,7,8) (b,0,5,21) 
