original prob: 197.245
probability if we exclude those that are not involved in any constraints: 197.245
80,00,00,00, 02,00,00,00, 02,00,00,00, 02,00,00,00, 00,11,00,00,
00,80,80,80, 00,02,02,02, 00,02,02,02, 02,00,02,02, 02,00,00,00,
80,00,80,00, 02,00,02,00, 02,00,02,00, 02,00,02,00, 00,00,00,02,
00,00,0c,80, 00,00,11,02, 00,00,11,02, 00,11,02,00, 00,00,02,00,

00,00,00,00, 01,00,00,00, 01,00,00,00, 01,00,00,00, 00,00,00,00,
00,00,00,00, 00,01,01,01, 00,01,01,01, 01,00,01,01, 01,00,00,00,
00,00,00,00, 01,00,01,00, 01,00,01,00, 01,00,01,00, 01,00,01,00,
00,00,00,00, 00,00,01,01, 00,00,01,01, 00,01,01,00, 01,00,00,00,

-------------------------------------------------------
00,11,00,00, 00,60,00,00, 00,00,00,00, 00,00,00,00, 00,00,00,00,
02,00,00,00, 08,00,00,00, 08,00,00,00, 00,08,00,00, 00,00,00,00,
00,00,00,02, 00,00,00,08, 00,00,00,08, 00,08,00,00, 00,00,00,00,
00,00,02,00, 00,00,08,00, 00,00,08,00, 00,08,00,00, 00,08,00,00,

00,00,00,00, 00,01,00,00, 00,01,00,00, 00,01,00,00, 00,01,00,00,
01,00,00,00, 01,00,00,00, 01,00,00,00, 00,01,00,00, 00,01,00,00,
01,00,01,00, 01,00,01,01, 01,00,01,01, 01,01,01,00, 00,01,00,00,
01,00,00,00, 01,00,01,00, 01,00,01,00, 00,01,00,01, 00,01,00,00,

-------------------------------------------------------
00,00,00,00, 00,00,00,00, 00,00,00,00, 00,00,00,00, 10,00,00,00,
00,00,00,00, 00,00,00,00, 00,00,00,00, 00,00,00,00, 00,00,00,00,
00,00,00,00, 00,00,00,00, 00,00,00,00, 00,00,00,00, 00,00,00,00,
00,08,00,00, 00,10,00,00, 00,10,00,00, 10,00,00,00, 00,00,00,00,

00,01,00,00, 00,01,00,00, 00,01,00,00, 00,01,00,00, 00,00,00,00,
00,01,00,00, 00,01,00,00, 00,01,00,00, 00,00,01,00, 00,01,00,00,
00,01,00,00, 00,01,00,00, 00,01,00,00, 00,00,00,01, 00,00,00,00,
00,01,00,00, 00,01,00,00, 00,01,00,00, 01,00,00,00, 00,00,00,00,

-------------------------------------------------------
10,00,00,00, 40,00,00,00, 00,00,00,00, 00,00,00,00, 00,00,00,00,
00,00,00,00, 00,00,00,00, 00,00,00,00, 00,00,00,00, 00,00,00,00,
00,00,00,00, 00,00,00,00, 00,00,00,00, 00,00,00,00, 00,00,00,00,
00,00,00,00, 00,00,00,00, 00,00,00,00, 00,00,00,00, 00,00,00,00,

00,00,00,00, 01,00,00,00, 01,00,00,00, 01,00,00,00, 00,00,00,00,
00,01,00,00, 00,01,00,00, 00,01,00,00, 00,00,01,00, 01,00,00,00,
00,00,00,00, 00,00,00,00, 00,00,00,00, 00,00,00,00, 00,00,00,00,
00,00,00,00, 00,00,00,00, 00,00,00,00, 00,00,00,00, 00,00,00,00,

-------------------------------------------------------
00,00,00,00, 00,00,00,00, 00,00,00,00, 00,00,00,00, 00,00,00,00,
00,00,00,00, 00,00,00,00, 00,00,00,00, 00,00,00,00, 00,00,00,00,
00,00,00,00, 00,00,00,00, 00,00,00,00, 00,00,00,00, 00,00,00,00,
00,00,00,00, 00,00,00,00, 00,00,00,00, 00,00,00,00, 00,00,00,00,

00,00,00,00, 00,00,00,00, 00,00,00,00, 00,00,00,00, 00,00,00,00,
01,00,00,00, 01,00,00,00, 01,00,00,00, 00,01,00,00, 00,00,00,00,
00,00,00,00, 00,00,00,00, 00,00,00,00, 00,00,00,00, 00,00,00,00,
00,00,00,00, 00,00,00,00, 00,00,00,00, 00,00,00,00, 00,00,00,00,

-------------------------------------------------------
00,00,00,00, 00,00,00,00, 00,00,00,00, 00,00,00,00, 00,00,00,00,
00,00,00,00, 00,00,00,00, 00,00,00,00, 00,00,00,00, 00,00,00,00,
00,00,00,00, 00,00,00,00, 00,00,00,00, 00,00,00,00, 00,00,00,00,
00,00,00,00, 00,00,00,00, 00,00,00,00, 00,00,00,00, 00,00,00,00,

00,00,00,00, 00,00,00,00, 00,00,00,00, 00,00,00,00, 00,00,00,00,
00,00,00,00, 00,00,00,00, 00,00,00,00, 00,00,00,00, 00,00,00,00,
00,00,00,00, 00,00,00,00, 00,00,00,00, 00,00,00,00, 00,00,00,00,
00,00,00,00, 00,00,00,00, 00,00,00,00, 00,00,00,00, 00,00,00,00,

-------------------------------------------------------
00,00,00,00, 00,00,00,00, 00,00,00,00, 00,00,00,00, 00,00,00,00,
00,00,00,00, 00,00,00,00, 00,00,00,00, 00,00,00,00, 00,00,00,00,
00,00,00,00, 00,00,00,00, 00,00,00,00, 00,00,00,00, 00,00,00,00,
00,00,00,00, 00,00,00,00, 00,00,00,00, 00,00,00,00, 00,00,00,00,

00,00,00,00, 00,00,00,00, 00,00,00,00, 00,00,00,00, 00,00,00,00,
00,00,00,00, 00,00,00,00, 00,00,00,00, 00,00,00,00, 00,00,00,00,
00,00,00,00, 00,00,00,00, 00,00,00,00, 00,00,00,00, 00,00,00,00,
00,00,00,00, 00,00,00,00, 00,00,00,00, 00,00,00,00, 00,00,00,00,

-------------------------------------------------------
00,00,00,00, 00,00,00,00, 00,00,00,00, 00,00,00,00, 00,00,00,00,
00,00,00,00, 00,00,00,00, 00,00,00,00, 00,00,00,00, 00,00,00,00,
00,00,00,00, 00,00,00,00, 00,00,00,00, 00,00,00,00, 00,00,00,00,
00,00,00,00, 00,00,00,00, 00,00,00,00, 00,00,00,00, 00,00,00,00,

00,00,00,00, 00,00,00,00, 00,00,00,00, 00,00,00,00, 00,00,00,00,
00,00,00,00, 00,00,00,00, 00,00,00,00, 00,00,00,00, 00,00,00,00,
00,00,00,00, 00,00,00,00, 00,00,00,00, 00,00,00,00, 00,00,00,00,
00,00,00,00, 00,00,00,00, 00,00,00,00, 00,00,00,00, 00,00,00,00,

-------------------------------------------------------
00,00,00,00, 00,00,00,00, 00,00,00,00, 00,00,00,00, 00,00,00,00,
00,00,00,00, 00,00,00,00, 00,00,00,00, 00,00,00,00, 00,00,00,00,
00,00,00,00, 00,00,00,00, 00,00,00,00, 00,00,00,00, 00,00,00,00,
00,00,00,00, 00,00,00,00, 00,00,00,00, 00,00,00,00, 00,00,00,00,

00,00,00,00, 00,00,00,00, 00,00,00,00, 00,00,00,00, 00,00,00,00,
00,00,00,00, 00,00,00,00, 00,00,00,00, 00,00,00,00, 00,00,00,00,
00,00,00,00, 00,00,00,00, 00,00,00,00, 00,00,00,00, 00,00,00,00,
00,00,00,00, 00,00,00,00, 00,00,00,00, 00,00,00,00, 00,00,00,00,

-------------------------------------------------------
00,00,00,00, 00,00,00,00, 00,00,00,00, 00,00,00,00, 00,00,00,00,
00,00,00,00, 00,00,00,00, 00,00,40,00, 00,00,00,40, 00,00,00,00,
00,00,00,00, 00,00,00,00, 00,00,00,00, 00,00,00,00, 00,00,00,40,
00,00,00,00, 00,00,00,00, 00,00,00,00, 00,00,00,00, 00,00,00,00,

00,00,00,00, 00,00,00,00, 00,00,00,00, 00,00,00,00, 00,00,00,00,
00,00,00,00, 00,00,00,00, 00,00,00,00, 00,00,00,00, 00,00,00,00,
00,00,00,00, 00,00,00,00, 00,00,00,00, 00,00,00,00, 00,00,00,00,
00,00,00,00, 00,00,00,00, 00,00,00,00, 00,00,00,00, 00,00,00,00,

-------------------------------------------------------
00,00,00,00, 00,00,00,00, 00,00,00,00, 00,00,00,00, 00,04,00,00,
00,00,00,00, 00,00,00,00, 00,00,00,00, 00,00,00,00, 00,00,00,00,
00,00,00,40, 00,00,00,04, 00,00,00,04, 00,04,00,00, 00,04,00,00,
00,00,00,00, 00,00,00,00, 00,00,00,00, 00,00,00,00, 00,04,00,00,

00,00,00,00, 00,00,00,00, 00,00,00,00, 00,00,00,00, 00,00,00,00,
00,00,00,00, 00,00,00,00, 00,00,00,00, 00,00,00,00, 00,00,00,00,
00,00,00,00, 00,00,00,01, 00,00,00,01, 00,01,00,00, 00,00,00,00,
00,00,00,00, 00,00,00,00, 00,00,00,00, 00,00,00,00, 00,00,00,00,

-------------------------------------------------------
00,04,00,00, 00,01,00,00, 00,01,00,00, 00,01,00,00, 29,01,00,01,
00,00,00,00, 00,00,00,00, 00,60,00,00, 00,00,60,00, 00,01,00,00,
00,04,00,00, 00,01,00,00, 00,01,00,00, 00,00,00,01, 00,00,60,01,
00,04,00,00, 00,29,00,00, 00,29,00,00, 29,00,00,00, 00,01,00,01,

00,00,00,00, 00,01,00,00, 00,01,00,00, 00,01,00,00, 00,00,00,00,
00,00,00,00, 00,00,00,00, 00,00,00,00, 00,00,00,00, 00,01,00,00,
00,00,00,00, 00,01,00,00, 00,01,00,00, 00,00,00,01, 00,00,00,00,
00,00,00,00, 00,01,00,00, 00,01,00,00, 01,00,00,00, 00,00,00,00,

-------------------------------------------------------
29,01,00,01, 80,20,00,20, 80,20,00,20, 80,20,00,20, 24,90,20,20,
00,01,00,00, 00,20,00,00, 00,20,00,00, 00,00,20,00, 80,20,00,20,
00,00,60,01, 00,00,84,b0, 00,00,84,b0, 84,b0,00,00, 84,b0,20,00,
00,01,00,01, 00,20,00,20, 00,20,00,20, 20,00,20,00, 04,90,00,20,

00,00,00,00, 01,01,00,01, 01,01,00,01, 01,01,00,01, 01,00,00,00,
00,01,00,00, 00,01,00,00, 00,01,00,00, 00,00,01,00, 01,01,00,01,
00,00,00,00, 00,00,01,01, 00,00,01,01, 01,01,00,00, 00,00,00,00,
00,00,00,00, 00,01,00,01, 00,01,00,01, 01,00,01,00, 01,01,00,00,

-------------------------------------------------------
24,90,20,20, 85,02,80,92, 85,02,80,e3, 85,02,80,e3, 16,02,45,5b,
80,20,00,20, 02,80,00,92, 02,80,00,92, 92,02,80,00, 85,02,80,e3,
84,b0,20,00, 55,90,90,00, 55,90,90,00, 90,00,55,90, 02,02,d5,90,
04,90,00,20, 28,03,00,90, 28,03,00,90, 03,00,90,28, 15,02,d5,73,

01,00,00,00, 01,01,01,01, 01,01,01,01, 01,01,01,01, 01,00,01,01,
01,01,00,01, 01,01,00,01, 01,01,00,01, 01,01,01,00, 01,01,01,01,
00,00,00,00, 01,01,01,00, 01,01,01,00, 01,00,01,01, 01,00,01,00,
01,01,00,00, 01,01,00,01, 01,01,00,01, 01,00,01,01, 01,00,01,01,

-------------------------------------------------------
16,02,45,5b, 77,0d,21,10, 77,0d,21,10, 77,0d,21,10, 5d,4b,09,d9,
85,02,80,e3, 03,08,02,22, 03,08,02,22, 22,03,08,02, 77,0d,21,10,
02,02,d5,90, 08,08,22,43, 08,08,22,43, 22,43,08,08, 00,40,00,0a,
15,02,d5,73, c1,08,05,20, c1,08,05,20, 08,05,20,c1, 55,4e,29,18,

01,00,01,01, 01,01,01,01, 01,01,01,01, 01,01,01,01, 01,01,01,01,
01,01,01,01, 01,01,01,01, 01,01,01,01, 01,01,01,01, 01,01,01,01,
01,00,01,00, 01,01,01,01, 01,01,01,01, 01,01,01,01, 01,01,01,01,
01,00,01,01, 01,01,01,01, 01,01,01,01, 01,01,01,01, 01,01,01,01,

-------------------------------------------------------
5d,4b,09,d9, 11,10,10,cc, 11,10,10,cc, 11,10,10,cc, 08,88,50,e9,
77,0d,21,10, 28,11,20,40, 28,11,20,bb, bb,28,11,20, 11,10,10,cc,
00,40,00,0a, 00,04,00,10, 00,04,00,10, 00,10,00,04, bb,38,11,24,
55,4e,29,18, 21,19,88,40, 21,19,88,40, 19,88,40,21, 11,00,10,c8,

01,01,01,01, 01,01,01,01, 01,01,01,01, 01,01,01,01, 01,01,01,01,
01,01,01,01, 01,01,01,01, 01,01,01,01, 01,01,01,01, 01,01,01,01,
01,01,01,01, 01,01,01,01, 01,01,01,01, 01,01,01,01, 01,01,01,01,
01,01,01,01, 01,01,01,01, 01,01,01,01, 01,01,01,01, 01,01,01,01,

-------------------------------------------------------
The constraints are (in the form of (round, position, input_diff, output_diff)
The number infront of each constraint corresponds to the grouping that each constraint falls under.
Each group is treated as independent in this computation
Some constraints may have more than one group identity. These groups have to be considered together
9 (0,0,80,2) (1,4,2,8) linear
7 (1,1,11,60) (1,b,2,8) (2,d,8,10) linear
2 (b,1,4,1) (c,5,1,20) linear
a (c,0,29,80) (c,a,60,84) (c,d,1,20) (d,0,24,85) linear
a (c,0,29,80) (d,4,80,2) linear
8 (c,1,1,20) (d,5,20,80) linear
f (c,3,1,20) (d,7,20,92) linear
a (c,0,29,80) (c,a,60,84) (d,c,4,28) linear
8 (c,1,1,20) (c,b,1,b0) (d,d,90,3) linear
2 (d,0,24,85) (d,a,20,90) (d,d,90,3) (e,0,16,77) linear
4 (d,2,20,80) (d,8,84,55) (d,f,20,90) (e,2,45,21) linear
7 (d,3,20,92) (d,9,b0,90) (d,c,4,28) (e,3,5b,10) linear
2 (d,0,24,85) (e,4,85,3) linear
0 (d,1,90,2) (e,5,2,8) linear
4 (d,2,20,80) (e,6,80,2) linear
7 (d,3,20,92) (e,7,e3,22) linear
1 (d,7,20,92) (d,a,20,90) (e,8,2,8) linear
3 (d,5,20,80) (d,8,84,55) (e,a,d5,22) linear
2 (d,0,24,85) (d,a,20,90) (e,c,15,c1) linear
4 (d,2,20,80) (d,8,84,55) (e,e,d5,5) linear
7 (d,3,20,92) (d,9,b0,90) (e,f,73,20) linear
8 (e,0,16,77) (e,a,d5,22) (e,d,2,8) (f,0,5d,11) linear
9 (e,1,2,d) (e,b,90,43) (e,e,d5,5) (f,1,4b,10) linear
a (e,2,45,21) (e,8,2,8) (e,f,73,20) (f,2,9,10) linear
b (e,3,5b,10) (e,9,2,8) (e,c,15,c1) (f,3,d9,cc) linear
8 (e,0,16,77) (f,4,77,28) linear
9 (e,1,2,d) (f,5,d,11) linear
a (e,2,45,21) (f,6,21,20) linear
b (e,3,5b,10) (f,7,10,40) linear
c (e,4,85,3) (e,b,90,43) (f,9,40,4) linear
e (e,6,80,2) (e,9,2,8) (f,b,a,10) linear
8 (e,0,16,77) (e,a,d5,22) (f,c,55,21) linear
9 (e,1,2,d) (e,b,90,43) (f,d,4e,19) linear
a (e,2,45,21) (e,8,2,8) (f,e,29,88) linear
b (e,3,5b,10) (e,9,2,8) (f,f,18,40) linear
(c,d,1,20) (c,a,60,84) (d,4,80,2) (d,0,24,85)  higher-order linear
(c,d,1,20) (d,c,4,28) (d,0,24,85)  higher-order linear
(c,a,60,84) (d,c,4,28) (d,4,80,2)  higher-order linear
a (c,d,1,20) (c,0,29,80) (d,c,4,28) (d,4,80,2) (d,0,24,85)  higher-order linear
(c,b,1,b0) (d,d,90,3) (d,5,20,80)  higher-order linear
(d,d,90,3) (d,a,20,90) (e,4,85,3) (e,0,16,77)  higher-order linear
1 2 (d,d,90,3) (d,7,20,92) (d,0,24,85) (e,8,2,8) (e,0,16,77)  higher-order linear
(d,d,90,3) (e,c,15,c1) (e,0,16,77)  higher-order linear
1 2 (d,a,20,90) (d,7,20,92) (d,0,24,85) (e,8,2,8) (e,4,85,3)  higher-order linear
(d,a,20,90) (e,c,15,c1) (e,4,85,3)  higher-order linear
1 2 (d,7,20,92) (d,0,24,85) (e,c,15,c1) (e,8,2,8)  higher-order linear
1 (d,d,90,3) (d,a,20,90) (d,7,20,92) (e,8,2,8) (e,4,85,3) (e,0,16,77)  higher-order linear
2 (d,d,90,3) (d,0,24,85) (e,c,15,c1) (e,4,85,3) (e,0,16,77)  higher-order linear
1 (d,d,90,3) (d,a,20,90) (d,7,20,92) (e,c,15,c1) (e,8,2,8) (e,0,16,77)  higher-order linear
1 (d,7,20,92) (e,c,15,c1) (e,8,2,8) (e,4,85,3)  higher-order linear
1 2 (d,d,90,3) (d,a,20,90) (d,7,20,92) (d,0,24,85) (e,c,15,c1) (e,8,2,8) (e,4,85,3) (e,0,16,77)  higher-order linear
6 0 (d,4,80,2) (d,1,90,2) (e,d,2,8) (e,9,2,8)  higher-order linear
6 (d,4,80,2) (e,d,2,8) (e,9,2,8) (e,5,2,8)  higher-order linear
(d,f,20,90) (d,8,84,55) (e,6,80,2) (e,2,45,21)  higher-order linear
3 4 (d,f,20,90) (d,5,20,80) (d,2,20,80) (e,a,d5,22) (e,2,45,21)  higher-order linear
(d,f,20,90) (e,e,d5,5) (e,2,45,21)  higher-order linear
3 4 (d,8,84,55) (d,5,20,80) (d,2,20,80) (e,a,d5,22) (e,6,80,2)  higher-order linear
(d,8,84,55) (e,e,d5,5) (e,6,80,2)  higher-order linear
3 4 (d,5,20,80) (d,2,20,80) (e,e,d5,5) (e,a,d5,22)  higher-order linear
3 (d,f,20,90) (d,8,84,55) (d,5,20,80) (e,a,d5,22) (e,6,80,2) (e,2,45,21)  higher-order linear
4 (d,f,20,90) (d,2,20,80) (e,e,d5,5) (e,6,80,2) (e,2,45,21)  higher-order linear
3 (d,f,20,90) (d,8,84,55) (d,5,20,80) (e,e,d5,5) (e,a,d5,22) (e,2,45,21)  higher-order linear
3 (d,5,20,80) (e,e,d5,5) (e,a,d5,22) (e,6,80,2)  higher-order linear
3 4 (d,f,20,90) (d,8,84,55) (d,5,20,80) (d,2,20,80) (e,e,d5,5) (e,a,d5,22) (e,6,80,2) (e,2,45,21)  higher-order linear
(d,c,4,28) (d,9,b0,90) (e,7,e3,22) (e,3,5b,10)  higher-order linear
(d,c,4,28) (e,f,73,20) (e,3,5b,10)  higher-order linear
(d,9,b0,90) (e,f,73,20) (e,7,e3,22)  higher-order linear
7 (d,c,4,28) (d,3,20,92) (e,f,73,20) (e,7,e3,22) (e,3,5b,10)  higher-order linear
(e,d,2,8) (e,a,d5,22) (f,4,77,28) (f,0,5d,11)  higher-order linear
(e,d,2,8) (f,c,55,21) (f,0,5d,11)  higher-order linear
(e,a,d5,22) (f,c,55,21) (f,4,77,28)  higher-order linear
8 (e,d,2,8) (e,0,16,77) (f,c,55,21) (f,4,77,28) (f,0,5d,11)  higher-order linear
(e,e,d5,5) (e,b,90,43) (f,5,d,11) (f,1,4b,10)  higher-order linear
c 9 (e,e,d5,5) (e,4,85,3) (e,1,2,d) (f,9,40,4) (f,1,4b,10)  higher-order linear
(e,e,d5,5) (f,d,4e,19) (f,1,4b,10)  higher-order linear
c 9 (e,b,90,43) (e,4,85,3) (e,1,2,d) (f,9,40,4) (f,5,d,11)  higher-order linear
(e,b,90,43) (f,d,4e,19) (f,5,d,11)  higher-order linear
c 9 (e,4,85,3) (e,1,2,d) (f,d,4e,19) (f,9,40,4)  higher-order linear
c (e,e,d5,5) (e,b,90,43) (e,4,85,3) (f,9,40,4) (f,5,d,11) (f,1,4b,10)  higher-order linear
9 (e,e,d5,5) (e,1,2,d) (f,d,4e,19) (f,5,d,11) (f,1,4b,10)  higher-order linear
c (e,e,d5,5) (e,b,90,43) (e,4,85,3) (f,d,4e,19) (f,9,40,4) (f,1,4b,10)  higher-order linear
c (e,4,85,3) (f,d,4e,19) (f,9,40,4) (f,5,d,11)  higher-order linear
c 9 (e,e,d5,5) (e,b,90,43) (e,4,85,3) (e,1,2,d) (f,d,4e,19) (f,9,40,4) (f,5,d,11) (f,1,4b,10)  higher-order linear
(e,f,73,20) (e,8,2,8) (f,6,21,20) (f,2,9,10)  higher-order linear
(e,f,73,20) (f,e,29,88) (f,2,9,10)  higher-order linear
(e,8,2,8) (f,e,29,88) (f,6,21,20)  higher-order linear
a (e,f,73,20) (e,2,45,21) (f,e,29,88) (f,6,21,20) (f,2,9,10)  higher-order linear
(e,c,15,c1) (e,9,2,8) (f,7,10,40) (f,3,d9,cc)  higher-order linear
e b (e,c,15,c1) (e,6,80,2) (e,3,5b,10) (f,b,a,10) (f,3,d9,cc)  higher-order linear
(e,c,15,c1) (f,f,18,40) (f,3,d9,cc)  higher-order linear
e b (e,9,2,8) (e,6,80,2) (e,3,5b,10) (f,b,a,10) (f,7,10,40)  higher-order linear
(e,9,2,8) (f,f,18,40) (f,7,10,40)  higher-order linear
e b (e,6,80,2) (e,3,5b,10) (f,f,18,40) (f,b,a,10)  higher-order linear
e (e,c,15,c1) (e,9,2,8) (e,6,80,2) (f,b,a,10) (f,7,10,40) (f,3,d9,cc)  higher-order linear
b (e,c,15,c1) (e,3,5b,10) (f,f,18,40) (f,7,10,40) (f,3,d9,cc)  higher-order linear
e (e,c,15,c1) (e,9,2,8) (e,6,80,2) (f,f,18,40) (f,b,a,10) (f,3,d9,cc)  higher-order linear
e (e,6,80,2) (f,f,18,40) (f,b,a,10) (f,7,10,40)  higher-order linear
e b (e,c,15,c1) (e,9,2,8) (e,6,80,2) (e,3,5b,10) (f,f,18,40) (f,b,a,10) (f,7,10,40) (f,3,d9,cc)  higher-order linear


This characteristic is not possible due to the following constraint.
(e,d,2,8) (f,c,55,21) (f,0,5d,11) 
