original prob: 77.415
probability if we exclude those that are not involved in any constraints: 77.415
01,21,00,00, 20,20,00,00, 20,20,00,00, 20,20,00,00, 00,20,20,20,
00,00,00,00, 00,00,00,00, 00,00,00,00, 00,00,00,00, 20,20,00,00,
00,01,00,00, 00,20,00,00, 00,20,00,00, 00,00,00,20, 00,00,00,20,
00,01,00,21, 00,20,00,20, 00,20,00,20, 20,00,20,00, 20,20,00,20,

00,00,00,00, 01,01,00,00, 01,01,00,00, 01,01,00,00, 00,00,00,00,
00,00,00,00, 00,00,00,00, 00,00,00,00, 00,00,00,00, 01,01,00,00,
00,00,00,00, 00,01,00,00, 00,01,00,00, 00,00,00,01, 00,00,00,00,
00,00,00,00, 00,01,00,01, 00,01,00,01, 01,00,01,00, 00,00,00,00,

-------------------------------------------------------
00,20,20,20, 00,80,80,80, 00,80,80,80, 00,80,80,80, 90,00,00,00,
20,20,00,00, 80,80,00,00, 80,80,00,8d, 8d,80,80,00, 00,80,80,80,
00,00,00,20, 00,00,00,80, 00,00,00,80, 00,80,00,00, 8d,00,80,00,
20,20,00,20, 80,90,00,80, 80,90,00,80, 90,00,80,80, 00,00,80,80,

00,00,00,00, 00,01,01,01, 00,01,01,01, 00,01,01,01, 00,00,00,00,
01,01,00,00, 01,01,00,00, 01,01,00,00, 00,01,01,00, 00,01,01,01,
00,00,00,00, 00,00,00,01, 00,00,00,01, 00,01,00,00, 00,01,00,00,
00,00,00,00, 01,01,00,01, 01,01,00,01, 01,00,01,01, 00,01,00,00,

-------------------------------------------------------
90,00,00,00, 03,00,00,00, 03,00,00,00, 03,00,00,00, 00,c0,00,00,
00,80,80,80, 00,43,03,03, 00,43,03,03, 03,00,43,03, 03,00,00,00,
8d,00,80,00, 43,00,03,00, 43,00,03,00, 03,00,43,00, 00,00,00,03,
00,00,80,80, 00,00,c0,43, 00,00,c0,43, 00,c0,43,00, 00,00,43,00,

00,00,00,00, 01,00,00,00, 01,00,00,00, 01,00,00,00, 01,00,00,00,
00,01,01,01, 00,01,01,01, 00,01,01,01, 01,00,01,01, 01,00,00,00,
00,01,00,00, 01,01,01,00, 01,01,01,00, 01,00,01,01, 01,00,01,01,
00,01,00,00, 00,01,01,01, 00,01,01,01, 01,01,01,00, 01,00,00,00,

-------------------------------------------------------
00,c0,00,00, 00,07,00,00, 00,00,00,00, 00,00,00,00, 00,00,00,00,
03,00,00,00, 20,00,00,00, 20,00,00,00, 00,20,00,00, 00,00,00,00,
00,00,00,03, 00,00,00,20, 00,00,00,20, 00,20,00,00, 00,00,00,00,
00,00,43,00, 00,00,20,00, 00,00,20,00, 00,20,00,00, 00,20,00,00,

01,00,00,00, 01,01,00,00, 01,01,00,00, 01,01,00,00, 00,01,00,00,
01,00,00,00, 01,00,00,00, 01,00,00,00, 00,01,00,00, 01,01,00,00,
01,00,01,01, 01,00,01,01, 01,00,01,01, 01,01,01,00, 00,01,00,00,
01,00,00,00, 01,00,01,00, 01,00,01,00, 00,01,00,01, 01,01,00,00,

-------------------------------------------------------
00,00,00,00, 00,00,00,00, 00,00,00,00, 00,00,00,00, 90,00,00,00,
00,00,00,00, 00,00,00,00, 00,00,00,00, 00,00,00,00, 00,00,00,00,
00,00,00,00, 00,00,00,00, 00,00,00,00, 00,00,00,00, 00,00,00,00,
00,20,00,00, 00,90,00,00, 00,90,00,00, 90,00,00,00, 00,00,00,00,

00,01,00,00, 00,01,00,00, 00,01,00,00, 00,01,00,00, 00,00,00,00,
01,01,00,00, 01,01,00,00, 01,01,00,00, 00,01,01,00, 00,01,00,00,
00,01,00,00, 00,01,00,00, 00,01,00,00, 00,00,00,01, 00,00,00,00,
01,01,00,00, 01,01,00,00, 01,01,00,00, 01,00,00,01, 00,00,00,00,

-------------------------------------------------------
90,00,00,00, 02,00,00,00, 00,00,00,00, 00,00,00,00, 00,00,00,00,
00,00,00,00, 00,00,00,00, 00,00,00,00, 00,00,00,00, 00,00,00,00,
00,00,00,00, 00,00,00,00, 00,00,00,00, 00,00,00,00, 00,00,00,00,
00,00,00,00, 00,00,00,00, 00,00,00,00, 00,00,00,00, 00,00,00,00,

00,00,00,00, 01,00,00,00, 01,00,00,00, 01,00,00,00, 00,00,00,00,
00,01,00,00, 00,01,00,00, 00,01,00,00, 00,00,01,00, 01,00,00,00,
00,00,00,00, 00,00,00,00, 00,00,00,00, 00,00,00,00, 00,00,00,00,
00,00,00,00, 00,00,00,00, 00,00,00,00, 00,00,00,00, 00,00,00,00,

-------------------------------------------------------
00,00,00,00, 00,00,00,00, 00,00,00,00, 00,00,00,00, 00,00,00,00,
00,00,00,00, 00,00,00,00, 00,00,00,00, 00,00,00,00, 00,00,00,00,
00,00,00,00, 00,00,00,00, 00,00,00,00, 00,00,00,00, 00,00,00,00,
00,00,00,00, 00,00,00,00, 00,00,00,00, 00,00,00,00, 00,00,00,00,

00,00,00,00, 00,00,00,00, 00,00,00,00, 00,00,00,00, 00,00,00,00,
01,00,00,00, 01,00,00,00, 01,00,00,00, 00,01,00,00, 00,00,00,00,
00,00,00,00, 00,00,00,00, 00,00,00,00, 00,00,00,00, 00,00,00,00,
00,00,00,00, 00,00,00,00, 00,00,00,00, 00,00,00,00, 00,00,00,00,

-------------------------------------------------------
00,00,00,00, 00,00,00,00, 00,00,00,00, 00,00,00,00, 00,00,00,00,
00,00,00,00, 00,00,00,00, 00,00,00,00, 00,00,00,00, 00,00,00,00,
00,00,00,00, 00,00,00,00, 00,00,00,00, 00,00,00,00, 00,00,00,00,
00,00,00,00, 00,00,00,00, 00,00,00,00, 00,00,00,00, 00,00,00,00,

00,00,00,00, 00,00,00,00, 00,00,00,00, 00,00,00,00, 00,00,00,00,
00,00,00,00, 00,00,00,00, 00,00,00,00, 00,00,00,00, 00,00,00,00,
00,00,00,00, 00,00,00,00, 00,00,00,00, 00,00,00,00, 00,00,00,00,
00,00,00,00, 00,00,00,00, 00,00,00,00, 00,00,00,00, 00,00,00,00,

-------------------------------------------------------
00,00,00,00, 00,00,00,00, 00,00,00,00, 00,00,00,00, 00,00,00,00,
00,00,00,00, 00,00,00,00, 00,00,00,00, 00,00,00,00, 00,00,00,00,
00,00,00,00, 00,00,00,00, 00,00,00,00, 00,00,00,00, 00,00,00,00,
00,00,00,00, 00,00,00,00, 00,00,00,00, 00,00,00,00, 00,00,00,00,

00,00,00,00, 00,00,00,00, 00,00,00,00, 00,00,00,00, 00,00,00,00,
00,00,00,00, 00,00,00,00, 00,00,00,00, 00,00,00,00, 00,00,00,00,
00,00,00,00, 00,00,00,00, 00,00,00,00, 00,00,00,00, 00,00,00,00,
00,00,00,00, 00,00,00,00, 00,00,00,00, 00,00,00,00, 00,00,00,00,

-------------------------------------------------------
00,00,00,00, 00,00,00,00, 00,00,00,00, 00,00,00,00, 00,00,00,00,
00,00,00,00, 00,00,00,00, 00,00,00,00, 00,00,00,00, 00,00,00,00,
00,00,00,00, 00,00,00,00, 00,00,00,00, 00,00,00,00, 00,00,00,00,
00,00,00,00, 00,00,00,00, 00,00,00,00, 00,00,00,00, 00,00,00,00,

00,00,00,00, 00,00,00,00, 00,00,00,00, 00,00,00,00, 00,00,00,00,
00,00,00,00, 00,00,00,00, 00,00,00,00, 00,00,00,00, 00,00,00,00,
00,00,00,00, 00,00,00,00, 00,00,00,00, 00,00,00,00, 00,00,00,00,
00,00,00,00, 00,00,00,00, 00,00,00,00, 00,00,00,00, 00,00,00,00,

-------------------------------------------------------
00,00,00,00, 00,00,00,00, 00,00,00,00, 00,00,00,00, 00,00,00,00,
00,00,00,00, 00,00,00,00, 00,00,00,00, 00,00,00,00, 00,00,00,00,
00,00,00,00, 00,00,00,00, 00,00,00,00, 00,00,00,00, 00,00,00,00,
00,00,00,00, 00,00,00,00, 00,00,00,00, 00,00,00,00, 00,00,00,00,

00,00,00,00, 00,00,00,00, 00,00,00,00, 00,00,00,00, 00,00,00,00,
00,00,00,00, 00,00,00,00, 00,00,00,00, 00,00,00,00, 00,00,00,00,
00,00,00,00, 00,00,00,00, 00,00,00,00, 00,00,00,00, 00,00,00,00,
00,00,00,00, 00,00,00,00, 00,00,00,00, 00,00,00,00, 00,00,00,00,

-------------------------------------------------------
00,00,00,00, 00,00,00,00, 00,00,00,00, 00,00,00,00, 00,00,00,00,
00,00,00,00, 00,00,00,00, 00,00,02,00, 00,00,00,02, 00,00,00,00,
00,00,00,00, 00,00,00,00, 00,00,00,00, 00,00,00,00, 00,00,00,02,
00,00,00,00, 00,00,00,00, 00,00,00,00, 00,00,00,00, 00,00,00,00,

00,00,00,00, 00,00,00,00, 00,00,00,00, 00,00,00,00, 00,00,00,00,
00,00,00,00, 00,00,00,00, 00,00,00,00, 00,00,00,00, 00,00,00,00,
00,00,00,00, 00,00,00,00, 00,00,00,00, 00,00,00,00, 00,00,00,00,
00,00,00,00, 00,00,00,00, 00,00,00,00, 00,00,00,00, 00,00,00,00,

-------------------------------------------------------
00,00,00,00, 00,00,00,00, 00,00,00,00, 00,00,00,00, 00,08,00,00,
00,00,00,00, 00,00,00,00, 00,00,00,00, 00,00,00,00, 00,00,00,00,
00,00,00,02, 00,00,00,08, 00,00,00,08, 00,08,00,00, 00,08,00,00,
00,00,00,00, 00,00,00,00, 00,00,00,00, 00,00,00,00, 00,08,00,00,

00,00,00,00, 00,00,00,00, 00,00,00,00, 00,00,00,00, 00,00,00,00,
00,00,00,00, 00,00,00,00, 00,00,00,00, 00,00,00,00, 00,00,00,00,
00,00,00,00, 00,00,00,01, 00,00,00,01, 00,01,00,00, 00,00,00,00,
00,00,00,00, 00,00,00,00, 00,00,00,00, 00,00,00,00, 00,00,00,00,

-------------------------------------------------------
00,08,00,00, 00,10,00,00, 00,10,00,00, 00,10,00,00, 10,10,00,10,
00,00,00,00, 00,00,00,00, 00,07,00,00, 00,00,07,00, 00,10,00,00,
00,08,00,00, 00,10,00,00, 00,10,00,00, 00,00,00,10, 00,00,07,10,
00,08,00,00, 00,10,00,00, 00,10,00,00, 10,00,00,00, 00,10,00,10,

00,00,00,00, 00,01,00,00, 00,01,00,00, 00,01,00,00, 00,00,00,00,
00,00,00,00, 00,00,00,00, 00,00,00,00, 00,00,00,00, 00,01,00,00,
00,00,00,00, 00,01,00,00, 00,01,00,00, 00,00,00,01, 00,00,00,00,
00,00,00,00, 00,01,00,00, 00,01,00,00, 01,00,00,00, 00,00,00,00,

-------------------------------------------------------
The constraints are (in the form of (round, position, input_diff, output_diff)
The number infront of each constraint corresponds to the grouping that each constraint falls under.
Each group is treated as independent in this computation
Some constraints may have more than one group identity. These groups have to be considered together
4 (0,0,1,20) (1,4,20,80) linear
2 (0,1,21,20) (1,5,20,80) linear
8 (1,1,20,80) (2,5,80,43) linear
c (1,2,20,80) (2,6,80,3) linear
f (1,3,20,80) (2,7,80,3) linear
2 (2,0,90,3) (3,4,3,20) linear
5 e (2,6,80,3) (1,4,20,80) (1,b,20,80) (2,9,0,0) (3,b,3,20) nonlinear
9 (3,1,c0,7) (3,b,3,20) (4,d,20,90) linear
b c (1,5,20,80) (1,2,20,80) (2,e,80,c0) (2,a,80,3)  higher-order linear
b (1,5,20,80) (2,e,80,c0) (2,a,80,3) (2,6,80,3)  higher-order linear
Original prob: 77.415
Independent prob (prob ignoring the ones depend on keys): 52

These are the splits:
(0,0,1,20) (1,4,20,80) 
-----------------------------------------------
(0,1,21,20) (1,5,20,80) 
-----------------------------------------------
(1,1,20,80) (2,5,80,43) 
-----------------------------------------------
(1,2,20,80) (2,6,80,3) 
(1,2,20,80) (1,5,20,80) (1,8,0,0) (2,a,80,3) (2,e,80,c0) 
(1,2,20,80) (1,5,20,80) (1,8,0,0) (2,6,80,3) (2,a,80,3) (2,e,80,c0) 
-----------------------------------------------
(1,3,20,80) (2,7,80,3) 
-----------------------------------------------
(2,0,90,3) (3,4,3,20) 
-----------------------------------------------
(2,6,80,3) (1,4,20,80) (1,b,20,80) (2,9,0,0) (3,b,3,20) 
-----------------------------------------------
(3,1,c0,7) (3,b,3,20) (4,d,20,90) 
-----------------------------------------------
===============================================
Computing the following constraints theoretically: 
8 (0,0,1,20) (1,4,20,80) linear

key space reduction: -0.415037
-3: 66.6667
-0.415037: 33.3333
-------------------------------------
Computing the following constraints theoretically: 
9 (0,1,21,20) (1,5,20,80) linear

key space reduction: -0.415037
-2: 33.3333
-1.41504: 66.6667
-------------------------------------
Computing the following constraints theoretically: 
9 (1,1,20,80) (2,5,80,43) linear

key space reduction: -1
-3: 100
-------------------------------------
Computing the following constraints theoretically: 
a (1,2,20,80) (2,6,80,3) linear
a d (1,2,20,80) (1,5,20,80) (1,8,0,0) (2,a,80,3) (2,e,80,c0) higher order
a d (1,2,20,80) (1,5,20,80) (1,8,0,0) (2,6,80,3) (2,a,80,3) (2,e,80,c0) higher order

key space reduction: -2
-5.41504: 100
-------------------------------------
Computing the following constraints theoretically: 
b (1,3,20,80) (2,7,80,3) linear

key space reduction: -1
-1: 100
-------------------------------------
Computing the following constraints theoretically: 
8 (2,0,90,3) (3,4,3,20) linear

key space reduction: -1
-3: 6.25
-2.41504: 37.5
-2: 12.5
-1.67807: 37.5
-1.41504: 6.25
-------------------------------------
Computing the following constraints theoretically: 
9 (3,1,c0,7) (3,b,3,20) (4,d,20,90) linear

key space reduction: 0
-2: 100
-------------------------------------
==============================================
For the theoretical side: 
The following are the distribution: 
Key reduction: -5.83007
14.66: 1.38889
14.923: 8.33333
15.245: 3.47222
15.508: 4.16667
15.66: 8.33333
15.83: 1.38889
16.245: 5.55556
16.83: 0.694444
17.245: 2.77778
17.508: 16.6667
17.83: 6.94444
18.093: 8.33333
18.245: 16.6667
18.415: 2.77778
18.83: 11.1111
19.415: 1.38889
==============================================
----------------------------------------------
Computing the following experimentally:
e 6 (2,6,80,3) (1,4,20,80) (1,b,20,80) (2,9,0,0) (3,b,3,20) nonlinear
computing with 128 valid keys or 2^8 possible keys and 2^10 random plaintexts
computing with 128 valid keys or 2^8 possible keys and 2^10 random plaintexts
computing with 128 valid keys or 2^8 possible keys and 2^10 random plaintexts
computing with 128 valid keys or 2^8 possible keys and 2^10 random plaintexts
computing with 128 valid keys or 2^8 possible keys and 2^10 random plaintexts
computing with 128 valid keys or 2^8 possible keys and 2^10 random plaintexts
computing with 128 valid keys or 2^8 possible keys and 2^10 random plaintexts
computing with 128 valid keys or 2^8 possible keys and 2^10 random plaintexts
computing with 128 valid keys or 2^8 possible keys and 2^10 random plaintexts
computing with 128 valid keys or 2^8 possible keys and 2^10 random plaintexts
computing with 128 valid keys or 2^8 possible keys and 2^10 random plaintexts
computing with 128 valid keys or 2^8 possible keys and 2^10 random plaintexts
computing with 128 valid keys or 2^8 possible keys and 2^10 random plaintexts
computing with 128 valid keys or 2^8 possible keys and 2^10 random plaintexts
computing with 128 valid keys or 2^8 possible keys and 2^10 random plaintexts
computing with 128 valid keys or 2^8 possible keys and 2^10 random plaintexts
2.68457
2.68301
3.15196
3.12042
2.79451
3.42045
2.68146
2.68146
3.15667
3.16711
2.67076
3.26889
2.80232
2.88138
3.23078
2.66517
2.78083
2.78523
2.87782
2.80771
2.88984
3.12463
2.67484
3.42281
3.14241
3.13369
3.41692
3.13291
2.77404
2.67652
3.41762
3.23928
3.40381
2.69351
2.86927
3.24407
3.46351
2.78705
3.40614
3.15745
3.25454
2.68754
2.79879
2.78766
2.67526
2.77058
2.67343
2.66015
2.79116
2.79589
3.41035
2.68033
2.67371
3.15099
3.16158
2.79528
2.86782
2.86333
3.43752
2.67821
3.2495
3.24428
3.13485
2.69793
2.78235
3.2312
3.12444
2.79604
2.68386
3.24303
2.86397
2.6901
3.15922
2.76773
3.12214
3.41715
3.40848
3.42635
3.42588
2.77932
3.23058
3.39637
2.69879
3.25412
2.8173
3.23637
3.25475
2.79451
2.83133
2.66964
3.41551
3.26064
2.78174
2.68146
3.17305
3.39823
2.89197
2.85343
3.12502
2.86413
2.69123
2.68627
2.80232
2.81792
2.69308
3.40731
3.40218
3.41269
3.41457
3.16158
3.13543
3.25265
3.24303
3.39985
2.79987
3.39591
3.11507
3.38967
3.43181
3.15255
3.40918
2.67441
2.79039
3.16652
2.67455
2.79405
2.87588
2.80002
3.42896
2.6995
3.14027
3.14747
3.38667
2.8918
2.67596
3.25391
3.41082
2.68726
3.41011
3.39059
2.79665
3.43919
3.15294
2.65723
3.16434
3.12713
3.14221
3.24908
3.40381
2.80432
2.6799
2.67695
2.90411
3.41316
3.40824
2.79085
2.81079
2.66517
3.24365
2.68315
3.21987
2.68768
2.79665
2.86541
3.40474
3.18682
3.15608
2.69109
2.8571
2.78948
2.68358
3.41504
2.89458
2.67793
2.66335
2.69722
2.66503
2.86093
3.41739
2.86782
3.12099
2.70065
2.67203
3.15883
2.69979
2.78265
2.78887
3.23409
3.4148
2.80494
3.23845
3.25538
3.23223
2.82726
2.8712
2.77329
3.41386
2.69836
2.78038
3.43752
3.40055
2.7185
3.25097
3.24511
2.81342
3.18943
3.41129
2.86285
2.79238
3.14047
2.68825
3.44661
3.39637
2.68344
2.87636
3.40288
3.24053
3.43633
3.41433
2.79834
2.69494
2.67203
3.16139
3.14513
3.41316
3.40381
3.15471
3.4273
2.67652
2.69223
3.12176
2.67161
2.89344
3.4141
3.25139
2.79788
3.22254
3.22975
3.24992
3.12483
2.86205
3.2424
3.1333
2.86157
2.87346
3.39151
2.66447
2.87152
2.67765
3.24011
2.66978
3.43371
3.25685
2.69551
3.43466
2.86349
2.78174
3.43038
2.68005
3.25433
3.42257
2.78918
2.87863
2.68019
3.24219
3.15059
2.66308
2.69024
3.42304
2.77524
2.86125
2.69722
3.24574
3.38207
2.79344
3.20254
3.24783
2.67118
3.12387
2.78492
3.40778
2.68061
2.87992
2.6768
2.88512
3.41856
2.81358
2.87685
2.66057
2.67849
3.24595
2.6688
2.67737
3.40614
3.44541
3.43704
3.21885
3.17962
3.24324
2.86798
2.67835
3.42234
2.67245
2.78523
3.38047
3.13291
3.26656
2.89164
3.27357
2.67568
3.39985
2.66908
3.40148
2.81311
2.84994
3.12713
2.68019
3.41316
3.13775
2.85582
2.89491
3.12272
2.69308
2.85518
3.13756
3.41222
3.2672
2.68202
3.15726
3.41621
3.26149
2.69437
2.87911
3.41082
3.24282
3.42234
3.14182
2.69024
3.22727
3.42493
2.78887
3.40311
2.67343
3.44925
3.41974
3.40381
3.40754
3.40801
3.39893
2.68188
2.79268
3.38921
2.68726
2.68259
3.42541
2.69166
2.81947
3.24365
3.14981
3.40591
3.13814
3.42257
2.69936
2.68457
2.67709
2.80879
2.67765
3.2598
2.66908
2.69152
3.15588
2.78796
2.66405
2.8775
3.42304
3.1362
2.86943
2.68556
3.24637
2.67751
3.42399
3.42304
2.8014
2.68683
3.23161
2.8054
2.67399
3.15275
2.77856
3.13872
3.42375
2.87701
3.28254
3.41175
2.86445
2.67765
3.25643
2.67203
3.43086
2.79772
3.38529
3.25559
3.22769
3.24867
3.4221
2.67807
2.67638
2.8775
2.87152
3.37909
2.81141
2.80848
3.39777
2.88658
2.86927
3.2472
2.68075
3.1502
3.23409
3.15686
3.23037
2.87475
2.80033
3.41082
3.14689
3.4148
2.89491
3.40451
2.77751
3.24344
3.40334
2.77766
2.85694
3.13002
2.89426
3.2472
3.13562
3.15451
2.7757
2.87507
2.87088
3.44014
2.66838
3.13021
2.65224
3.15099
2.65376
2.67371
2.87168
2.79528
2.68584
2.87313
2.68768
3.42446
2.684
2.70194
2.66252
3.14455
2.76638
2.87426
3.14825
2.7763
2.67175
3.26275
2.67793
3.15608
2.7968
3.24699
3.41856
2.86702
2.78842
2.67441
2.87265
2.70122
3.40824
3.43823
3.40568
2.69138
3.14474
2.66503
2.64754
3.42967
2.68612
3.41035
3.13176
2.68839
3.24553
2.85136
2.77902
3.14786
3.16099
3.21721
3.23368
2.86509
2.87604
2.62877
2.70094
2.67779
2.6891
2.78629
2.67399
2.68655
3.13195
3.17643
3.13214
2.65904
2.68825
3.12579
2.69465
3.23741
3.13911
3.4423
2.67203
3.43633
2.70008
2.76938
2.65113
2.7991
3.43657
2.77856
3.41105
3.40918
2.79192
3.24929
2.8384
2.86846
2.66461
2.67062
2.8034
3.15431
2.70094
2.85997
2.80401
3.11335
3.26677
3.40988
3.39406
2.65945
3.42116
3.43371
3.44493
3.23762
2.66294
3.12157
2.6857
2.67203
3.24741
2.68315
3.2537
2.69636
2.6681
3.16198
2.65848
2.67864
2.77585
3.39175
2.68372
3.40498
2.68457
2.88187
2.66936
2.68953
2.6918
3.14377
3.2672
3.40941
2.6589
3.23596
2.80109
3.40288
2.8861
2.69052
3.25748
2.88886
2.70008
3.39452
3.12406
2.80463
3.40988
2.7991
2.80709
3.41927
3.13465
2.69465
2.6874
2.68132
2.78159
3.40871
3.24303
3.41457
3.40591
2.87249
3.40754
3.38207
2.88236
3.25055
3.14572
2.76788
2.68457
3.24783
2.86157
2.80386
2.77133
3.43299
2.86766
3.4188
2.78462
3.40358
3.40661
2.85933
3.14845
3.40591
2.65473
3.41433
2.88463
3.13969
3.16257
3.44637
3.43371
2.65252
2.85136
3.27741
2.68174
2.80048
2.67793
2.88025
2.67469
3.1306
2.68005
3.3846
2.67006
3.38391
2.69394
2.78386
2.70854
2.78507
2.68967
3.15962
2.67455
2.71445
3.42092
3.13543
3.15726
2.84613
3.13195
2.88171
2.67273
3.23741
3.38529
3.1279
3.40941
3.39175
3.40265
2.84867
2.86606
3.43895
2.88463
2.67076
2.65418
2.66182
3.42304
3.40404
2.88431
2.68485
2.88952
3.2283
3.1549
2.67385
3.16434
3.44517
3.3899
2.78659
3.25139
3.44038
2.80555
3.39406
3.13234
2.89197
2.66238
2.80186
2.68485
3.16612
2.67301
3.42659
3.43109
3.25622
3.25938
2.67498
2.79512
2.68287
3.14124
3.44158
3.45842
3.14572
2.79436
2.79055
2.75787
3.12964
3.42281
2.6965
2.68117
2.67723
3.14357
3.40895
2.86557
2.67512
2.67779
2.8014
2.79116
3.14864
3.24407
3.43157
3.26508
2.67147
2.67695
3.17008
3.25622
2.78948
2.67118
2.67652
3.40801
2.80555
2.68315
3.4273
3.41951
3.42493
3.25475
2.6674
2.87459
3.41433
2.87669
2.67638
3.41527
2.80509
3.26381
3.25454
2.80417
2.68981
3.40754
2.82149
3.42092
3.14786
3.41293
3.23285
2.88366
3.22624
2.67469
2.78979
2.67231
3.14455
2.66712
2.69565
3.27187
2.87265
2.86911
2.87233
3.42045
2.80709
2.67062
3.42493
2.69822
3.438
3.41035
3.28575
2.66964
2.66894
3.17008
2.68854
2.66587
2.68669
3.43991
2.66838
2.68202
2.66433
3.42588
2.67147
2.87426
2.77359
2.67245
3.42139
2.65058
2.66852
2.87911
2.78129
3.41363
3.41058
3.26826
3.38552
2.70653
3.15726
3.15765
2.67568
2.78918
2.68075
3.22254
3.26487
3.40288
3.42872
2.68754
3.13659
2.68117
3.15647
2.69038
2.67343
2.70251
3.42588
2.7028
3.11927
3.237
3.41598
2.77329
3.18202
2.87184
2.85869
3.26212
2.79009
3.40918
3.25811
3.14455
2.79788
2.67976
2.68584
2.68854
2.86943
3.15157
2.87798
2.66824
3.13969
3.12502
2.85455
3.40918
2.84645
2.86141
3.24887
3.42163
2.87459
3.12617
3.13659
2.67835
2.77103
2.87475
2.78766
3.41363
3.22069
2.88382
2.86654
2.67864
3.14357
2.87362
3.39916
3.42163
2.65806
2.68259
3.41246
2.6816
3.23451
3.2343
3.3929
3.42186
2.85965
2.66768
3.15785
2.67273
2.67189
3.14435
2.87281
3.14708
2.66405
3.24053
3.24678
2.87928
3.39962
2.79619
2.68245
3.42825
3.12809
3.40824
2.81667
2.68485
2.66489
2.80017
2.88512
3.23492
3.41504
2.78235
2.68655
2.7825
3.40009
2.66866
2.81466
3.12387
3.2447
3.2579
3.41152
3.41809
3.40544
2.86734
3.42068
3.38736
3.41339
3.16375
3.17823
2.79222
2.89376
3.44733
3.25055
3.15216
3.40544
3.24074
3.27549
2.84962
3.22851
2.80586
3.12521
3.40895
3.15451
3.41222
3.438
2.87653
2.85837
3.16336
2.79299
3.42116
3.24887
2.84882
2.77524
2.67554
3.42021
3.39221
3.11793
2.71013
2.68896
2.6799
2.67343
2.87088
2.68202
2.80171
3.38759
3.15824
3.16119
3.14728
3.3973
3.15726
3.24971
2.89066
2.89246
3.41833
2.77871
3.21516
3.2123
3.25244
2.86429
3.1333
2.69351
2.68797
3.26889
3.27442
3.13969
2.77479
3.41809
2.79314
3.42943
2.87072
2.6674
2.87572
3.39498
3.40498
3.16691
3.26275
3.14669
2.80755
2.65751
2.88544
3.45794
3.42186
2.68542
2.77947
3.42848
2.68641
3.22213
3.42943
2.67343
2.68457
3.2397
2.68372
3.43086
3.42045
3.42304
3.39661
3.10386
2.76324
2.85981
3.24157
3.14942
3.42801
3.22501
2.6564
3.25643
2.88512
2.67793
3.15824
3.14299
3.42068
2.89099
3.14689
2.68698
3.12656
2.77043
3.26106
2.87184
2.86541
2.64479
3.43086
2.6799
2.6799
3.40428
2.83101
2.69123
3.14845
3.41786
2.66615
3.39128
3.24971
2.85073
2.69693
3.16553
3.12195
2.68598
2.68117
2.684
3.1306
2.79253
2.6674
2.79619
2.67427
3.38644
3.24303
3.24971
2.64314
3.40195
2.66922
2.6589
3.12559
2.80263
3.40474
2.68556
3.39939
3.13659
2.78098
2.68896
3.43728
3.41457
3.15451
3.43752
2.86895
3.4141
3.42328
3.42706
3.27549
3.27187
3.41386
2.79879
2.78902
2.67427
2.80217
3.43252
3.22934
2.87039
3.37703
2.78371
2.66294
2.66978
2.68358
2.68882
3.42045
2.67455
3.41129
3.22439
3.41927
3.42493
2.77043
2.87136
2.80432
2.86461
3.15726
3.1185
2.78386
3.14728
3.23762
3.23928
2.77133
2.68428
3.43323
3.43418
2.79543
3.11468
3.45118
2.69422
3.24783
2.79742
3.4141
3.10348
3.41833
2.88691
3.13349
3.40661
3.26106
3.40102
3.12444
3.26677
3.24678
2.6681
2.87346
2.68939
2.85885
3.21946
3.4188
3.24637
2.67906
3.12099
3.4349
2.66629
2.67765
2.67427
3.39522
3.25118
2.89082
3.43347
3.42446
2.88414
3.44997
3.15647
3.26487
3.26085
2.87362
3.40638
3.14825
3.40125
3.45987
2.84978
3.26381
2.67175
3.2343
2.81002
3.23368
3.15451
2.68005
2.85949
2.84692
2.67441
2.7872
3.42139
3.44805
2.68259
2.64809
2.69793
2.80879
3.14611
2.78598
3.45987
2.70179
3.16533
2.81404
3.1549
2.86959
3.43038
3.40824
2.67315
2.78933
2.78644
3.42991
2.87394
2.84629
3.41152
2.67371
3.2314
2.6754
2.65224
2.69251
2.80278
2.80524
3.41621
2.8683
2.79757
2.81497
3.24637
2.86638
3.26698
2.68386
3.2209
2.67638
2.87556
2.86029
2.85965
3.40918
2.69793
3.44302
2.79116
2.67624
3.40988
2.80647
2.68683
3.44062
3.24825
3.42706
3.14786
3.16395
3.41058
2.84218
2.87233
3.14942
2.85885
3.14008
2.67737
3.4247
3.13581
2.6823
3.44038
3.40731
3.23928
3.14027
2.66866
3.14221
2.69465
3.40265
3.24115
3.42754
3.3899
2.86686
3.1677
2.78023
2.78219
2.66433
3.40498
3.1463
2.86654
3.22501
3.15314
3.39406
3.23223
2.7939
3.42304
3.39406
3.42943
2.79222
2.69636
2.88544
2.87346
3.39823
3.20133
2.88886
2.67217
2.68528
2.79085
2.86606
3.16533
3.40848
2.6823
2.67976
3.41035
3.38184
3.41105
3.42825
2.86846
2.86525
3.1504
3.14435
2.68726
3.42021
2.68457
3.11221
3.2725
2.79757
3.39036
3.14144
2.66517
3.40941
3.23326
2.67357
3.42517
2.87184
2.87184
2.80048
3.2312
3.42422
3.15177
3.24094
2.78796
2.6539
2.86814
2.68485
2.67441
2.67709
2.89885
2.79283
3.43991
3.13214
2.86638
2.7766
3.14357
2.77299
3.40055
2.7968
3.14494
3.12099
3.13253
2.77917
2.68726
3.43371
2.68783
2.67469
2.84518
2.79055
3.42825
3.39267
2.67906
3.39568
3.1551
3.44589
3.44613
2.79192
3.26571
3.42092
3.16198
2.7828
3.26932
3.42422
3.40708
3.22439
3.41504
3.3973
2.66992
2.87475
2.87992
2.76758
2.6792
2.67062
2.68499
2.8712
2.67596
3.25139
2.86093
3.44062
2.67568
2.8809
3.13118
3.13407
2.67638
3.43276
3.38874
2.81621
3.24657
3.39684
2.78174
3.43133
3.24804
2.80832
2.68259
3.39777
3.41927
2.68612
2.78994
2.69565
2.64865
2.87701
2.79941
2.87653
3.14572
3.15118
3.43371
3.13311
2.68683
2.86125
3.44733
2.87766
3.4141
2.87992
3.2314
3.41199
2.67568
2.80079
2.66154
2.78386
2.69067
2.68868
2.67737
3.46181
3.40614
2.80278
3.14182
3.38805
2.79635
3.1105
3.40895
2.6874
3.26254
3.11221
3.12444
2.6674
2.66238
2.68019
3.25349
3.40241
3.10102
2.77992
2.69095
3.42896
2.6768
3.40544
2.8712
3.43062
3.21577
2.68471
3.15863
3.15333
2.79528
2.71489
2.87895
2.67878
3.13079
2.78462
2.6975
3.42116
3.43919
3.14747
2.7875
2.68854
2.87523
2.85757
3.1333
2.85582
3.2397
2.67287
3.40428
3.45383
3.23679
3.15824
2.68683
2.87895
3.25917
2.67737
2.68939
3.11793
2.65626
2.79956
3.15353
2.81962
2.66992
3.42375
2.78023
2.66029
2.78872
3.14319
3.1606
2.69422
3.44541
3.40498
2.69095
3.43204
2.88009
3.38299
2.90049
2.65834
3.20072
3.25727
2.7828
3.2397
2.68428
3.38184
2.84882
2.6702
3.13176
3.14747
3.24867
3.24846
2.80155
2.66964
3.23783
2.78295
3.43276
3.43776
2.69337
3.24804
3.24511
2.79055
2.69465
2.80017
2.67287
2.70251
2.77028
3.39591
2.67568
2.79558
2.78659
2.66308
2.87847
3.39359
3.44637
3.25622
3.13253
3.42541
2.6761
2.68188
2.79558
3.13639
2.86173
2.68005
2.70825
3.17246
3.26804
3.25685
3.24553
2.87184
3.23762
2.87249
2.68117
2.67484
3.43276
2.86654
3.42234
2.70538
3.24136
2.86654
3.22934
3.4411
3.14845
3.43252
3.43252
2.68698
2.68542
2.68259
2.87523
2.70265
3.41998
2.67189
2.66922
3.40428
2.87798
2.78386
3.41363
3.41974
3.14962
2.76893
3.43418
2.79268
3.42943
2.78432
3.14494
2.69979
3.14591
3.39684
2.83023
2.67807
3.24699
2.88155
2.79451
3.44493
3.23182
3.41386
3.24553
2.77374
2.68783
3.41293
3.13195
3.15686
3.1393
3.14825
2.86093
3.41809
3.24699
3.24324
3.41457
2.79299
2.6874
3.21455
3.25496
2.78008
2.68726
2.67287
2.78781
2.79329
3.41598
2.80724
2.87265
2.67793
3.20701
3.43776
2.89704
2.69152
2.78918
3.14066
3.39429
3.1306
2.67596
2.79558
2.67948
2.85901
3.25832
3.40941
3.37818
2.67441
2.66782
3.12579
3.13601
2.8741
3.41833
3.14825
3.13156
2.66684
2.83966
2.83808
2.66726
3.41527
2.78674
2.69437
3.14728
3.17982
2.67315
2.67765
3.22069
2.79604
3.43133
3.40614
3.40078
2.87556
2.85997
3.40684
3.11908
2.67835
3.43228
3.40055
2.85757
2.68655
3.41269
3.41998
2.69608
3.25811
3.44182
2.67526
3.22913
2.78295
3.15236
2.67484
2.65834
3.40848
2.66824
3.39985
2.70337
3.10822
2.86445
3.12733
2.67231
3.39823
3.42186
3.12061
2.7757
2.65113
3.43062
3.39637
3.24344
3.22645
2.69551
3.22975
3.42116
2.67175
3.38782
2.77811
3.25706
3.42612
3.14066
3.14105
2.86109
3.38828
2.69522
3.39452
3.37406
2.78023
2.6938
3.41856
2.78811
2.88106
2.86927
2.68457
2.67498
3.42092
3.14105
3.13465
2.67455
3.3823
2.69337
3.25475
2.79803
2.67582
3.13291
2.77781
2.68216
2.65987
2.68612
3.23658
3.40078
3.36338
3.42139
3.23492
2.86253
2.68499
3.42021
2.68019
2.80494
2.78159
2.68047
3.44517
2.79283
3.12579
2.65779
3.43514
3.40708
3.43276
3.13523
2.86157
3.39151
2.78447
3.3869
3.43967
3.39198
2.68019
2.67526
2.77977
2.8173
3.41645
2.78159
3.40801
2.66768
3.42683
3.42257
3.42848
3.25475
2.86814
2.70854
2.77133
3.40871
2.7907
2.77359
3.14767
2.6688
3.44949
3.40848
2.77811
2.6901
2.86911
2.87701
2.65834
3.40614
2.86525
2.76893
3.27997
2.69209
2.87798
3.17484
3.13427
3.42825
3.42612
3.41386
2.77299
2.67948
3.38713
3.24282
3.22707
3.42541
2.67709
2.69465
2.8796
3.12694
2.87313
2.66726
2.85885
2.68273
3.27677
2.89409
2.79971
3.42163
3.41692
2.68754
2.68301
3.15314
3.27677
2.86879
3.41152
2.78068
3.41222
2.87281
2.86541
3.22727
3.23016
3.39753
2.79192
3.11621
2.6816
3.42777
2.87701
3.2424
2.67076
2.87992
3.41035
2.87491
3.14981
2.66475
3.45576
2.68344
3.23575
2.66936
2.67203
2.6768
3.40638
3.13291
2.77992
2.776
3.20802
2.87895
3.15412
2.79558
3.42304
2.78659
3.43323
2.78872
3.44325
3.15686
3.12886
2.80771
2.87911
2.66978
3.1604
3.21598
2.8436
2.68216
3.40754
2.67906
3.25223
2.67638
2.67315
2.67203
2.89557
3.40731
3.13736
2.87056
3.44877
3.42234
3.11107
3.38483
3.43062
3.23617
2.7828
2.78159
2.86493
2.84676
3.40801
3.39823
2.67189
2.69508
3.26127
3.16139
2.69081
2.79726
2.66126
2.66698
2.68372
2.86879
3.2447
2.67231
3.26085
3.42446
3.17087
3.4188
2.80786
3.24971
2.66573
2.67596
2.81698
3.40358
3.39777
3.40801
2.8809
3.13833
3.25181
3.24261
3.16257
2.66782
3.42517
2.79039
3.16237
3.43395
3.41786
3.38782
3.44589
3.40334
3.42257
2.66684
2.79344
3.41035
3.44206
3.13485
2.70308
3.41551
2.66071
2.6754
2.86686
3.3752
2.6799
3.17226
3.24157
2.87152
3.43276
3.42564
2.80125
3.45286
2.68996
2.81234
2.85853
2.80232
2.6857
2.68301
2.6681
3.14474
3.40778
3.13485
3.39313
2.87717
3.4221
2.84962
2.89802
3.42706
3.42068
2.68372
2.80248
3.13911
2.88317
2.68783
2.68386
2.68683
3.24324
2.69052
3.41175
3.42541
3.39498
2.78705
3.44325
3.14027
3.43609
2.69123
3.14494
3.24595
3.40544
3.43442
3.15745
2.86365
3.24011
2.79757
2.65127
3.14085
2.68301
2.68556
3.42825
2.87733
2.85678
3.24386
2.8675
3.39591
2.87007
3.13911
2.89066
3.26381
2.79375
2.66349
2.67455
2.7875
3.38828
3.2343
3.4423
3.40848
3.42328
2.79207
3.40801
3.12829
3.42541
3.3899
2.85025
2.67469
2.70509
3.24136
2.66629
3.13156
2.67624
2.87265
3.37772
2.69522
3.42943
2.79283
3.14611
2.67709
3.24115
3.42352
2.88854
3.21782
3.25076
3.42281
3.41551
3.15294
3.13678
2.66029
2.6761
2.79177
2.68939
2.84756
3.19466
3.20965
3.42754
3.26466
3.21782
2.77751
2.66992
3.4273
2.78902
2.66252
2.78857
3.2314
2.85423
3.41011
2.68273
2.68854
3.41998
2.86557
2.67638
3.24825
2.68329
2.68216
2.66726
3.2281
3.21475
3.39198
2.70955
3.13814
2.80355
2.68896
3.41645
3.42991
3.12521
2.69209
2.67189
3.11145
key space reduction: -0
prob, dist: 
2.67909 24.5605
2.82963 25.5859
3.19029 25.7812
3.41575 24.0723
==============================================
Overall: 
The following is the probability distribution: 
Key reduction: -5.83007
69.339: 0.341119
69.489: 0.35536
69.602: 2.04671
69.752: 2.13216
69.85: 0.358073
69.924: 0.852797
70.074: 0.888401
70.075: 0.334337
70.113: 2.14844
70.187: 1.02336
70.337: 1.06608
70.338: 2.00602
70.339: 2.04671
70.435: 0.895182
70.489: 2.13216
70.509: 0.341119
70.659: 0.35536
70.66: 0.835843
70.698: 1.07422
70.85: 2.14844
70.923: 1.00301
70.924: 1.36447
71.02: 0.358073
71.074: 1.42144
71.075: 2.00602
71.245: 0.334337
71.435: 1.43229
71.509: 0.170559
71.659: 0.17768
71.66: 1.33735
71.924: 0.682237
72.02: 0.179036
72.074: 0.71072
72.187: 4.09342
72.245: 0.167169
72.337: 4.26432
72.435: 0.716146
72.509: 1.70559
72.659: 1.7768
72.66: 0.668674
72.698: 4.29687
72.772: 2.04671
72.922: 2.13216
72.923: 4.01204
72.924: 4.09342
73.02: 1.79036
73.074: 4.26432
73.094: 0.682237
73.244: 0.71072
73.245: 1.67169
73.283: 2.14844
73.435: 4.29687
73.508: 2.00602
73.509: 2.72895
73.605: 0.716146
73.659: 2.84288
73.66: 4.01204
73.83: 0.668674
74.02: 2.86458
74.094: 0.341119
74.244: 0.35536
74.245: 2.6747
74.605: 0.358073
74.83: 0.334337
==============================================
