original prob: 127.66
probability if we exclude those that are not involved in any constraints: 127.66
00,00,00,00, 00,00,00,00, 00,00,00,00, 00,00,00,00, 00,00,04,00,
00,40,40,10, 00,04,04,40, 00,04,04,40, 40,00,04,04, 00,00,00,00,
40,40,00,00, 04,04,00,00, 04,04,00,00, 00,00,04,04, 40,00,00,00,
40,00,00,00, 04,00,00,00, 04,00,00,00, 00,00,00,04, 00,00,04,04,

00,00,00,00, 00,00,00,00, 00,00,00,00, 00,00,00,00, 00,00,00,00,
00,00,00,00, 00,01,01,01, 00,01,01,01, 01,00,01,01, 00,00,00,00,
00,00,00,00, 01,01,00,00, 01,01,00,00, 00,00,01,01, 00,00,01,01,
00,00,00,00, 01,00,00,00, 01,00,00,00, 00,00,00,01, 00,00,00,00,

-------------------------------------------------------
00,00,04,00, 00,00,05,00, 00,00,05,00, 00,00,05,00, 00,01,00,00,
00,00,00,00, 00,00,00,00, 00,04,00,00, 00,00,04,00, 00,00,05,00,
40,00,00,00, 04,00,00,00, 04,00,00,00, 00,00,04,00, 00,00,00,00,
00,00,04,04, 00,00,01,01, 00,00,01,01, 00,01,01,00, 00,00,01,00,

00,00,00,00, 00,00,01,00, 00,00,01,00, 00,00,01,00, 00,00,01,00,
00,00,00,00, 00,00,00,00, 00,00,00,00, 00,00,00,00, 00,00,01,00,
00,00,01,01, 01,00,01,01, 01,00,01,01, 01,01,01,00, 00,00,00,00,
00,00,00,00, 00,00,01,01, 00,00,01,01, 00,01,01,00, 00,00,01,00,

-------------------------------------------------------
00,01,00,00, 00,20,00,00, 00,20,00,00, 00,20,00,00, 00,00,00,00,
00,00,05,00, 00,00,05,00, 00,00,05,00, 00,00,00,05, 00,20,00,00,
00,00,00,00, 00,00,00,00, 00,00,00,00, 00,00,00,00, 00,00,00,05,
00,00,01,00, 00,00,20,00, 00,00,20,00, 00,20,00,00, 00,20,00,00,

00,00,01,00, 00,01,01,00, 00,01,01,00, 00,01,01,00, 00,00,00,00,
00,00,01,00, 00,00,01,00, 00,00,01,00, 00,00,00,01, 00,01,01,00,
00,00,00,00, 00,00,00,00, 00,00,00,00, 00,00,00,00, 00,00,00,00,
00,00,01,00, 00,00,01,00, 00,00,01,00, 00,01,00,00, 00,00,00,00,

-------------------------------------------------------
00,00,00,00, 00,00,00,00, 00,00,00,90, 00,00,00,90, 80,05,00,90,
00,20,00,00, 00,80,00,00, 00,80,00,00, 00,00,80,00, 00,00,00,90,
00,00,00,05, 00,00,00,05, 00,00,00,05, 00,05,00,00, 00,05,80,00,
00,20,00,00, 00,80,00,00, 00,80,00,00, 80,00,00,00, 00,05,00,90,

00,00,00,00, 00,00,00,00, 00,00,00,00, 00,00,00,00, 00,00,00,00,
00,01,01,00, 00,01,01,00, 00,01,01,00, 00,00,01,01, 00,00,00,00,
00,00,00,00, 00,00,00,01, 00,00,00,01, 00,01,00,00, 00,00,00,00,
00,00,00,00, 00,01,00,00, 00,01,00,00, 01,00,00,00, 00,00,00,00,

-------------------------------------------------------
80,05,00,90, 03,01,00,02, 03,01,00,02, 03,01,00,02, 00,01,03,03,
00,00,00,90, 00,00,00,02, 00,00,00,02, 02,00,00,00, 03,01,00,02,
00,05,80,00, 00,01,02,00, 00,01,02,00, 02,00,00,01, 00,00,00,01,
00,05,00,90, 00,01,00,03, 00,01,00,03, 01,00,03,00, 01,01,00,03,

00,00,00,00, 01,01,00,01, 01,01,00,01, 01,01,00,01, 01,00,00,00,
00,00,00,00, 00,00,00,01, 00,00,00,01, 01,00,00,00, 01,01,00,01,
00,00,00,00, 00,01,01,00, 00,01,01,00, 01,00,00,01, 01,00,00,00,
00,00,00,00, 00,01,00,01, 00,01,00,01, 01,00,01,00, 01,00,00,01,

-------------------------------------------------------
00,01,03,03, 00,20,20,20, 00,20,20,20, 00,20,20,20, 20,00,00,00,
03,01,00,02, 20,20,00,09, 20,20,00,b0, b0,20,20,00, 00,20,20,20,
00,00,00,01, 00,00,00,20, 00,00,00,20, 00,20,00,00, b0,00,20,00,
01,01,00,03, 20,20,00,20, 20,20,00,20, 20,00,20,20, 00,00,20,20,

01,00,00,00, 01,01,01,01, 01,01,01,01, 01,01,01,01, 00,00,01,00,
01,01,00,01, 01,01,00,01, 01,01,00,01, 01,01,01,00, 01,01,01,01,
01,00,00,00, 01,00,00,01, 01,00,00,01, 00,01,01,00, 00,01,01,00,
01,00,00,01, 01,01,00,01, 01,01,00,01, 01,00,01,01, 00,01,01,00,

-------------------------------------------------------
20,00,00,00, 80,00,00,00, 80,00,00,00, 80,00,00,00, 00,93,00,00,
00,20,20,20, 00,80,80,80, 00,80,80,80, 80,00,80,80, 80,00,00,00,
b0,00,20,00, 80,00,80,00, 80,00,80,00, 80,00,80,00, 00,00,00,80,
00,00,20,20, 00,00,93,80, 00,00,93,80, 00,93,80,00, 00,00,80,00,

00,00,01,00, 01,00,01,00, 01,00,01,00, 01,00,01,00, 01,00,01,00,
01,01,01,01, 01,01,01,01, 01,01,01,01, 01,01,01,01, 01,00,01,00,
00,01,01,00, 01,01,01,00, 01,01,01,00, 01,00,01,01, 01,00,01,01,
00,01,01,00, 00,01,01,01, 00,01,01,01, 01,01,01,00, 01,00,01,00,

-------------------------------------------------------
00,93,00,00, 00,ea,00,00, 00,00,00,00, 00,00,00,00, 00,00,00,00,
80,00,00,00, 03,00,00,00, 03,00,00,00, 00,03,00,00, 00,00,00,00,
00,00,00,80, 00,00,00,03, 00,00,00,03, 00,03,00,00, 00,00,00,00,
00,00,80,00, 00,00,03,00, 00,00,03,00, 00,03,00,00, 00,03,00,00,

01,00,01,00, 01,01,01,00, 01,01,01,00, 01,01,01,00, 00,01,00,00,
01,00,01,00, 01,00,01,00, 01,00,01,00, 00,01,00,01, 01,01,01,00,
01,00,01,01, 01,00,01,01, 01,00,01,01, 01,01,01,00, 00,01,00,00,
01,00,01,00, 01,00,01,00, 01,00,01,00, 00,01,00,01, 01,01,01,00,

-------------------------------------------------------
00,00,00,00, 00,00,00,00, 00,00,00,00, 00,00,00,00, bc,00,00,00,
00,00,00,00, 00,00,00,00, 00,00,00,00, 00,00,00,00, 00,00,00,00,
00,00,00,00, 00,00,00,00, 00,00,00,00, 00,00,00,00, 00,00,00,00,
00,03,00,00, 00,bc,00,00, 00,bc,00,00, bc,00,00,00, 00,00,00,00,

00,01,00,00, 00,01,00,00, 00,01,00,00, 00,01,00,00, 00,00,00,00,
01,01,01,00, 01,01,01,00, 01,01,01,00, 00,01,01,01, 00,01,00,00,
00,01,00,00, 00,01,00,00, 00,01,00,00, 00,00,00,01, 00,00,00,01,
01,01,01,00, 01,01,01,00, 01,01,01,00, 01,01,00,01, 00,00,00,00,

-------------------------------------------------------
bc,00,00,00, 4c,00,00,00, 00,00,00,00, 00,00,00,00, 00,00,00,00,
00,00,00,00, 00,00,00,00, 00,00,00,00, 00,00,00,00, 00,00,00,00,
00,00,00,00, 00,00,00,00, 00,00,00,00, 00,00,00,00, 00,00,00,00,
00,00,00,00, 00,00,00,00, 00,00,00,00, 00,00,00,00, 00,00,00,00,

00,00,00,00, 01,00,00,00, 01,00,00,00, 01,00,00,00, 00,00,00,00,
00,01,00,00, 00,01,00,00, 00,01,00,00, 00,00,01,00, 01,00,00,00,
00,00,00,01, 00,00,00,01, 00,00,00,01, 00,01,00,00, 00,00,00,00,
00,00,00,00, 00,00,00,00, 00,00,00,00, 00,00,00,00, 00,00,00,00,

-------------------------------------------------------
00,00,00,00, 00,00,00,00, 00,00,00,00, 00,00,00,00, 00,00,00,00,
00,00,00,00, 00,00,00,00, 00,00,00,00, 00,00,00,00, 00,00,00,00,
00,00,00,00, 00,00,00,00, 00,00,00,00, 00,00,00,00, 00,00,00,00,
00,00,00,00, 00,00,00,00, 00,00,00,00, 00,00,00,00, 00,00,00,00,

00,00,00,00, 00,00,00,00, 00,00,00,00, 00,00,00,00, 00,00,00,00,
01,00,00,00, 01,00,00,00, 01,00,00,00, 00,01,00,00, 00,00,00,00,
00,00,00,00, 00,00,00,00, 00,00,00,00, 00,00,00,00, 00,00,00,00,
00,00,00,00, 00,00,00,00, 00,00,00,00, 00,00,00,00, 00,00,00,00,

-------------------------------------------------------
00,00,00,00, 00,00,00,00, 00,00,00,00, 00,00,00,00, 00,00,00,00,
00,00,00,00, 00,00,00,00, 00,00,00,00, 00,00,00,00, 00,00,00,00,
00,00,00,00, 00,00,00,00, 00,00,00,00, 00,00,00,00, 00,00,00,00,
00,00,00,00, 00,00,00,00, 00,00,00,00, 00,00,00,00, 00,00,00,00,

00,00,00,00, 00,00,00,00, 00,00,00,00, 00,00,00,00, 00,00,00,00,
00,00,00,00, 00,00,00,00, 00,00,00,00, 00,00,00,00, 00,00,00,00,
00,00,00,00, 00,00,00,00, 00,00,00,00, 00,00,00,00, 00,00,00,00,
00,00,00,00, 00,00,00,00, 00,00,00,00, 00,00,00,00, 00,00,00,00,

-------------------------------------------------------
00,00,00,00, 00,00,00,00, 00,00,00,00, 00,00,00,00, 00,00,00,00,
00,00,00,00, 00,00,00,00, 00,00,00,00, 00,00,00,00, 00,00,00,00,
00,00,00,00, 00,00,00,00, 00,00,00,00, 00,00,00,00, 00,00,00,00,
00,00,00,00, 00,00,00,00, 00,00,00,00, 00,00,00,00, 00,00,00,00,

00,00,00,00, 00,00,00,00, 00,00,00,00, 00,00,00,00, 00,00,00,00,
00,00,00,00, 00,00,00,00, 00,00,00,00, 00,00,00,00, 00,00,00,00,
00,00,00,00, 00,00,00,00, 00,00,00,00, 00,00,00,00, 00,00,00,00,
00,00,00,00, 00,00,00,00, 00,00,00,00, 00,00,00,00, 00,00,00,00,

-------------------------------------------------------
00,00,00,00, 00,00,00,00, 00,00,00,00, 00,00,00,00, 00,00,00,00,
00,00,00,00, 00,00,00,00, 98,00,00,00, 00,98,00,00, 00,00,00,00,
00,00,00,00, 00,00,00,00, 00,00,00,00, 00,00,00,00, 00,98,00,00,
00,00,00,00, 00,00,00,00, 00,00,00,00, 00,00,00,00, 00,00,00,00,

00,00,00,00, 00,00,00,00, 00,00,00,00, 00,00,00,00, 00,00,00,00,
00,00,00,00, 00,00,00,00, 00,00,00,00, 00,00,00,00, 00,00,00,00,
00,00,00,00, 00,00,00,00, 00,00,00,00, 00,00,00,00, 00,00,00,00,
00,00,00,00, 00,00,00,00, 00,00,00,00, 00,00,00,00, 00,00,00,00,

-------------------------------------------------------
00,00,00,00, 00,00,00,00, 00,00,00,00, 00,00,00,00, 00,00,00,42,
00,00,00,00, 00,00,00,00, 00,00,00,00, 00,00,00,00, 00,00,00,00,
00,98,00,00, 00,42,00,00, 00,42,00,00, 00,00,00,42, 00,00,00,42,
00,00,00,00, 00,00,00,00, 00,00,00,00, 00,00,00,00, 00,00,00,42,

00,00,00,00, 00,00,00,00, 00,00,00,00, 00,00,00,00, 00,00,00,00,
00,00,00,00, 00,00,00,00, 00,00,00,00, 00,00,00,00, 00,00,00,00,
00,00,00,00, 00,01,00,00, 00,01,00,00, 00,00,00,01, 00,00,00,00,
00,00,00,00, 00,00,00,00, 00,00,00,00, 00,00,00,00, 00,00,00,00,

-------------------------------------------------------
00,00,00,42, 00,00,00,08, 00,00,00,08, 00,00,00,08, 00,08,08,08,
00,00,00,00, 00,00,00,00, 00,00,a9,00, 00,00,00,a9, 00,00,00,08,
00,00,00,42, 00,00,00,08, 00,00,00,08, 00,08,00,00, 00,08,00,a9,
00,00,00,42, 00,00,00,08, 00,00,00,08, 00,00,08,00, 00,08,00,08,

00,00,00,00, 00,00,00,01, 00,00,00,01, 00,00,00,01, 00,00,00,00,
00,00,00,00, 00,00,00,00, 00,00,00,00, 00,00,00,00, 00,00,00,01,
00,00,00,00, 00,00,00,01, 00,00,00,01, 00,01,00,00, 00,00,00,00,
00,00,00,00, 00,00,00,01, 00,00,00,01, 00,00,01,00, 00,00,00,00,

-------------------------------------------------------
The constraints are (in the form of (round, position, input_diff, output_diff)
The number infront of each constraint corresponds to the grouping that each constraint falls under.
Each group is treated as independent in this computation
Some constraints may have more than one group identity. These groups have to be considered together
d (1,2,4,5) (2,6,5,5) linear
d (1,2,4,5) (1,8,40,4) (2,e,1,20) linear
4 (2,1,1,20) (3,5,20,80) linear
4 (4,0,80,3) (5,4,3,20) linear
2 (4,1,5,1) (5,5,1,20) linear
1 (4,3,90,2) (5,7,2,9) linear
4 (4,0,80,3) (4,a,80,2) (5,c,1,20) linear
1 (4,3,90,2) (4,9,5,1) (5,f,3,20) linear
8 (5,1,1,20) (6,5,20,80) linear
c (5,2,3,20) (6,6,20,80) linear
f (5,3,3,20) (6,7,20,80) linear
b 0 (5,5,1,20) (4,7,90,2) (4,a,80,2) (5,8,0,0) (6,a,20,80) nonlinear
c 0 (5,2,3,20) (4,7,90,2) (4,a,80,2) (5,8,0,0) (6,e,20,93) nonlinear
2 (6,0,20,80) (7,4,80,3) linear
5 e (6,6,20,80) (5,4,3,20) (5,b,1,20) (6,9,0,0) (7,b,80,3) nonlinear
c 0 4 (5,2,3,20) (4,7,90,2) (4,a,80,2) (5,8,0,0) (5,f,3,20) (6,2,0,0) (6,8,b0,80) (7,e,80,3) nonlinear
9 (7,1,93,ea) (7,b,80,3) (8,d,3,bc) linear
(1,8,40,4) (2,e,1,20) (2,6,5,5)  higher-order linear
(4,a,80,2) (5,c,1,20) (5,4,3,20)  higher-order linear
(4,9,5,1) (5,f,3,20) (5,7,2,9)  higher-order linear
b c (5,5,1,20) (5,2,3,20) (6,e,20,93) (6,a,20,80)  higher-order linear
b (5,5,1,20) (6,e,20,93) (6,a,20,80) (6,6,20,80)  higher-order linear
Original prob: 127.66
Independent prob (prob ignoring the ones depend on keys): 86.6601

These are the splits:
(1,2,4,5) (2,6,5,5) 
(1,2,4,5) (1,8,40,4) (2,e,1,20) 
(1,2,4,5) (1,8,40,4) (2,6,5,5) (2,e,1,20) 
-----------------------------------------------
(2,1,1,20) (3,5,20,80) 
(4,0,80,3) (5,4,3,20) 
(4,0,80,3) (4,a,80,2) (5,c,1,20) 
(4,0,80,3) (4,a,80,2) (5,4,3,20) (5,c,1,20) 
(5,2,3,20) (6,6,20,80) 
(5,2,3,20) (4,7,90,2) (4,a,80,2) (5,8,0,0) (6,e,20,93) 
(5,2,3,20) (4,7,90,2) (4,a,80,2) (5,8,0,0) (5,f,3,20) (6,2,0,0) (6,8,b0,80) (7,e,80,3) 
(5,2,3,20) (5,5,1,20) (5,8,0,0) (6,a,20,80) (6,e,20,93) 
(5,2,3,20) (5,5,1,20) (5,8,0,0) (6,6,20,80) (6,a,20,80) (6,e,20,93) 
(5,5,1,20) (4,7,90,2) (4,a,80,2) (5,8,0,0) (6,a,20,80) 
(6,6,20,80) (5,4,3,20) (5,b,1,20) (6,9,0,0) (7,b,80,3) 
-----------------------------------------------
(4,1,5,1) (5,5,1,20) 
-----------------------------------------------
(4,3,90,2) (5,7,2,9) 
(4,3,90,2) (4,9,5,1) (5,f,3,20) 
(4,3,90,2) (4,9,5,1) (5,7,2,9) (5,f,3,20) 
-----------------------------------------------
(5,1,1,20) (6,5,20,80) 
-----------------------------------------------
(5,3,3,20) (6,7,20,80) 
-----------------------------------------------
(6,0,20,80) (7,4,80,3) 
-----------------------------------------------
(7,1,93,ea) (7,b,80,3) (8,d,3,bc) 
-----------------------------------------------
===============================================
Computing the following constraints theoretically: 
a (1,2,4,5) (2,6,5,5) linear
a (1,2,4,5) (1,8,40,4) (2,e,1,20) linear
a (1,2,4,5) (1,8,40,4) (2,6,5,5) (2,e,1,20) higher order

key space reduction: -1
-4: 100
-------------------------------------
Computing the following constraints theoretically: 
9 (4,1,5,1) (5,5,1,20) linear

key space reduction: -0.192645
-2: 85.7143
-1: 14.2857
-------------------------------------
Computing the following constraints theoretically: 
b (4,3,90,2) (5,7,2,9) linear
b (4,3,90,2) (4,9,5,1) (5,f,3,20) linear
b (4,3,90,2) (4,9,5,1) (5,7,2,9) (5,f,3,20) higher order

key space reduction: 0
-8: 15.625
-7: 21.875
-6.41504: 9.375
-6: 3.125
-4.41504: 3.125
-4.29956: 9.375
-4.19265: 21.875
-4.09311: 15.625
-------------------------------------
Computing the following constraints theoretically: 
9 (5,1,1,20) (6,5,20,80) linear

key space reduction: -0.415037
-3: 66.6667
-0.415037: 33.3333
-------------------------------------
Computing the following constraints theoretically: 
b (5,3,3,20) (6,7,20,80) linear

key space reduction: -0.415037
-3: 66.6667
-0.415037: 33.3333
-------------------------------------
Computing the following constraints theoretically: 
8 (6,0,20,80) (7,4,80,3) linear

key space reduction: -1
-1: 100
-------------------------------------
Computing the following constraints theoretically: 
9 (7,1,93,ea) (7,b,80,3) (8,d,3,bc) linear

key space reduction: 0
-6: 12.5
-5.41504: 25
-5: 25
-4.67807: 25
-4.41504: 12.5
-------------------------------------
==============================================
For the theoretical side: 
The following are the distribution: 
Key reduction: -3.02272
15.338: 0.031002
15.437: 0.0434028
15.544: 0.0186012
15.601: 0.062004
15.66: 0.0062004
15.7: 0.0868056
15.807: 0.0372024
15.923: 0.0744048
16.022: 0.0868056
16.129: 0.0372024
16.245: 0.0124008
16.338: 0.248016
16.437: 0.347222
16.544: 0.14881
16.601: 0.372024
16.66: 0.0496032
16.7: 0.520833
16.807: 0.223214
16.923: 0.477431
17.022: 0.564236
17.129: 0.241815
17.245: 0.0868056
17.338: 0.372024
17.437: 0.520833
17.508: 0.0124008
17.544: 0.223214
17.66: 0.093006
17.83: 0.0124008
17.923: 0.347222
18.022: 0.434028
18.129: 0.186012
18.186: 0.248016
18.245: 0.192212
18.285: 0.347222
18.392: 0.14881
18.508: 0.458829
18.607: 0.347222
18.66: 0.14881
18.714: 0.14881
18.83: 0.217014
18.923: 1.21528
19.022: 1.38889
19.129: 0.595238
19.186: 1.4881
19.245: 0.892857
19.285: 2.08333
19.392: 0.892857
19.508: 2.49256
19.607: 2.25694
19.66: 0.223214
19.714: 0.967262
19.83: 1.01066
19.923: 1.4881
20.022: 2.08333
20.093: 0.0496032
20.129: 0.892857
20.245: 1.25248
20.415: 0.0496032
20.508: 1.38889
20.607: 1.21528
20.714: 0.520833
20.771: 0.248016
20.83: 1.35789
20.87: 0.347222
20.977: 0.14881
21.093: 0.94246
21.192: 0.347222
21.245: 0.967262
21.299: 0.14881
21.415: 0.719246
21.508: 1.88492
21.607: 1.38889
21.714: 0.595238
21.771: 1.4881
21.83: 3.1622
21.87: 2.08333
21.977: 0.892857
22.093: 4.24107
22.192: 2.25694
22.245: 0.892857
22.299: 0.967262
22.415: 3.00099
22.508: 1.4881
22.607: 2.08333
22.678: 0.0496032
22.714: 0.892857
22.83: 3.89385
23: 0.0496032
23.093: 2.38095
23.192: 1.04167
23.299: 0.446429
23.415: 3.32341
23.678: 0.644841
23.83: 2.08333
24: 0.669643
24.093: 0.892857
24.415: 3.52183
24.678: 2.33135
24.83: 0.892857
25: 2.65377
25.415: 3.52183
25.678: 1.4881
26: 2.65377
26.415: 1.4881
27: 0.744048
==============================================
----------------------------------------------
Computing the following experimentally:
a (2,1,1,20) (3,5,20,80) linear
a (4,0,80,3) (5,4,3,20) linear
a (4,0,80,3) (4,a,80,2) (5,c,1,20) linear
a (4,0,80,3) (4,a,80,2) (5,4,3,20) (5,c,1,20) higher order
4 (5,2,3,20) (6,6,20,80) linear
4 9 (5,2,3,20) (4,7,90,2) (4,a,80,2) (5,8,0,0) (6,e,20,93) nonlinear
4 9 a (5,2,3,20) (4,7,90,2) (4,a,80,2) (5,8,0,0) (5,f,3,20) (6,2,0,0) (6,8,b0,80) (7,e,80,3) nonlinear
4 3 (5,2,3,20) (5,5,1,20) (5,8,0,0) (6,a,20,80) (6,e,20,93) higher order
4 3 (5,2,3,20) (5,5,1,20) (5,8,0,0) (6,6,20,80) (6,a,20,80) (6,e,20,93) higher order
3 9 (5,5,1,20) (4,7,90,2) (4,a,80,2) (5,8,0,0) (6,a,20,80) nonlinear
e 6 (6,6,20,80) (5,4,3,20) (5,b,1,20) (6,9,0,0) (7,b,80,3) nonlinear
computing with 128 valid keys or 2^18 possible keys and 2^18 random plaintexts
computing with 128 valid keys or 2^18 possible keys and 2^18 random plaintexts
computing with 128 valid keys or 2^18 possible keys and 2^18 random plaintexts
computing with 128 valid keys or 2^18 possible keys and 2^18 random plaintexts
computing with 128 valid keys or 2^18 possible keys and 2^18 random plaintexts
computing with 128 valid keys or 2^18 possible keys and 2^18 random plaintexts
computing with 128 valid keys or 2^18 possible keys and 2^18 random plaintexts
computing with 128 valid keys or 2^18 possible keys and 2^18 random plaintexts
computing with 128 valid keys or 2^18 possible keys and 2^18 random plaintexts
computing with 128 valid keys or 2^18 possible keys and 2^18 random plaintexts
computing with 128 valid keys or 2^18 possible keys and 2^18 random plaintexts
computing with 128 valid keys or 2^18 possible keys and 2^18 random plaintexts
computing with 128 valid keys or 2^18 possible keys and 2^18 random plaintexts
computing with 128 valid keys or 2^18 possible keys and 2^18 random plaintexts
computing with 128 valid keys or 2^18 possible keys and 2^18 random plaintexts
computing with 128 valid keys or 2^18 possible keys and 2^18 random plaintexts
15.4882
16.8003
17.4001
13.6491
14.6469
16.7905
18
15.612
14.5758
13.8102
17.625
14.7473
15.8863
11.3133
14.6849
16.4531
10.4473
14.0946
11.9566
14.5843
14.8401
14.7664
15.2418
16.2318
17.8102
17.6424
14.1006
16.142
14.191
18.142
16.1113
16.625
17.142
13.9902
15.7473
20.2996
19.142
14.3188
17.2585
17.5406
11.7652
16.8604
15.5081
16.0458
16.8811
15.1235
18.7146
13.4264
15.0142
17.6962
15.8452
15.6601
18.0458
10.5914
14.2858
12.006
14.9152
16.5654
14.3543
13.16
13.6905
18.0227
16.9556
13.5192
18.5081
18.1926
17.5406
10.2918
17.2721
14.0184
17.4454
13.6337
18.415
14.8052
16.4686
18.1671
15.8201
17.4608
15.6293
13.8503
15.4647
14.6293
12.0465
12.9749
14.6446
15.3779
17.415
17.4608
17.1174
18.2186
17.4001
15.6469
19.415
15.3779
15.4226
16.2252
15.1671
17.4301
16.8102
15.2252
18.2721
13.5447
14.1128
11.8167
15.7521
15.0142
18.0693
16.8915
12.6585
16.1608
14.7688
12.6911
13.8276
15.5571
17.8915
14.2823
10.9324
17.1545
17.8102
16.3706
17.0575
17.625
14.1545
15.0458
17.3276
14.7309
17.6962
14.7239
15.1235
13.8452
18.1174
15.6826
14.5949
15.1735
14.7123
17.1671
10.74
16.1052
15.3489
16.017
18.0458
14.1592
18.2996
11.3305
12.9407
17.5081
17.3706
14.863
16.7521
15.6557
14.9046
15.3205
15.71
14.3779
17.2721
18.0458
14.4804
13.626
16.6871
20.1926
17.5243
15.7054
13.5375
15.3454
17.6962
16.8915
14.5991
14.6736
16.8201
16.5002
15.7616
16.3853
16.8811
17.3276
14.5081
15.183
18
18.7905
14.1608
10.601
15.3065
14.6513
14.4902
14.9529
15.3135
15.1143
16.1235
14.5488
11.8879
15.8503
17.1174
15.0782
15.7568
13.7309
18.0227
17.8915
14.1189
11.4012
14.2121
14.8604
15.3634
14.059
18.5737
14.4245
14.1991
17.8503
14.8477
14.4804
17.3276
18.4454
15.6513
15.6469
14.7712
14.7285
13.3302
17.9125
16.6781
15.3276
19.9125
13.3373
15.3816
12.9776
14.5821
13.7676
13.0292
14.4473
14.1189
13.4141
17.5571
16.9339
17.8102
13.2644
15.6691
16.8811
16.8604
16.1926
15.4843
12.2845
13.7893
18.6424
17.7905
16.1235
19.5406
11.7034
16.2056
17.6781
17.2996
15.0313
17.0113
14.7905
12.3445
12.5137
14.2944
15.1235
16.3418
17.5081
16.8503
11.5434
13.9192
17.1926
12.0393
12.8895
17.8707
18.4764
17.8707
15.2518
18.9556
14.2351
14.2318
15.9888
15.1483
11.2326
16.1608
17.2318
17.9125
16.4301
13.2485
18.6424
14.745
18.0458
13.6381
15.7239
17.8707
12.251
12.8257
10.764
14.6034
13.0078
13.5769
14.3871
13.7332
16.5737
14.7403
18.0458
14.0502
14.3311
13.2577
13.902
15.1766
14.4075
14
14.4075
11.1223
15.5283
16.0693
11.264
12.8791
11.959
15.7054
17.1671
17.1671
17.0113
14.7123
12.7826
16.3561
18.1174
14.2302
16.8503
14.5263
17.2451
17.1296
18.142
17.8915
15.8967
16.6601
13.8824
16.1358
17.8301
17.4454
18.415
12.758
16.0991
18.6781
16.1735
16.8915
13.4706
15.1703
14.986
14.2978
18.3276
19.2996
14.4359
17.1671
17.9556
15.8052
15.7192
17.6077
13.8746
15.6337
18.1926
18.5737
13.5949
14.863
14.8126
14.3489
18.4764
17.6077
14.4962
15.8351
13.3871
13.1052
16.0871
16.6077
18.5081
17.5406
13.9366
16.3418
13.284
17.415
17.1671
11.5268
16.4454
15.2252
15.7905
16.0113
17.3706
18.1174
16.0342
13.2518
14.8553
16.9666
14.4902
16.8915
17.6962
16.8003
18.3276
11.831
18.3561
14.2602
17.4922
13.2798
16.6601
14.9285
16.0342
15.9179
14.7979
15.8052
16.8003
14.6424
13.1014
18.1174
15.4922
17.9556
16.4843
14.6894
14.986
15.2418
14.3579
18.2186
16.0285
13.9707
10.5798
15.142
14.7521
11.9787
18.0931
13.4657
19.415
14.5488
11.5719
14.9046
11.8746
13.9339
16.5406
15.8915
14.986
15.9179
16.4686
14.8656
15.4301
16.0285
16.0871
16.0811
17.2318
16.7054
18.2996
16.4075
14.5385
12.2256
14.8941
13.8915
18.0693
15.7054
17.1671
15.1143
11.1812
18.3561
14.3418
18.5081
14.4628
15.1735
18.0458
14.2944
15.0901
16.4531
15.0604
14.9776
14.8201
17.4764
17.1545
14.367
13.9232
12.9359
16.8604
15.5571
15.5447
18.415
14.7169
16.3927
13.554
15.9502
17.2186
13.9597
18.2721
12.191
14.9832
11.8589
16.2451
14.6098
14.8553
16.9339
17.6962
18.2451
15.1483
15.0458
18.7905
14.191
16.6424
17.3135
15.5202
16.5081
17.4922
13.109
13.745
17.0931
14.7664
18.4764
13.5832
16.8003
14.7568
18.142
16.6871
18.1671
14.8276
14.9366
16.3135
10.7329
14.5283
10.9498
17.0575
15.0575
18.1174
13.625
11.64
15.0429
15.0991
18.0227
14.2023
14.7979
16.7239
17.9556
18.0227
15.7379
15.1052
15.303
18
18.415
15.3816
17.142
18.0227
18.7905
16.902
16.2451
14.5344
14.6535
19.4764
14.4628
13.2772
13.6098
14.8077
13.6502
15.7808
17.9339
16.9232
12.3945
11.7224
18.8301
17.6077
14.7688
12.7634
14.3188
12.3945
14.2568
13.2064
17.1052
16.8003
14.7403
17.4001
17.7521
11.8589
16.2721
18.1671
14.7688
16.5571
14.4454
16.2585
13.7367
18.1671
17.0931
13.7905
19.0931
11.2615
12.6546
17.3561
15.1735
13.686
13.7274
16.6601
15.0142
15.5864
13.9502
14.0604
13.9958
16.6163
15.0313
18.7146
15.0056
18.0693
17.8102
16.1671
14.2434
16.6513
12.7942
10.624
13.6724
14.8028
12.4306
11.6096
12.6206
14.7544
15.8863
13.3091
15.9502
17.2585
16.1052
14.6228
18.4454
14.7544
14.7905
16.2518
15.303
13.4922
14.2318
16.3276
19.415
11.5002
17.6781
17.2858
11.3911
13.3862
13.8798
13.31
15.0931
17.9125
17.1926
15.4113
11.2176
14.9888
14.3135
15.0961
13.0199
13.9152
13.2351
14.9339
15.6293
14.3436
11.429
13.3982
15.0811
17.8503
15.457
16.4843
13.725
14.4264
17.3561
14.5081
15.2384
14.4962
17.625
14.6098
14.5885
15.303
15.8656
14.8427
14.9205
17.4764
14.7285
15.7239
15.0028
12.735
14.9666
16.8003
13.5324
14.9666
17.3135
17.9125
13.3525
12.0349
15.7192
17.2451
14.5488
15.2858
15.1266
14.6826
18.7905
18.9125
16.6424
13.6152
15.7664
14.9474
17.5243
15.317
15.5821
16.3065
13.4122
16.0227
15.0199
19.7521
17.2056
16.4001
15.6781
14.8452
11.9471
16.017
17.625
17.5571
18.6781
13.3616
14.3835
14.31
18.142
18.2996
16.7054
12.1675
15.3382
14.6206
16.6871
17.5081
14.4169
12.817
14.0342
16.6513
10.7769
17.6424
16.8401
16.8811
19.2996
12.7152
13.5012
14.7833
17.6962
15.7426
16.9776
14.2789
14.8528
17.8707
12.9468
18.2451
12.9139
13.0648
17.0575
16.7905
19
15.6557
14.1514
15.0516
14.2203
17.8707
13.0901
16.0871
15.3454
15.4686
17.4922
11.2535
14.2687
18.9556
15.8863
16.2653
16.4531
10.2796
15.7008
17.7712
12.9218
13.4113
16.0113
13.2285
14.3135
18.5737
13.7158
14.1639
14.7857
15.1959
17.9125
13.0414
17.4764
14.2636
14.7616
15.7905
12.0335
18.1926
16.8201
16.6424
15.9393
15.4531
10.4905
10.5295
17.5243
15.8707
17.5737
15.9888
14.4113
17.7332
14.8811
14.9339
14.5102
18.1671
16.1671
17.7332
14.5102
17.4608
16.7521
14.8915
15.8052
17.2585
15.4264
16.5571
14.8052
13.4397
13.5293
17.625
18.415
16.9776
15.1174
14.6849
13.7616
15.9776
15.8452
12.979
14.7736
18.2451
18.0931
15.3065
11.8759
16.8915
16.2518
15.1926
13.2343
15.9721
14.4301
17.5906
19.2996
14.1959
13.3516
16.9339
14.8251
14.0299
17.2056
13.7748
16.6962
18
16.6871
14.9125
14.2501
13.3391
16.8201
12.94
15.9502
15.8003
17.7905
16.6424
18.8707
18.0693
12.9033
14.8201
11.673
14.4608
16.2318
14.4493
17.625
11.326
17.5906
18.142
16.8401
15.6781
15.7426
14.8052
11.7479
16.2789
13.3039
10.8309
17.2186
18.6424
18
15.7054
14.8993
14.8326
15.8401
15.0313
16.4764
13.0991
13.6837
13.5906
17.8301
16.4922
17.0693
15.9232
12.8433
17.0931
17.1798
10.0318
17.3418
17.2318
10.8052
16.0458
14.1639
16.7426
17.5906
18.2721
13.8915
19.0458
12.6359
15.317
17.0693
17.415
13.6304
13.2815
14.8579
15.1174
14.2252
17.3561
14.5263
18.6781
14.8993
18.1671
15.8604
12.5472
10.4227
15.4962
14.9205
14.1052
15.9611
15.8656
12.8245
14.4454
14.3853
13.3982
15.8915
18.3853
14.4942
13.1312
17.4608
17.7712
16.0113
15.6962
17.1296
14.0227
15.5571
14.3743
18.6781
16.5162
15.8811
15.4113
15.4922
19.0458
16.7332
14.056
13.9611
13.3761
14.6691
15.5202
15.0371
15.776
13.0142
16.2318
13.5182
16.3927
14.4339
15.1798
11.281
13.5365
18.415
17.7712
14.6163
14.8837
18.0931
14.2585
13.5727
17.5243
17.3706
10.5651
14.6894
16.5243
14.7403
12.9645
17.9776
14.34
15.8251
15.0546
14.7473
15.902
15.625
16.7239
15.9179
13.6469
12.0531
16.1483
16.7332
17.1296
14.1235
17.4922
13.4579
15.3598
12.686
14.7808
14.6491
13.7845
16.4226
15.5243
13.0984
16.8003
13.5769
15.1143
16.9339
13.8553
17.3853
14.7146
13.8164
14.457
16.1991
14.5779
17.0693
14.7403
14.6185
14.1235
16.4531
12.8592
16.3489
16.0575
12.9079
18
17.5737
17.2451
18.6077
15.0113
17.5737
16.5991
15.1735
12.4823
16.5243
15.1991
18.1926
11.7625
14.4075
10.7863
14.3329
11.6613
11.7634
15.9721
15.1766
18.6077
16.3779
14.5779
14.1052
13.8772
17.3853
16.2996
15.017
15.0313
10.867
13.9529
15.7954
14.2996
17.3135
10.8688
14.6446
15.4416
15.2721
15.5821
16.7616
13.2858
17.4608
14.5041
16.4608
14.6668
15.7521
15.1389
13.0285
13.183
15.612
12.4589
14.3927
18.6424
14.5716
16.0056
13.2961
14.7473
16.902
16.7521
11.4952
17.7905
14.2619
15.5081
16.6424
12.8276
15.1266
14.793
12.012
16.6871
14.7146
17.7905
16.7616
14.5991
11.297
12.7539
17.4922
14.7473
17.3418
14.04
11.7848
18.4454
13.5293
12.9105
11.4174
15.0487
12.2455
15.2219
15.5864
15.1766
16.1174
11.5205
15.1766
17.5243
14.4454
14.5385
11.5724
12.7881
18
14.0227
17.1671
14.7054
13.1436
14.3293
14.5447
14.0328
15.8351
14.3188
14.8401
19
12.5758
15.1862
18.6424
17.4764
15.2451
17.9776
10.9033
14.8452
12.0608
15.8151
15.8151
15.1766
17.1926
14.056
15.5695
15.9232
15.6601
13.456
14.7216
16.9776
13.4962
14.0184
14.027
18.1671
15.0342
16.7332
16.5571
13.993
13.8746
14.6646
14.1312
14.8528
10.3914
17.6962
14.31
14.8176
14.0901
15.3853
14.6917
13.2678
16.7054
11.782
13.7204
14.8579
14.2568
16.9339
13.7285
12.6013
10.4045
14.0856
15.0575
13.7473
17.5906
15.324
14.0575
15.4804
18.0931
13.1343
16.7332
11.8326
15.2653
18.3276
17.5906
12.8746
15.6469
11.7592
16.6077
13.2023
10.5607
14.8477
11.4618
17.3276
12.7718
15.5041
13.8592
16.3853
12.2459
12.1608
13.9625
14.3364
14.0313
19.1926
14.3908
15.1766
18.2721
14.2335
11.2993
11.2663
17.8707
16.3205
13.6424
17.2996
14.0946
13.6381
11.9319
12.2489
12.8843
12.6934
14.1592
13.5843
13.8656
18.9125
18.6424
15.5991
18.7905
17.4922
10.9762
17.6962
16.0811
16.8503
19.6077
16.9776
17.4454
15.4301
17.8915
15.1483
18.5406
11.2659
18.4764
16.2318
14.9205
16.1296
15.8301
15.3743
14.1703
14.4454
13.3992
17.5406
12.8681
18
17.1052
15.9339
13.7808
11.0652
17.6077
17.8102
15.8967
15.6163
16.0227
12.4316
14.4589
14.7169
15.7616
14.9832
15.5365
13.6034
14.3454
15.0458
16.1798
14.4339
15.4843
15.017
17.9125
17.5081
16.7521
12.7438
14.8579
16.9556
17.0227
16.3927
16.5654
14.745
14.5406
14.3543
17.4608
14.6055
16.6513
15.1959
15.4075
15.5202
14.6646
17.2318
17.8102
17.2585
15.6691
14.8863
17.3276
15.8401
16.7332
13.8376
19.0931
14.0414
12.1616
14.8176
18.1926
17.6601
12.6618
16.5906
12.2023
13.3039
13.2195
18.8301
18.1926
10.9393
16.7905
12.9026
16.7712
15.5779
12.9923
18.2996
16.6163
16.5906
14.6163
11.392
15.6646
15.0604
13.637
13.9611
18.2996
16.5906
11.9815
16.9339
16.6871
14.0099
18.3561
14.4132
13.938
13.3844
14.3835
13.8052
14.5885
17.3135
14.6163
14.7616
16.3634
16.5991
11.7268
17.8707
12.9673
17.6424
18.5406
15.7146
16.9232
14.0737
17.3853
12.872
11.5978
12.3276
19.142
14.7008
13.8288
15.5406
14.6337
16.2318
13.668
15
17.4454
18.142
14.9259
18.3561
15.8811
15.8251
11.2418
11.8646
15.2926
15.7905
14.625
16.2121
18.3561
14.3153
16.3418
18.3276
16.4531
17.3853
16.5991
18.8301
13.9972
14.793
12.9198
16.5324
17.8915
14.8477
15.1639
16.1545
15.4264
13.6055
13.0134
16.5081
16.1052
16.2858
16.5906
17.7712
17.4764
17.1052
15.3205
17.3706
16.1862
11.9566
15.324
14.0991
13.9205
17.0811
14.4188
11.9272
13.3589
15.1926
16.6337
14.5263
15.457
18.4764
18.3276
16.3706
15.6962
12.6491
15.2858
11.5164
15.7664
14.8915
14.9583
13.7881
15.7521
12.3445
15.0991
13.8772
15.7664
15.5654
16.8604
17.5081
16.8102
14.8863
14.7192
14.8759
14.9721
12.8656
13.9407
14.5102
14.8681
17.2451
15.6601
12.2606
15.4001
18.8707
14.7979
15.6691
14.9312
12.0498
18.3561
18.3853
14.0242
16.9888
15.3489
16.3561
14.7905
13.0849
15.5243
13.5917
17.6781
16.2056
12.3083
10.4997
14.9611
14.1798
13.5664
15.9944
12.6708
19.6077
15.3382
14.4608
13.6974
15.7192
13.4647
16.7054
11.4954
17.4608
15.31
14.2007
18.415
14.5041
19.0931
12.4024
17.3418
14.9832
18.5081
17.4301
13.7918
12.9958
13.022
16.5488
14.6535
11.8379
15.1926
17.3135
18.0458
17.8102
17.2585
12.9515
14.6624
17.4922
18.5081
16.4378
15.0634
17.1798
14.3507
16.0227
16.6962
11.5806
12.1632
14.7356
16.1174
13.9033
16.3489
14.142
13.7688
14.0931
12.2389
14.9638
18.415
15.303
15.1735
18.1174
14.7146
16.8503
18.4764
15.0722
15.2219
15.9232
12.0856
16.8401
18.2451
17.0113
17.8707
17.5571
14.5509
15.2186
16.2858
16.4226
17.2721
13.7054
15.5991
17.0811
19.8301
14.8863
15.1113
17.4608
15.2653
16.5324
17.1174
18.3853
17.7332
14.3205
16.8102
14.4667
14.0856
17.0931
15.2653
15.5737
13.4397
11.4733
17.9339
19.1926
14.2704
15.0961
17.0342
14.9312
15.7239
17.7905
17.9125
14.9721
17.6077
16.9666
14.2789
18.0458
11.9635
18.142
15.367
15.317
11.4188
13.5102
18.1926
15.183
17.5406
15.3853
19.3561
17.5243
11.7485
19
13.8876
13.5874
13.8114
14.9232
15.9232
14.1097
15.7568
12.2281
14.5162
13.6282
14.6206
15.367
15.5283
12.5659
15.1235
16.2056
17.3276
12.0575
15.4038
14.6055
17.6424
17.1174
14.8579
13.863
13.6849
17.9125
17.7521
15.9721
17.0811
11.4611
14.5612
16.7712
14.8528
14.6962
17.415
18.7905
15.0575
16.7521
16.902
18.0693
15.1991
18.0227
12.3885
14.5843
16.4686
12.1727
14.7521
18.2451
15.4686
12.044
14.1576
13.389
14.625
11.862
12.7025
12.4977
15.3276
15.3853
14.0156
17.6962
19.0931
15.2823
13.7438
15.3382
14.5488
15.2318
16.8201
17.1296
12.3074
16.6962
11.2003
17.8915
18.2186
15.5081
17.9776
13.597
14.8226
15.6077
18.0227
12.0021
15.2418
13.9312
16.6163
11.8585
17.4764
14.8837
17.2721
17.8707
17.3706
15.7664
17.6424
15.9447
14.5142
16.1991
18.0693
15.6469
18.2721
15.9611
15.8102
16.8003
14.6359
18
14.0856
13.0502
11.9478
18.5737
13.6624
12.4024
15.0604
17.9125
15.6601
12.0516
15.7379
13.8528
15.9556
15.5324
16.9666
14.4863
17.142
16.5081
14.6034
17.6601
14.4359
14.6271
16.5002
14.8733
14.7592
15.9944
18.9556
18.142
14.6469
16.4301
15.7808
15.3311
17.0227
17.1926
14.2072
14.3853
14.1894
13.8876
14.1655
16.6513
11.8257
17.6424
14.1219
16.1671
17.3276
14.625
14.8401
17.625
15.2619
15.1798
13.7556
14.4942
17.4764
15.5779
14.7688
15.2088
11.362
18.0693
14.3454
17.2858
14.0678
15.1862
17.3706
17.9339
17.4608
15.1143
14.6293
15.4301
16.1113
13.5633
15.6469
14.9285
16.2318
13.3373
14.3964
13.5895
15.0901
18.0693
15.8301
16.0056
18.1174
10.8871
16.017
17.1798
16.0575
11.9089
11.7335
14.1343
15.6736
16.1545
14.9125
17.5081
11.4103
16.3706
14.7833
14.8733
14.2653
17.0342
15.2823
12.4853
17.5571
14.9152
15.5906
17.4301
12.2297
14.6668
14.1097
17.6077
14.5002
10.6246
18.2186
14.2755
11.1498
12.1834
16.7808
17.1671
15.6513
18.1671
17.5737
14.0371
17.0575
16.017
14.34
16.4226
15.1296
14.8251
16.4608
13.3498
17.4608
13.2203
17.1296
14.0531
13.9749
15.6601
11.8251
16.7054
18.0227
17.1798
15.6381
16.9666
11.0378
14.7146
14.9666
16.9666
11.628
18.2721
13.8811
17.3418
15.0028
10.648
16.2653
15.3205
17.7146
17.1671
15.2121
14.7688
11.5793
18.5081
17.4301
14.8427
17.2585
14.3908
14.9232
13.7712
16.2186
14.3329
14.1894
15.7332
16.2518
14.5406
12.0202
14.8176
14.2568
13.5938
15.457
11.5545
15.0227
14.9179
14.8276
13.863
16.7426
15.0811
15.0285
14.324
17.5906
15.6077
11.4813
16.3706
16.9125
17.1671
16.5002
14.7905
17.5737
14.2926
15.5447
15.1266
16.5162
14.9916
14.3616
18.3561
14.4725
17.4301
11.7262
14.3083
13.5457
16.4001
15.2285
16.3779
19.5406
12.1239
15.5906
11.9026
17.3853
10.5615
12.822
17.1798
14.0531
14.0707
14.0931
16.7146
15
14.9046
17.7521
18.415
13.3835
15.4301
15.5243
17.1926
14.4359
13.5152
15.9721
17.0693
16.0811
12.3405
17.0693
14.4512
16.5002
14.3616
15.5447
15.3205
10.47
14.2653
15.2823
16.9125
13.432
14.9972
17.3853
14.7262
14.9804
18.8301
17.8503
15.3927
18.3561
17.4608
17.7146
13.4368
13.885
13.8772
13.9245
15.3964
14.7979
16.4226
14.8733
17.0575
14.6803
13.4882
13.7008
15.2186
15.4608
14.8151
14.6557
15.2252
11.473
16.2653
12.3656
13.4784
16.5737
13.112
14.2738
10.6263
14.3065
11.0078
14.2806
18.1174
12.2798
13.5263
11.5316
15.8553
14.7192
15.6691
13.9818
18.2721
16
14.3382
12.8733
16.6601
15.9339
11.5265
16.0871
14.1878
12.0389
15.3598
17.9556
14.7616
12.9597
16.2721
14.8553
15.902
14.7169
15.3816
14.8126
18.6781
14.1067
19.3561
18.1671
14.2318
13.1687
16.5737
13.9735
17.6962
14.9312
13.9762
16.6871
19.0458
17.6601
14.9393
15.1608
17.7521
17.4922
14.5182
15.7905
17.7712
16.0056
14.4982
18.7521
15.6034
16.8503
12.6843
12.9839
16.8707
15.2485
15.5041
18.6424
16.7332
16.6424
16.1545
13.8759
14.6013
13.6502
15.8201
15.1451
11.2987
key space reduction: -3.07919
prob, dist: 
10.1557 0.0976562
11.0491 3.80859
11.8495 3.17383
12.4474 3.17383
13.0485 4.00391
14.7051 46.3379
16.1434 6.68945
16.5422 3.56445
16.8322 5.32227
17.2812 7.4707
17.5998 3.27148
17.8462 3.17383
18.0897 3.36914
18.3749 3.27148
18.996 3.125
20.1349 0.146484
==============================================
Overall: 
The following is the probability distribution: 
Key reduction: -6.10191
112.154: 3.02754e-05
112.253: 4.23855e-05
112.36: 1.81652e-05
112.417: 6.05508e-05
112.475: 6.05508e-06
112.516: 8.47711e-05
112.623: 3.63305e-05
112.739: 7.26609e-05
112.838: 8.47711e-05
112.945: 3.63305e-05
113.047: 0.00118074
113.06: 1.21102e-05
113.147: 0.00165304
113.154: 0.000242203
113.253: 0.00104753
113.31: 0.00236148
113.36: 0.000145322
113.369: 0.000236148
113.41: 0.00330607
113.417: 0.000363305
113.475: 4.84406e-05
113.516: 0.00192551
113.623: 0.000217983
113.632: 0.00283378
113.731: 0.00330607
113.739: 0.000466241
113.838: 0.0019679
113.847: 0.00098395
113.945: 0.000236148
113.947: 0.00137753
113.954: 0.000472296
114.047: 0.00944592
114.054: 0.00059037
114.06: 8.47711e-05
114.11: 0.0019679
114.147: 0.0132243
114.154: 0.000363305
114.169: 0.00019679
114.21: 0.00275506
114.253: 0.00617618
114.31: 0.0141689
114.317: 0.00118074
114.323: 1.21102e-05
114.36: 0.000217983
114.369: 0.00188918
114.41: 0.0198364
114.432: 0.00236148
114.445: 0.00098395
114.475: 9.08261e-05
114.516: 0.00850133
114.532: 0.00275506
114.545: 0.00137753
114.632: 0.0181834
114.639: 0.00118074
114.645: 1.21102e-05
114.652: 0.00059037
114.708: 0.0019679
114.731: 0.0214895
114.739: 0.000339084
114.754: 0.00039358
114.767: 0.00019679
114.808: 0.00275506
114.838: 0.00963362
114.847: 0.0078716
114.915: 0.00118074
114.945: 0.000181652
114.947: 0.0110202
114.954: 0.00330607
115.002: 0.000242203
115.03: 0.00236148
115.046: 0.00124129
115.047: 0.0141689
115.054: 0.00472296
115.06: 0.000187707
115.101: 0.000339084
115.11: 0.0118074
115.13: 0.00275506
115.146: 0.00173781
115.147: 0.0198364
115.169: 0.00157432
115.208: 0.000145322
115.21: 0.0165304
115.217: 0.000472296
115.237: 0.00118074
115.253: 0.0092461
115.309: 0.00248258
115.317: 0.00708444
115.323: 0.000448076
115.352: 0.00039358
115.368: 0.000248258
115.369: 0.00354222
115.409: 0.00347561
115.423: 0.000339084
115.432: 0.0151528
115.445: 0.0078716
115.475: 0.000145322
115.516: 0.00148955
115.53: 0.000145322
115.532: 0.0179079
115.539: 0.000472296
115.545: 0.0110202
115.631: 0.0029791
115.632: 0.0132243
115.639: 0.00767481
115.645: 0.000211928
115.652: 0.00472296
115.708: 0.0118074
115.731: 0.020006
115.739: 0.00118679
115.754: 0.00275506
115.767: 0.00157432
115.808: 0.0165304
115.838: 0.00993032
115.847: 0.0118074
115.895: 0.00944592
115.915: 0.00708444
115.945: 0.000581287
115.947: 0.0165304
115.953: 0.000496516
115.954: 0.00732059
115.995: 0.0132243
116.002: 0.00145322
116.017: 0.00039358
116.03: 0.0151528
116.046: 0.00993032
116.054: 0.00708444
116.06: 0.000871931
116.101: 0.00770206
116.13: 0.0179079
116.146: 0.0139025
116.169: 0.00295185
116.208: 0.000871931
116.217: 0.0174749
116.237: 0.00767481
116.253: 0.00595819
116.309: 0.0148955
116.316: 0.0132243
116.323: 0.00243414
116.339: 0.00039358
116.352: 0.00275506
116.368: 0.00198606
116.369: 0.00566755
116.409: 0.0208537
116.423: 0.0078716
116.432: 0.0110202
116.445: 0.0118074
116.475: 0.000217983
116.516: 0.00893729
116.53: 0.000944592
116.532: 0.0137753
116.539: 0.00826518
116.545: 0.0165304
116.615: 0.00039358
116.631: 0.0191159
116.632: 0.046285
116.639: 0.0059037
116.645: 0.000986977
116.652: 0.00708444
116.695: 0.0078716
116.703: 0.0143657
116.731: 0.0754886
116.739: 0.00145322
116.754: 0.00610049
116.767: 0.00295185
116.795: 0.0110202
116.803: 0.0201119
116.838: 0.0343868
116.895: 0.0566755
116.902: 0.00472296
116.908: 4.84406e-05
116.909: 0.0086194
116.937: 0.00039358
116.945: 0.000871931
116.953: 0.00347561
116.954: 0.0340053
116.966: 0.0287313
116.995: 0.0793457
117.017: 0.0145625
117.025: 0.00287313
117.03: 0.0110202
117.046: 0.0148955
117.06: 0.00122313
117.066: 0.0402239
117.101: 0.0340053
117.117: 0.0110202
117.13: 0.0137753
117.146: 0.0208537
117.169: 0.00472296
117.172: 0.0172388
117.216: 0.000496516
117.217: 0.0949315
117.224: 0.00472296
117.23: 4.84406e-05
117.237: 0.0059037
117.253: 0.00893729
117.288: 0.0344776
117.293: 0.0078716
117.316: 0.0859578
117.323: 0.00135634
117.339: 0.00688765
117.352: 0.00610049
117.368: 0.00372387
117.369: 0.00850133
117.387: 0.0402239
117.393: 0.0110202
117.423: 0.0380259
117.432: 0.0385708
117.494: 0.0172388
117.5: 0.00472296
117.53: 0.000508626
117.532: 0.0440809
117.538: 0.000496516
117.539: 0.0384921
117.587: 0.000242203
117.61: 0.00574627
117.615: 0.0145625
117.631: 0.0139025
117.632: 0.0566755
117.639: 0.0188918
117.645: 0.00132606
117.686: 0.000339084
117.695: 0.0472296
117.703: 0.114925
117.715: 0.0110202
117.731: 0.0967238
117.754: 0.0283378
117.767: 0.00472296
117.793: 0.000145322
117.795: 0.0661214
117.802: 0.00188918
117.803: 0.160895
117.822: 0.00472296
117.838: 0.041453
117.894: 0.00993032
117.902: 0.0283378
117.908: 0.000920371
117.909: 0.0689552
117.937: 0.00688765
117.953: 0.007696
117.954: 0.0477019
117.966: 0.172388
117.994: 0.0139025
118.008: 0.000339084
118.017: 0.0791096
118.025: 0.0229851
118.03: 0.0385708
118.06: 0.000944592
118.066: 0.241343
118.101: 0.00595819
118.115: 0.000145322
118.117: 0.0716315
118.124: 0.00188918
118.13: 0.0440809
118.141: 0.00207386
118.169: 0.00708444
118.172: 0.103433
118.216: 0.0183711
118.217: 0.0528971
118.224: 0.0306992
118.23: 0.000702389
118.237: 0.0188918
118.241: 0.00290341
118.288: 0.221231
118.293: 0.0472296
118.316: 0.0601874
118.323: 0.00184074
118.339: 0.0320768
118.348: 0.00124432
118.352: 0.0283378
118.368: 0.00595819
118.387: 0.261455
118.393: 0.0661214
118.404: 0.00414773
118.423: 0.027151
118.432: 0.0472296
118.463: 0.000414773
118.48: 0.00944592
118.494: 0.112052
118.5: 0.0283378
118.504: 0.00580682
118.53: 0.000581287
118.532: 0.0661214
118.538: 0.00868903
118.539: 0.0517164
118.54: 0.00110505
118.579: 0.0132243
118.587: 0.00145322
118.602: 0.00157432
118.61: 0.0402239
118.611: 0.00248864
118.615: 0.0791096
118.631: 0.0486586
118.639: 0.0283378
118.64: 0.00154707
118.645: 0.00308809
118.686: 0.00770206
118.703: 0.172388
118.715: 0.0716315
118.726: 0.00497727
118.731: 0.0556098
118.746: 0.000663031
118.754: 0.0397516
118.767: 0.00708444
118.793: 0.000871931
118.802: 0.0358945
118.803: 0.243553
118.822: 0.0306992
118.826: 0.00580682
118.83: 0.00165001
118.838: 0.0238328
118.862: 0.00022101
118.873: 0.00574627
118.894: 0.0595819
118.901: 0.0132243
118.903: 0.00309414
118.908: 0.00414167
118.909: 0.103433
118.924: 0.00157432
118.93: 0.00231001
118.933: 0.00248864
118.937: 0.0320768
118.953: 0.0357492
118.954: 0.0368391
118.994: 0.0834147
119.008: 0.0078716
119.01: 0.00132606
119.017: 0.0440809
119.025: 0.043097
119.03: 0.0472296
119.036: 0.000990005
119.048: 0.000829545
119.06: 0.000871931
119.093: 0.00330002
119.101: 0.0357492
119.115: 0.000944592
119.117: 0.0385708
119.124: 0.0273932
119.125: 0.00265212
119.13: 0.0661214
119.141: 0.0165909
119.152: 0.000330002
119.193: 0.00462002
119.195: 0.00574627
119.2: 0.00157432
119.216: 0.0997997
119.217: 0.071789
119.224: 0.0165304
119.225: 0.00309414
119.23: 0.00293066
119.237: 0.0283378
119.241: 0.0232273
119.279: 0.00231607
119.28: 0.0078716
119.288: 0.160895
119.3: 0.00198001
119.316: 0.143263
119.323: 0.00145322
119.331: 0.00132606
119.339: 0.043097
119.348: 0.00995454
119.352: 0.0397516
119.368: 0.00893729
119.379: 0.00324249
119.38: 0.0110202
119.387: 0.201119
119.404: 0.0248864
119.415: 0.00396002
119.423: 0.063433
119.447: 0.00044202
119.463: 0.00331818
119.48: 0.0566755
119.486: 0.00138964
119.487: 0.00472296
119.493: 4.84406e-05
119.494: 0.086194
119.504: 0.0348409
119.515: 0.00462002
119.522: 0.00157432
119.53: 0.000871931
119.538: 0.0404661
119.539: 0.120435
119.54: 0.00884041
119.542: 0.00463213
119.551: 0.114925
119.579: 0.0793457
119.598: 0.00101423
119.601: 0.000463213
119.602: 0.0299121
119.61: 0.0890671
119.611: 0.0149318
119.615: 0.0440809
119.621: 0.00198001
119.631: 0.0595819
119.64: 0.0123766
119.642: 0.00648499
119.645: 0.00380259
119.651: 0.160895
119.686: 0.0340053
119.697: 0.00141992
119.702: 0.0110202
119.715: 0.0385708
119.726: 0.0319375
119.731: 0.0834147
119.737: 0.000660003
119.746: 0.00530425
119.749: 0.00277928
119.754: 0.0306992
119.757: 0.0689552
119.801: 0.00198606
119.802: 0.161525
119.803: 0.0132606
119.804: 0.000608535
119.809: 0.00472296
119.815: 4.84406e-05
119.822: 0.0165304
119.826: 0.0377443
119.83: 0.0132001
119.838: 0.0357492
119.844: 0.00098395
119.861: 0.00202845
119.862: 0.00176808
119.864: 0.00555856
119.873: 0.212612
119.878: 0.0078716
119.901: 0.0859578
119.903: 0.0185649
119.908: 0.00232515
119.92: 0.000202845
119.924: 0.0228276
119.93: 0.0184801
119.933: 0.0161761
119.937: 0.043097
119.944: 0.00137753
119.953: 0.0501481
119.954: 0.0340053
119.96: 0.00283983
119.964: 0.00648499
119.972: 0.160895
119.978: 0.0110202
120.008: 0.0378563
120.01: 0.00795637
120.017: 0.0598241
120.025: 0.0689552
120.036: 0.00792004
120.048: 0.00580682
120.05: 0.00059037
120.067: 0.00121707
120.07: 0.00277928
120.079: 0.0689552
120.085: 0.00472296
120.088: 0.0010445
120.093: 0.0198001
120.107: 0.0019679
120.115: 0.000435965
120.117: 0.0440809
120.123: 0.00198606
120.124: 0.114296
120.125: 0.0170178
120.141: 0.0248864
120.152: 0.00264001
120.166: 0.00019679
120.183: 0.00243414
120.186: 0.000926426
120.187: 0.0014623
120.193: 0.0277201
120.195: 0.10056
120.2: 0.0299121
120.207: 0.00275506
120.216: 0.0556098
120.217: 0.0566755
120.224: 0.0188918
120.225: 0.0201119
120.23: 0.00324552
120.241: 0.0348409
120.279: 0.0185285
120.28: 0.0472296
120.282: 0.00283983
120.288: 0.563134
120.294: 0.0006267
120.3: 0.0229003
120.311: 0.000829545
120.314: 0.00118074
120.316: 0.128004
120.331: 0.0086194
120.339: 0.100363
120.348: 0.0149318
120.351: 0.002089
120.352: 0.0306992
120.373: 0.00101423
120.379: 0.0259399
120.38: 0.0661214
120.387: 0.645471
120.389: 0.00121707
120.407: 0.00472296
120.409: 0.0002089
120.415: 0.0254101
120.423: 0.054859
120.429: 0.00236148
120.447: 0.00309414
120.45: 0.0029246
120.463: 0.00622159
120.472: 0.00141992
120.479: 0.00993032
120.486: 0.0111171
120.487: 0.0283378
120.493: 0.000629728
120.494: 0.275821
120.505: 0.00040569
120.515: 0.0300301
120.522: 0.0228276
120.529: 0.00275506
120.538: 0.0543685
120.539: 0.148301
120.54: 0.0132606
120.542: 0.0277928
120.551: 0.689552
120.557: 0.0012534
120.579: 0.014511
120.598: 0.0081138
120.601: 0.00370571
120.602: 0.134604
120.61: 0.413731
120.615: 0.0598241
120.621: 0.0128701
120.633: 0.000829545
120.635: 0.00118074
120.636: 0.00202845
120.64: 0.0185649
120.642: 0.0389099
120.645: 0.00203451
120.651: 0.965373
120.673: 0.0025068
120.686: 0.00595819
120.695: 0.000202845
120.697: 0.0113593
120.702: 0.0716315
120.709: 0.00188918
120.71: 0.00044202
120.715: 0.0440809
120.726: 0.0232273
120.735: 0.00283983
120.737: 0.00462002
120.746: 0.00795637
120.749: 0.0166757
120.751: 0.00039358
120.754: 0.0283378
120.757: 0.413731
120.772: 0.0029246
120.801: 0.0377352
120.802: 0.0906808
120.804: 0.00486828
120.809: 0.0306992
120.815: 0.000653948
120.822: 0.0188918
120.826: 0.0290341
120.83: 0.0198001
120.842: 0.00121707
120.844: 0.0078716
120.861: 0.0121707
120.862: 0.00331515
120.864: 0.0356674
120.873: 1.155
120.878: 0.0472296
120.879: 0.0012534
120.901: 0.0535753
120.908: 0.000871931
120.92: 0.00162276
120.924: 0.0952463
120.93: 0.0277201
120.933: 0.0124432
120.937: 0.100363
120.944: 0.0110202
120.953: 0.0387283
120.958: 0.00243414
120.96: 0.017039
120.964: 0.0421524
120.972: 1.04582
120.978: 0.0661214
120.989: 0.0165909
120.994: 0.00138661
121: 0.000660003
121.008: 0.0229608
121.017: 0.0472296
121.025: 0.103433
121.032: 0.00044202
121.036: 0.0118801
121.048: 0.012858
121.05: 0.00472296
121.057: 0.00283983
121.067: 0.00730242
121.07: 0.0180653
121.079: 0.448209
121.085: 0.0283378
121.088: 0.008356
121.089: 0.0232273
121.093: 0.00135634
121.107: 0.0118074
121.117: 0.0661214
121.123: 0.0287979
121.124: 0.126575
121.125: 0.0123766
121.152: 0.00495002
121.164: 0.00121707
121.166: 0.00157432
121.183: 0.0156191
121.186: 0.00648499
121.187: 0.0132727
121.195: 0.468321
121.196: 0.00995454
121.2: 0.135186
121.207: 0.0165304
121.216: 0.0754705
121.224: 0.0283378
121.225: 0.0154707
121.23: 0.00343928
121.257: 0.00193762
121.279: 0.0277928
121.28: 0.00040569
121.282: 0.0184589
121.288: 0.689552
121.294: 0.0050136
121.3: 0.0716315
121.311: 0.0306932
121.314: 0.00708444
121.316: 0.0558036
121.322: 0.000660003
121.331: 0.00663031
121.339: 0.123584
121.351: 0.012534
121.352: 0.0283378
121.356: 0.00271267
121.373: 0.0081138
121.379: 0.0389099
121.387: 0.989932
121.388: 0.00884041
121.389: 0.00791096
121.407: 0.0306992
121.409: 0.0016712
121.411: 0.0232273
121.415: 0.0184801
121.423: 0.0238328
121.429: 0.0151528
121.447: 0.00685132
121.449: 0.000926426
121.45: 0.0175476
121.458: 0.0229851
121.463: 0.0111171
121.472: 0.0113593
121.479: 0.0595819
121.486: 0.0166757
121.488: 0.0123766
121.493: 0.00227671
121.494: 0.413731
121.505: 0.00283983
121.509: 0.00157432
121.515: 0.0231001
121.518: 0.00995454
121.522: 0.0952463
121.529: 0.0179079
121.538: 0.126612
121.539: 0.0793457
121.557: 0.0075204
121.579: 0.0906081
121.594: 0.00530425
121.598: 0.0121707
121.601: 0.0069482
121.602: 0.0755673
121.61: 0.580373
121.615: 0.0472296
121.621: 0.00990005
121.633: 0.014517
121.635: 0.00767481
121.636: 0.0121707
121.645: 0.000871931
121.673: 0.0160853
121.678: 0.0159127
121.686: 0.0357492
121.695: 0.00162276
121.697: 0.017039
121.702: 0.0330607
121.709: 0.025504
121.71: 0.0163548
121.715: 0.0661214
121.726: 0.0812954
121.735: 0.017039
121.737: 0.01023
121.751: 0.00275506
121.768: 0.00040569
121.771: 0.000926426
121.772: 0.0190099
121.778: 0.0184801
121.78: 0.0229851
121.785: 0.00273689
121.801: 0.169809
121.802: 0.0340053
121.804: 0.00730242
121.809: 0.0265454
121.815: 0.00259157
121.822: 0.0283378
121.826: 0.0929091
121.842: 0.00730242
121.844: 0.0118074
121.862: 0.00530425
121.864: 0.0259399
121.873: 0.643582
121.879: 0.0081471
121.884: 0.00792004
121.901: 0.0907535
121.916: 0.00530425
121.92: 0.00304268
121.924: 0.105479
121.933: 0.0398182
121.937: 0.123584
121.944: 0.0165304
121.953: 0.0357492
121.958: 0.0156191
121.964: 0.0324249
121.972: 0.563134
121.989: 0.0995454
121.994: 0.0106751
122: 0.0244201
122.008: 0.0387283
122.014: 0.00039358
122.032: 0.00773536
122.048: 0.0597273
122.05: 0.00708444
122.057: 0.0184589
122.07: 0.0138964
122.079: 0.241343
122.088: 0.012534
122.089: 0.139364
122.09: 0.00040569
122.093: 0.0108507
122.099: 0.0184801
122.107: 0.00157432
122.123: 0.120157
122.124: 0.134132
122.125: 0.043318
122.127: 0.0185285
122.133: 4.54131e-05
122.136: 0.114925
122.152: 0.00792004
122.164: 0.00791096
122.166: 0.00295185
122.183: 0.0113593
122.186: 0.0143596
122.187: 0.0380138
122.195: 0.629216
122.196: 0.0597273
122.2: 0.0802176
122.206: 0.00792004
122.216: 0.0595819
122.225: 0.0495063
122.227: 0.0259399
122.23: 0.00343928
122.232: 6.35783e-05
122.235: 0.160895
122.257: 0.0120435
122.28: 0.00283983
122.282: 0.0141992
122.294: 0.0075204
122.3: 0.0330607
122.311: 0.166739
122.316: 0.0849648
122.322: 0.0115501
122.331: 0.021217
122.334: 0.0111171
122.336: 0.00039358
122.339: 0.0661487
122.342: 0.0689552
122.356: 0.016276
122.373: 0.0121707
122.386: 0.00198606
122.387: 0.0887916
122.388: 0.0530425
122.389: 0.00608535
122.396: 9.08261e-05
122.407: 0.0141689
122.409: 0.0031335
122.411: 0.150977
122.415: 0.0646803
122.423: 0.0357492
122.429: 0.0110202
122.446: 0.0081138
122.447: 0.0318255
122.449: 0.0342778
122.455: 9.08261e-06
122.458: 0.436716
122.463: 0.0219073
122.472: 0.017039
122.488: 0.0742594
122.493: 0.00145322
122.495: 0.000127157
122.505: 0.0062882
122.509: 0.0212533
122.515: 0.0739204
122.518: 0.0647045
122.522: 0.105479
122.529: 0.0137753
122.538: 0.155906
122.539: 0.0340053
122.543: 0.00040569
122.545: 0.0113593
122.549: 0.0259399
122.557: 0.160895
122.579: 0.0226399
122.594: 0.0318255
122.601: 0.0111171
122.602: 0.0283922
122.61: 0.448209
122.621: 0.0316802
122.633: 0.0676079
122.635: 0.0059037
122.652: 0.00486828
122.655: 0.0111171
122.664: 0.0689552
122.673: 0.0116984
122.678: 0.0968328
122.692: 0.0078716
122.695: 0.00304268
122.708: 0.00198606
122.709: 0.101071
122.71: 0.0888461
122.718: 0.000108991
122.726: 0.0995454
122.737: 0.0475202
122.751: 0.00610049
122.768: 0.0150105
122.771: 0.0162125
122.772: 0.014623
122.778: 0.110881
122.78: 0.333283
122.785: 0.0280229
122.792: 0.0110202
122.801: 0.0953311
122.809: 0.0804477
122.815: 0.00259157
122.817: 0.000127157
122.826: 0.139364
122.862: 0.00795637
122.864: 0.0907898
122.865: 0.00040569
122.867: 0.0113593
122.873: 0.873432
122.879: 0.006267
122.884: 0.0475202
122.896: 0.00331818
122.898: 0.00472296
122.901: 0.04442
122.916: 0.0344776
122.92: 0.00486828
122.924: 0.111831
122.933: 0.0597273
122.936: 0.008356
122.937: 0.0661214
122.958: 0.0113593
122.964: 0.10376
122.972: 0.643582
122.974: 0.00486828
122.994: 0.0181016
123: 0.132661
123.008: 0.0178746
123.014: 0.0145625
123.032: 0.0360247
123.035: 0.0116984
123.04: 1.81652e-05
123.048: 0.0837841
123.057: 0.0141992
123.07: 0.0444685
123.079: 0.275821
123.09: 0.00709958
123.093: 0.016276
123.099: 0.120121
123.107: 0.0212533
123.114: 0.0110202
123.123: 0.133066
123.124: 0.134132
123.125: 0.0530425
123.127: 0.111171
123.133: 0.000363305
123.136: 0.689552
123.142: 0.0050136
123.152: 0.0118801
123.164: 0.00647288
123.166: 0.00472296
123.183: 0.0397576
123.186: 0.0667027
123.187: 0.073993
123.195: 1.4653
123.2: 0.0353132
123.206: 0.0514802
123.218: 0.00331818
123.22: 0.00472296
123.221: 0.0081138
123.225: 0.0742594
123.227: 0.15564
123.23: 0.00145322
123.232: 0.000508626
123.235: 0.965373
123.257: 0.0154586
123.28: 0.0062882
123.282: 0.0454373
123.295: 0.00176808
123.311: 0.0929091
123.316: 0.00290644
123.32: 0.0113593
123.322: 0.0537903
123.331: 0.0318255
123.334: 0.0667027
123.336: 0.00688765
123.339: 0.0285557
123.342: 0.413731
123.357: 0.0116984
123.386: 0.0258188
123.387: 0.0566755
123.389: 0.0194731
123.396: 0.000544957
123.409: 0.0050136
123.411: 0.0812954
123.415: 0.0792004
123.427: 0.00486828
123.429: 0.0385708
123.446: 0.0486828
123.447: 0.0446441
123.449: 0.186212
123.455: 7.26609e-05
123.458: 1.96522
123.464: 0.0050136
123.486: 0.000387525
123.495: 0.000762939
123.505: 0.0292097
123.509: 0.0842261
123.515: 0.110881
123.518: 0.0348409
123.522: 0.111777
123.529: 0.0440809
123.538: 0.0834147
123.543: 0.0150105
123.545: 0.0681559
123.549: 0.16861
123.557: 1.04582
123.574: 0.0165909
123.579: 0.0181622
123.585: 0.00264001
123.601: 0.0166757
123.602: 0.000326974
123.61: 0.413731
123.617: 0.00176808
123.621: 0.0475202
123.633: 0.0908352
123.635: 0.0188918
123.642: 0.0113593
123.652: 0.0292097
123.655: 0.0722613
123.664: 0.448209
123.673: 0.0409444
123.674: 0.0232273
123.678: 0.0135634
123.692: 0.0472296
123.695: 0.00486828
123.708: 0.0268119
123.709: 0.101071
123.71: 0.0495063
123.718: 0.000699361
123.737: 0.0666603
123.749: 0.00486828
123.751: 0.0283378
123.768: 0.0815437
123.771: 0.0755038
123.772: 0.0467936
123.78: 1.3906
123.781: 0.00995454
123.785: 0.0798059
123.792: 0.0661214
123.801: 0.0357492
123.809: 0.043318
123.815: 0.000726609
123.817: 0.000826518
123.842: 0.0077505
123.864: 0.111171
123.865: 0.00709958
123.867: 0.0738356
123.873: 0.689552
123.879: 0.0200544
123.896: 0.0630454
123.898: 0.0283378
123.901: 0.00600663
123.907: 0.00264001
123.916: 0.0185649
123.92: 0.00730242
123.924: 0.112131
123.936: 0.050136
123.937: 0.0283378
123.941: 0.0108507
123.958: 0.0397576
123.964: 0.15564
123.972: 0.965373
123.973: 0.00884041
123.974: 0.0316438
123.994: 0.0300816
123.996: 0.0232273
124: 0.0739204
124.014: 0.0791096
124.032: 0.0484012
124.034: 0.00370571
124.035: 0.0701904
124.04: 0.000127157
124.043: 0.0229851
124.048: 0.0693548
124.057: 0.0454373
124.07: 0.0667027
124.073: 0.0123766
124.079: 0.413731
124.09: 0.0330637
124.099: 0.0646803
124.103: 0.00995454
124.107: 0.0842261
124.114: 0.0716315
124.123: 0.141011
124.124: 0.0566755
124.133: 0.000544957
124.142: 0.0300816
124.164: 0.0338115
124.166: 0.00708444
124.179: 0.00530425
124.183: 0.0486828
124.186: 0.0935691
124.187: 0.0472296
124.195: 1.80433
124.206: 0.0277201
124.218: 0.0481136
124.22: 0.0306992
124.221: 0.0486828
124.232: 0.000762939
124.257: 0.0839778
124.263: 0.0240508
124.28: 0.0292097
124.282: 0.0681559
124.295: 0.0335936
124.303: 1.81652e-05
124.311: 0.126091
124.316: 0.0046503
124.32: 0.0681559
124.322: 0.0722703
124.336: 0.0320768
124.339: 0.000326974
124.353: 0.00162276
124.356: 0.00370571
124.357: 0.0760396
124.363: 0.0184801
124.365: 0.0229851
124.37: 0.0046503
124.386: 0.093345
124.389: 0.0292097
124.394: 0.0123766
124.409: 0.0075204
124.411: 0.0929091
124.427: 0.0292097
124.429: 0.0472296
124.447: 0.0344776
124.449: 0.10376
124.455: 0.000136239
124.458: 1.10328
124.464: 0.0325884
124.469: 0.00792004
124.486: 0.00678168
124.501: 0.00530425
124.505: 0.0409747
124.509: 0.0842261
124.518: 0.0398182
124.522: 0.111777
124.529: 0.0661214
124.538: 0.0357492
124.543: 0.0815437
124.549: 0.0907898
124.557: 0.482686
124.574: 0.0995454
124.579: 0.0720281
124.585: 0.0501602
124.599: 0.00157432
124.617: 0.0256372
124.625: 1.81652e-05
124.633: 0.211534
124.635: 0.0283378
124.642: 0.0738356
124.655: 0.0389099
124.664: 0.206866
124.673: 0.050136
124.674: 0.140986
124.678: 0.0434028
124.684: 0.0184801
124.695: 0.00730242
124.708: 0.106254
124.709: 0.0283378
124.71: 0.0671871
124.712: 0.0185285
124.718: 0.000508626
124.737: 0.0514802
124.749: 0.0316438
124.751: 0.0397516
124.768: 0.0454373
124.771: 0.101444
124.772: 0.0701904
124.78: 1.54
124.781: 0.0597273
124.785: 0.0658308
124.791: 0.00792004
124.809: 0.0495063
124.812: 0.0259399
124.817: 0.000635783
124.842: 0.0481742
124.865: 0.0330637
124.867: 0.0397576
124.879: 0.0300816
124.896: 0.283704
124.901: 0.0279018
124.907: 0.0382802
124.916: 0.021217
124.918: 0.0111171
124.921: 0.00157432
124.924: 0.0475021
124.941: 0.0651042
124.958: 0.0486828
124.973: 0.0530425
124.974: 0.017039
124.981: 0.000363305
124.994: 0.0421978
124.996: 0.150977
125: 0.10032
125.014: 0.0440809
125.031: 0.0081138
125.032: 0.112715
125.034: 0.0704084
125.04: 0.000281561
125.043: 0.298806
125.048: 0.087629
125.057: 0.0681559
125.073: 0.0742594
125.08: 0.000508626
125.09: 0.0444231
125.099: 0.0739204
125.103: 0.0647045
125.107: 0.0842261
125.114: 0.0385708
125.123: 0.141011
125.128: 0.00162276
125.13: 0.0113593
125.133: 0.0259399
125.164: 0.108773
125.179: 0.0318255
125.186: 0.0722613
125.187: 0.000217983
125.195: 0.965373
125.206: 0.0316802
125.218: 0.20075
125.22: 0.0165304
125.237: 0.00486828
125.24: 0.0111171
125.257: 0.0467936
125.263: 0.14973
125.277: 0.0078716
125.28: 0.0409747
125.295: 0.151171
125.303: 0.000672113
125.311: 0.0995454
125.316: 0.00697545
125.322: 0.168301
125.336: 0.043097
125.353: 0.0308324
125.356: 0.0537327
125.357: 0.0409444
125.363: 0.110881
125.365: 0.310298
125.37: 0.0302269
125.377: 0.0110202
125.386: 0.0595819
125.394: 0.0804477
125.402: 0.000508626
125.411: 0.139364
125.447: 0.0318255
125.449: 0.140817
125.45: 0.00162276
125.452: 0.0113593
125.455: 0.000217983
125.458: 0.413731
125.464: 0.0175476
125.469: 0.0475202
125.481: 0.00331818
125.483: 0.00472296
125.486: 0.0315833
125.501: 0.0344776
125.505: 0.0316438
125.509: 0.0238328
125.518: 0.0597273
125.52: 0.008356
125.522: 0.0472296
125.543: 0.0454373
125.549: 0.10376
125.559: 0.00486828
125.579: 0.0922521
125.585: 0.225721
125.599: 0.0299121
125.617: 0.106969
125.62: 0.0116984
125.625: 0.000317891
125.633: 0.260477
125.642: 0.0397576
125.655: 0.0444685
125.674: 0.02353
125.678: 0.0651042
125.684: 0.120121
125.698: 0.0110202
125.708: 0.106254
125.71: 0.0530425
125.712: 0.111171
125.718: 0.00178019
125.727: 0.0050136
125.737: 0.0475202
125.749: 0.0185891
125.751: 0.0306992
125.768: 0.0616649
125.771: 0.236239
125.78: 1.63194
125.785: 0.0279018
125.791: 0.0514802
125.803: 0.00331818
125.805: 0.00472296
125.806: 0.0081138
125.809: 0.0742594
125.812: 0.15564
125.817: 0.00203451
125.842: 0.0317528
125.865: 0.0444231
125.867: 0.0454373
125.88: 0.00176808
125.896: 0.159273
125.901: 0.03914
125.905: 0.0113593
125.907: 0.159721
125.916: 0.0318255
125.918: 0.0667027
125.921: 0.0228276
125.924: 0.000871931
125.942: 0.0116984
125.974: 0.0194731
125.981: 0.00217983
125.994: 0.0325884
125.996: 0.0696818
126: 0.0792004
126.012: 0.00486828
126.014: 0.0598241
126.031: 0.0486828
126.032: 0.138794
126.034: 0.316838
126.04: 0.0013079
126.043: 1.0803
126.049: 0.0050136
126.071: 0.0015501
126.08: 0.00305176
126.09: 0.103451
126.099: 0.110881
126.103: 0.0298636
126.107: 0.0236148
126.114: 0.0440809
126.123: 0.0595819
126.128: 0.0308324
126.13: 0.0681559
126.133: 0.16861
126.164: 0.0676352
126.17: 0.00264001
126.186: 0.0667027
126.187: 0.0013079
126.195: 0.413731
126.202: 0.00176808
126.206: 0.0475202
126.218: 0.222318
126.22: 0.0188918
126.227: 0.0113593
126.237: 0.0292097
126.24: 0.0722613
126.257: 0.0635056
126.263: 0.0379774
126.277: 0.0472296
126.28: 0.0316438
126.295: 0.0848679
126.303: 0.00365121
126.322: 0.207241
126.334: 0.00486828
126.336: 0.100363
126.353: 0.138746
126.356: 0.224195
126.357: 0.0467936
126.365: 1.2297
126.37: 0.016276
126.377: 0.0661214
126.394: 0.0371297
126.402: 0.00330607
126.427: 0.0077505
126.449: 0.111171
126.45: 0.02353
126.452: 0.0738356
126.455: 0.000326974
126.464: 0.0200544
126.481: 0.0431364
126.483: 0.0283378
126.486: 0.042434
126.492: 0.00264001
126.501: 0.0159127
126.505: 0.0292097
126.509: 0.00141689
126.52: 0.050136
126.526: 0.0108507
126.543: 0.0616649
126.549: 0.15564
126.559: 0.0316438
126.579: 0.106539
126.585: 0.126721
126.599: 0.134604
126.617: 0.118461
126.619: 0.00370571
126.62: 0.0701904
126.625: 0.00148047
126.633: 0.144014
126.642: 0.0454373
126.655: 0.0667027
126.674: 0.098177
126.684: 0.0554403
126.698: 0.0716315
126.708: 0.029791
126.718: 0.00217983
126.727: 0.0300816
126.749: 0.048925
126.751: 0.0283378
126.768: 0.0486828
126.771: 0.290898
126.78: 1.63194
126.791: 0.0237601
126.803: 0.0447954
126.805: 0.0306992
126.806: 0.0486828
126.817: 0.00305176
126.842: 0.142888
126.848: 0.0108507
126.865: 0.103451
126.867: 0.0681559
126.88: 0.0229851
126.888: 7.26609e-05
126.896: 0.0597273
126.901: 0.0302269
126.905: 0.0681559
126.907: 0.176881
126.921: 0.0952463
126.924: 0.0013079
126.938: 0.00162276
126.941: 0.00370571
126.942: 0.0760396
126.955: 0.0046503
126.974: 0.0292097
126.994: 0.0300816
127.012: 0.0292097
127.014: 0.0472296
127.032: 0.0742594
127.034: 0.177874
127.04: 0.00183469
127.043: 0.689552
127.049: 0.0325884
127.071: 0.0224764
127.09: 0.127387
127.114: 0.0661214
127.128: 0.138746
127.133: 0.0778198
127.164: 0.160011
127.17: 0.0343202
127.184: 0.00157432
127.202: 0.0238691
127.21: 7.26609e-05
127.218: 0.235591
127.22: 0.0283378
127.227: 0.0738356
127.24: 0.0333514
127.257: 0.050136
127.259: 0.00162276
127.263: 0.0434028
127.28: 0.0292097
127.295: 0.0318255
127.303: 0.00203451
127.322: 0.110881
127.334: 0.0316438
127.336: 0.123584
127.353: 0.0778925
127.356: 0.248282
127.357: 0.0701904
127.365: 1.2297
127.37: 0.0186012
127.402: 0.00178019
127.427: 0.0481742
127.45: 0.098177
127.452: 0.034078
127.464: 0.0300816
127.481: 0.155955
127.486: 0.0988188
127.492: 0.0356402
127.506: 0.00157432
127.509: 0.000762939
127.526: 0.0651042
127.543: 0.0486828
127.559: 0.0146048
127.566: 0.000363305
127.579: 0.131189
127.585: 0.0475202
127.599: 0.0755673
127.617: 0.125534
127.619: 0.0481742
127.625: 0.00198909
127.633: 0.087629
127.642: 0.0681559
127.665: 0.000508626
127.674: 0.108725
127.698: 0.0330607
127.713: 0.00162276
127.749: 0.163414
127.771: 0.15564
127.772: 0.000217983
127.78: 0.689552
127.803: 0.177523
127.805: 0.0141689
127.842: 0.0802176
127.848: 0.0705295
127.865: 0.127387
127.88: 0.0830998
127.888: 0.00138056
127.901: 0.0279018
127.907: 0.187441
127.921: 0.105479
127.938: 0.0210959
127.941: 0.050027
127.942: 0.0350952
127.955: 0.0302269
127.987: 0.000508626
128.032: 0.0318255
128.034: 0.0667027
128.035: 0.00162276
128.04: 0.00141689
128.049: 0.0150408
128.071: 0.093781
128.09: 0.0681559
128.094: 0.000217983
128.128: 0.0778925
128.164: 0.158473
128.17: 0.124081
128.184: 0.0204662
128.202: 0.0945924
128.21: 0.00105358
128.218: 0.235591
128.227: 0.034078
128.259: 0.0219073
128.263: 0.0651042
128.303: 0.00276111
128.322: 0.0475202
128.334: 0.0161549
128.336: 0.0661214
128.353: 0.0292097
128.356: 0.263105
128.365: 0.344776
128.37: 0.0279018
128.402: 0.00203451
128.427: 0.0217256
128.45: 0.108725
128.481: 0.0995454
128.486: 0.121683
128.492: 0.141241
128.506: 0.0212533
128.509: 0.000871931
128.566: 0.00217983
128.579: 0.0701904
128.599: 0.0283378
128.617: 0.125534
128.619: 0.174168
128.625: 0.00463213
128.656: 0.0015501
128.665: 0.00305176
128.674: 0.115216
128.713: 0.0210959
128.749: 0.096966
128.771: 0.0667027
128.772: 0.0013079
128.803: 0.177523
128.842: 0.0300816
128.848: 0.0325521
128.865: 0.0681559
128.88: 0.0530425
128.888: 0.00621251
128.907: 0.187441
128.921: 0.111777
128.938: 0.0762697
128.941: 0.198255
128.955: 0.0139509
128.987: 0.00330607
129.035: 0.0219073
129.04: 0.0013079
129.071: 0.103857
129.09: 0.0292097
129.094: 0.00141689
129.128: 0.0292097
129.164: 0.118655
129.17: 0.0792004
129.184: 0.073993
129.202: 0.0945924
129.21: 0.00439598
129.218: 0.0995454
129.259: 0.0868177
129.303: 0.00217983
129.334: 0.0201513
129.336: 0.0283378
129.356: 0.263105
129.402: 0.00305176
129.427: 0.0785464
129.45: 0.115216
129.473: 7.26609e-05
129.486: 0.0651042
129.492: 0.141241
129.506: 0.0842261
129.509: 0.0013079
129.579: 0.0300816
129.617: 0.0530425
129.619: 0.111171
129.625: 0.00570388
129.656: 0.0209263
129.674: 0.115216
129.713: 0.0762697
129.749: 0.117311
129.795: 7.26609e-05
129.803: 0.0497727
129.865: 0.0292097
129.888: 0.00348772
129.907: 0.0792004
129.921: 0.111777
129.938: 0.0486828
129.941: 0.198255
129.987: 0.00152588
130.035: 0.0868177
130.071: 0.110057
130.094: 0.000653948
130.164: 0.118655
130.184: 0.0472296
130.202: 0.0265212
130.21: 0.00486828
130.259: 0.0868177
130.334: 0.0728547
130.356: 0.111171
130.427: 0.050136
130.45: 0.115216
130.473: 0.000944592
130.486: 0.0279018
130.492: 0.0396002
130.506: 0.0842261
130.625: 0.00305176
130.656: 0.0829303
130.674: 0.0486828
130.713: 0.0486828
130.749: 0.0894092
130.795: 0.000980922
130.888: 0.0013079
130.921: 0.0472296
130.941: 0.0555856
131.035: 0.0868177
131.071: 0.110057
131.164: 0.050136
131.21: 0.00515892
131.259: 0.0243414
131.334: 0.046503
131.45: 0.0486828
131.473: 0.00341506
131.506: 0.0236148
131.625: 0.0013079
131.656: 0.0829303
131.749: 0.025068
131.795: 0.00388736
132.035: 0.0243414
132.071: 0.046503
132.21: 0.00515892
132.473: 0.00217983
132.656: 0.0232515
132.795: 0.00388736
133.21: 0.00217983
133.795: 0.00108991
==============================================
