original prob: 102.415
probability if we exclude those that are not involved in any constraints: 102.415
21,21,00,22, 20,20,00,99, 20,20,00,99, 20,20,00,99, 00,20,01,20,
00,00,00,00, 00,00,00,00, 00,00,00,00, 00,00,00,00, 20,20,00,99,
00,01,00,00, 00,b8,00,00, 00,b8,00,00, 00,00,00,b8, 00,00,00,b8,
04,21,00,04, 01,20,00,01, 01,20,00,01, 20,00,01,01, 20,20,00,21,

00,00,00,00, 01,01,00,01, 01,01,00,01, 01,01,00,01, 00,00,00,01,
00,00,00,00, 00,00,00,00, 00,00,00,00, 00,00,00,00, 01,01,00,01,
00,00,00,00, 00,01,00,00, 00,01,00,00, 00,00,00,01, 00,00,00,00,
00,00,00,00, 01,01,00,01, 01,01,00,01, 01,00,01,01, 00,00,00,01,

-------------------------------------------------------
00,20,01,20, 00,80,20,90, 00,80,20,90, 00,80,20,90, 90,00,00,00,
20,20,00,99, 80,90,00,13, 80,90,00,90, 90,80,90,00, 00,80,20,90,
00,00,00,b8, 00,00,00,80, 00,00,00,80, 00,80,00,00, 90,00,90,00,
20,20,00,21, 90,90,00,20, 90,90,00,20, 90,00,20,90, 00,00,20,90,

00,00,00,01, 00,01,01,01, 00,01,01,01, 00,01,01,01, 00,00,00,00,
01,01,00,01, 01,01,00,01, 01,01,00,01, 01,01,01,00, 00,01,01,01,
00,00,00,00, 00,00,00,01, 00,00,00,01, 00,01,00,00, 00,01,00,00,
00,00,00,01, 01,01,00,01, 01,01,00,01, 01,00,01,01, 00,01,00,00,

-------------------------------------------------------
90,00,00,00, 03,00,00,00, 03,00,00,00, 03,00,00,00, 00,80,00,00,
00,80,20,90, 00,03,93,03, 00,03,93,03, 03,00,03,93, 03,00,00,00,
90,00,90,00, 03,00,03,00, 03,00,03,00, 03,00,03,00, 00,00,00,93,
00,00,20,90, 00,00,80,03, 00,00,80,03, 00,80,03,00, 00,00,03,00,

00,00,00,00, 01,00,00,00, 01,00,00,00, 01,00,00,00, 01,00,00,00,
00,01,01,01, 00,01,01,01, 00,01,01,01, 01,00,01,01, 01,00,00,00,
00,01,00,00, 01,01,01,00, 01,01,01,00, 01,00,01,01, 01,00,01,01,
00,01,00,00, 00,01,01,01, 00,01,01,01, 01,01,01,00, 01,00,00,00,

-------------------------------------------------------
00,80,00,00, 00,03,00,00, 00,00,00,00, 00,00,00,00, 00,00,00,00,
03,00,00,00, b0,00,00,00, b0,00,00,00, 00,b0,00,00, 00,00,00,00,
00,00,00,93, 00,00,00,b0, 00,00,00,b0, 00,b0,00,00, 00,00,00,00,
00,00,03,00, 00,00,b0,00, 00,00,b0,00, 00,b0,00,00, 00,b0,00,00,

01,00,00,00, 01,01,00,00, 01,01,00,00, 01,01,00,00, 00,01,00,00,
01,00,00,00, 01,00,00,00, 01,00,00,00, 00,01,00,00, 01,01,00,00,
01,00,01,01, 01,00,01,01, 01,00,01,01, 01,01,01,00, 00,01,00,00,
01,00,00,00, 01,00,01,00, 01,00,01,00, 00,01,00,01, 01,01,00,00,

-------------------------------------------------------
00,00,00,00, 00,00,00,00, 00,00,00,00, 00,00,00,00, 80,00,00,00,
00,00,00,00, 00,00,00,00, 00,00,00,00, 00,00,00,00, 00,00,00,00,
00,00,00,00, 00,00,00,00, 00,00,00,00, 00,00,00,00, 00,00,00,00,
00,b0,00,00, 00,80,00,00, 00,80,00,00, 80,00,00,00, 00,00,00,00,

00,01,00,00, 00,01,00,00, 00,01,00,00, 00,01,00,00, 00,00,00,00,
01,01,00,00, 01,01,00,00, 01,01,00,00, 00,01,01,00, 00,01,00,00,
00,01,00,00, 00,01,00,00, 00,01,00,00, 00,00,00,01, 00,00,00,00,
01,01,00,00, 01,01,00,00, 01,01,00,00, 01,00,00,01, 00,00,00,00,

-------------------------------------------------------
80,00,00,00, 02,00,00,00, 00,00,00,00, 00,00,00,00, 00,00,00,00,
00,00,00,00, 00,00,00,00, 00,00,00,00, 00,00,00,00, 00,00,00,00,
00,00,00,00, 00,00,00,00, 00,00,00,00, 00,00,00,00, 00,00,00,00,
00,00,00,00, 00,00,00,00, 00,00,00,00, 00,00,00,00, 00,00,00,00,

00,00,00,00, 01,00,00,00, 01,00,00,00, 01,00,00,00, 00,00,00,00,
00,01,00,00, 00,01,00,00, 00,01,00,00, 00,00,01,00, 01,00,00,00,
00,00,00,00, 00,00,00,00, 00,00,00,00, 00,00,00,00, 00,00,00,00,
00,00,00,00, 00,00,00,00, 00,00,00,00, 00,00,00,00, 00,00,00,00,

-------------------------------------------------------
00,00,00,00, 00,00,00,00, 00,00,00,00, 00,00,00,00, 00,00,00,00,
00,00,00,00, 00,00,00,00, 00,00,00,00, 00,00,00,00, 00,00,00,00,
00,00,00,00, 00,00,00,00, 00,00,00,00, 00,00,00,00, 00,00,00,00,
00,00,00,00, 00,00,00,00, 00,00,00,00, 00,00,00,00, 00,00,00,00,

00,00,00,00, 00,00,00,00, 00,00,00,00, 00,00,00,00, 00,00,00,00,
01,00,00,00, 01,00,00,00, 01,00,00,00, 00,01,00,00, 00,00,00,00,
00,00,00,00, 00,00,00,00, 00,00,00,00, 00,00,00,00, 00,00,00,00,
00,00,00,00, 00,00,00,00, 00,00,00,00, 00,00,00,00, 00,00,00,00,

-------------------------------------------------------
00,00,00,00, 00,00,00,00, 00,00,00,00, 00,00,00,00, 00,00,00,00,
00,00,00,00, 00,00,00,00, 00,00,00,00, 00,00,00,00, 00,00,00,00,
00,00,00,00, 00,00,00,00, 00,00,00,00, 00,00,00,00, 00,00,00,00,
00,00,00,00, 00,00,00,00, 00,00,00,00, 00,00,00,00, 00,00,00,00,

00,00,00,00, 00,00,00,00, 00,00,00,00, 00,00,00,00, 00,00,00,00,
00,00,00,00, 00,00,00,00, 00,00,00,00, 00,00,00,00, 00,00,00,00,
00,00,00,00, 00,00,00,00, 00,00,00,00, 00,00,00,00, 00,00,00,00,
00,00,00,00, 00,00,00,00, 00,00,00,00, 00,00,00,00, 00,00,00,00,

-------------------------------------------------------
00,00,00,00, 00,00,00,00, 00,00,00,00, 00,00,00,00, 00,00,00,00,
00,00,00,00, 00,00,00,00, 00,00,00,00, 00,00,00,00, 00,00,00,00,
00,00,00,00, 00,00,00,00, 00,00,00,00, 00,00,00,00, 00,00,00,00,
00,00,00,00, 00,00,00,00, 00,00,00,00, 00,00,00,00, 00,00,00,00,

00,00,00,00, 00,00,00,00, 00,00,00,00, 00,00,00,00, 00,00,00,00,
00,00,00,00, 00,00,00,00, 00,00,00,00, 00,00,00,00, 00,00,00,00,
00,00,00,00, 00,00,00,00, 00,00,00,00, 00,00,00,00, 00,00,00,00,
00,00,00,00, 00,00,00,00, 00,00,00,00, 00,00,00,00, 00,00,00,00,

-------------------------------------------------------
00,00,00,00, 00,00,00,00, 00,00,00,00, 00,00,00,00, 00,00,00,00,
00,00,00,00, 00,00,00,00, 04,00,00,00, 00,04,00,00, 00,00,00,00,
00,00,00,00, 00,00,00,00, 00,00,00,00, 00,00,00,00, 00,04,00,00,
00,00,00,00, 00,00,00,00, 00,00,00,00, 00,00,00,00, 00,00,00,00,

00,00,00,00, 00,00,00,00, 00,00,00,00, 00,00,00,00, 00,00,00,00,
00,00,00,00, 00,00,00,00, 00,00,00,00, 00,00,00,00, 00,00,00,00,
00,00,00,00, 00,00,00,00, 00,00,00,00, 00,00,00,00, 00,00,00,00,
00,00,00,00, 00,00,00,00, 00,00,00,00, 00,00,00,00, 00,00,00,00,

-------------------------------------------------------
00,00,00,00, 00,00,00,00, 00,00,00,00, 00,00,00,00, 00,00,00,01,
00,00,00,00, 00,00,00,00, 00,00,00,00, 00,00,00,00, 00,00,00,00,
00,04,00,00, 00,01,00,00, 00,01,00,00, 00,00,00,01, 00,00,00,01,
00,00,00,00, 00,00,00,00, 00,00,00,00, 00,00,00,00, 00,00,00,01,

00,00,00,00, 00,00,00,00, 00,00,00,00, 00,00,00,00, 00,00,00,00,
00,00,00,00, 00,00,00,00, 00,00,00,00, 00,00,00,00, 00,00,00,00,
00,00,00,00, 00,01,00,00, 00,01,00,00, 00,00,00,01, 00,00,00,00,
00,00,00,00, 00,00,00,00, 00,00,00,00, 00,00,00,00, 00,00,00,00,

-------------------------------------------------------
00,00,00,01, 00,00,00,20, 00,00,00,20, 00,00,00,20, 00,20,20,20,
00,00,00,00, 00,00,00,00, 00,00,0c,00, 00,00,00,0c, 00,00,00,20,
00,00,00,01, 00,00,00,20, 00,00,00,20, 00,20,00,00, 00,20,00,0c,
00,00,00,01, 00,00,00,20, 00,00,00,20, 00,00,20,00, 00,20,00,20,

00,00,00,00, 00,00,00,01, 00,00,00,01, 00,00,00,01, 00,00,00,00,
00,00,00,00, 00,00,00,00, 00,00,00,00, 00,00,00,00, 00,00,00,01,
00,00,00,00, 00,00,00,01, 00,00,00,01, 00,01,00,00, 00,00,00,00,
00,00,00,00, 00,00,00,01, 00,00,00,01, 00,00,01,00, 00,00,00,00,

-------------------------------------------------------
00,20,20,20, 00,80,80,80, 00,80,80,80, 00,80,80,80, 80,91,00,00,
00,00,00,20, 00,00,00,80, 00,00,00,80, 80,00,00,00, 00,80,80,80,
00,20,00,0c, 00,80,00,11, 00,80,00,11, 00,11,00,80, 80,11,00,80,
00,20,00,20, 00,80,00,80, 00,80,00,80, 80,00,80,00, 00,91,80,00,

00,00,00,00, 00,01,01,01, 00,01,01,01, 00,01,01,01, 00,00,00,00,
00,00,00,01, 00,00,00,01, 00,00,00,01, 01,00,00,00, 00,01,01,01,
00,00,00,00, 00,01,00,01, 00,01,00,01, 00,01,00,01, 00,00,00,00,
00,00,00,00, 00,01,00,01, 00,01,00,01, 01,00,01,00, 00,01,00,01,

-------------------------------------------------------
The constraints are (in the form of (round, position, input_diff, output_diff)
The number infront of each constraint corresponds to the grouping that each constraint falls under.
Each group is treated as independent in this computation
Some constraints may have more than one group identity. These groups have to be considered together
6 (0,3,22,99) (0,9,1,b8) (0,c,4,1) (1,3,20,90) linear
7 (0,0,21,20) (1,4,20,80) linear
3 (0,1,21,20) (1,5,20,90) linear
6 (0,3,22,99) (1,7,99,13) linear
6 (0,3,22,99) (0,9,1,b8) (1,f,21,20) linear
d (1,1,20,80) (2,5,80,3) linear
f (1,2,1,20) (2,6,20,93) linear
c (1,3,20,90) (2,7,90,3) linear
3 (2,0,90,3) (3,4,3,b0) linear
0 9 (2,6,20,93) (1,4,20,80) (1,b,b8,80) (2,9,0,0) (3,b,93,b0) nonlinear
e (3,1,80,3) (3,b,93,b0) (4,d,b0,80) linear
b (b,3,1,20) (c,7,20,80) linear
(0,c,4,1) (0,9,1,b8) (1,7,99,13) (1,3,20,90)  higher-order linear
(0,c,4,1) (1,f,21,20) (1,3,20,90)  higher-order linear
(0,9,1,b8) (1,f,21,20) (1,7,99,13)  higher-order linear
6 (0,c,4,1) (0,3,22,99) (1,f,21,20) (1,7,99,13) (1,3,20,90)  higher-order linear
a f (1,5,20,90) (1,2,1,20) (2,e,20,80) (2,a,90,3)  higher-order linear
a (1,5,20,90) (2,e,20,80) (2,a,90,3) (2,6,20,93)  higher-order linear
Original prob: 102.415
Independent prob (prob ignoring the ones depend on keys): 67

These are the splits:
(0,3,22,99) (0,9,1,b8) (0,c,4,1) (1,3,20,90) 
(0,3,22,99) (1,7,99,13) 
(0,3,22,99) (0,9,1,b8) (1,f,21,20) 
(0,3,22,99) (0,9,1,b8) (0,c,4,1) (1,3,20,90) (1,7,99,13) 
(0,3,22,99) (0,9,1,b8) (0,c,4,1) (1,3,20,90) (1,f,21,20) 
(0,3,22,99) (0,9,1,b8) (1,7,99,13) (1,f,21,20) 
(0,3,22,99) (0,9,1,b8) (0,c,4,1) (1,3,20,90) (1,7,99,13) (1,f,21,20) 
-----------------------------------------------
(0,0,21,20) (1,4,20,80) 
-----------------------------------------------
(0,1,21,20) (1,5,20,90) 
-----------------------------------------------
(1,1,20,80) (2,5,80,3) 
-----------------------------------------------
(1,2,1,20) (2,6,20,93) 
(1,2,1,20) (1,5,20,90) (1,8,0,0) (2,a,90,3) (2,e,20,80) 
(1,2,1,20) (1,5,20,90) (1,8,0,0) (2,6,20,93) (2,a,90,3) (2,e,20,80) 
-----------------------------------------------
(1,3,20,90) (2,7,90,3) 
-----------------------------------------------
(2,0,90,3) (3,4,3,b0) 
-----------------------------------------------
(2,6,20,93) (1,4,20,80) (1,b,b8,80) (2,9,0,0) (3,b,93,b0) 
-----------------------------------------------
(3,1,80,3) (3,b,93,b0) (4,d,b0,80) 
-----------------------------------------------
(b,3,1,20) (c,7,20,80) 
-----------------------------------------------
===============================================
Computing the following constraints theoretically: 
b (0,3,22,99) (0,9,1,b8) (0,c,4,1) (1,3,20,90) linear
b (0,3,22,99) (1,7,99,13) linear
b (0,3,22,99) (0,9,1,b8) (1,f,21,20) linear
b (0,3,22,99) (0,9,1,b8) (0,c,4,1) (1,3,20,90) (1,7,99,13) higher order
b (0,3,22,99) (0,9,1,b8) (0,c,4,1) (1,3,20,90) (1,f,21,20) higher order
b (0,3,22,99) (0,9,1,b8) (1,7,99,13) (1,f,21,20) higher order
b (0,3,22,99) (0,9,1,b8) (0,c,4,1) (1,3,20,90) (1,7,99,13) (1,f,21,20) higher order

key space reduction: -4
-3.67807: 100
-------------------------------------
Computing the following constraints theoretically: 
8 (0,0,21,20) (1,4,20,80) linear

key space reduction: -0.415037
-2: 33.3333
-1.41504: 66.6667
-------------------------------------
Computing the following constraints theoretically: 
9 (0,1,21,20) (1,5,20,90) linear

key space reduction: -0.415037
-2: 33.3333
-1.41504: 66.6667
-------------------------------------
Computing the following constraints theoretically: 
9 (1,1,20,80) (2,5,80,3) linear

key space reduction: -1
-1: 100
-------------------------------------
Computing the following constraints theoretically: 
a (1,2,1,20) (2,6,20,93) linear
a d (1,2,1,20) (1,5,20,90) (1,8,0,0) (2,a,90,3) (2,e,20,80) higher order
a d (1,2,1,20) (1,5,20,90) (1,8,0,0) (2,6,20,93) (2,a,90,3) (2,e,20,80) higher order

key space reduction: -0.415037
-7.67807: 33.3333
-7.41504: 16.6667
-6.09311: 33.3333
-5.83007: 16.6667
-------------------------------------
Computing the following constraints theoretically: 
b (1,3,20,90) (2,7,90,3) linear

key space reduction: -1
-1.152: 25
-1: 50
-0.862496: 25
-------------------------------------
Computing the following constraints theoretically: 
8 (2,0,90,3) (3,4,3,b0) linear

key space reduction: -1
-4: 12.5
-3.41504: 25
-3: 25
-2.67807: 25
-2.41504: 12.5
-------------------------------------
Computing the following constraints theoretically: 
9 (3,1,80,3) (3,b,93,b0) (4,d,b0,80) linear

key space reduction: 0
-2.67807: 12.5
-2.54057: 25
-2.41504: 25
-2.29956: 25
-2.19265: 12.5
-------------------------------------
Computing the following constraints theoretically: 
b (b,3,1,20) (c,7,20,80) linear

key space reduction: -0.415037
-3: 66.6667
-0.415037: 33.3333
-------------------------------------
==============================================
For the theoretical side: 
The following are the distribution: 
Key reduction: -8.66015
19.223: 0.00964506
19.33: 0.0192901
19.36: 0.0192901
19.445: 0.0192901
19.467: 0.0385802
19.486: 0.0385802
19.512: 0.00964506
19.571: 0.0192901
19.583: 0.0385802
19.593: 0.0771605
19.619: 0.0192901
19.623: 0.0771605
19.708: 0.125386
19.73: 0.154321
19.735: 0.0192901
19.749: 0.0385802
19.775: 0.0385802
19.808: 0.0289352
19.834: 0.0771605
19.846: 0.173611
19.856: 0.0771605
19.86: 0.0192901
19.882: 0.0771605
19.887: 0.0771605
19.915: 0.0578704
19.945: 0.0578704
19.971: 0.270062
19.993: 0.154321
19.998: 0.0868056
20.03: 0.0578704
20.039: 0.0385802
20.052: 0.115741
20.071: 0.0771605
20.097: 0.106096
20.109: 0.231481
20.123: 0.0771605
20.145: 0.0771605
20.156: 0.0578704
20.168: 0.115741
20.178: 0.154321
20.204: 0.0578704
20.208: 0.154321
20.223: 0.0192901
20.234: 0.192901
20.261: 0.115741
20.293: 0.298997
20.315: 0.308642
20.32: 0.0578704
20.33: 0.0385802
20.334: 0.0385802
20.36: 0.115741
20.372: 0.0771605
20.386: 0.0771605
20.393: 0.0217014
20.419: 0.154321
20.431: 0.366512
20.441: 0.0771605
20.445: 0.0964506
20.467: 0.231481
20.471: 0.0771605
20.486: 0.0385802
20.5: 0.0434028
20.512: 0.0192901
20.524: 0.0385802
20.53: 0.0434028
20.556: 0.462963
20.571: 0.0385802
20.578: 0.154321
20.583: 0.260417
20.593: 0.0771605
20.615: 0.0434028
20.619: 0.0385802
20.623: 0.115741
20.637: 0.0868056
20.656: 0.0482253
20.682: 0.0988619
20.694: 0.308642
20.708: 0.327932
20.73: 0.231481
20.735: 0.0385802
20.741: 0.0434028
20.753: 0.0868056
20.763: 0.0964506
20.775: 0.0385802
20.789: 0.0434028
20.793: 0.0964506
20.808: 0.0385802
20.819: 0.192901
20.834: 0.0771605
20.846: 0.347222
20.86: 0.0385802
20.878: 0.204958
20.882: 0.0771605
20.9: 0.192901
20.905: 0.0434028
20.915: 0.0771605
20.919: 0.00964506
20.945: 0.125386
20.957: 0.0771605
20.971: 0.270062
20.978: 0.00482253
20.998: 0.0964506
21.004: 0.0964506
21.016: 0.236304
21.026: 0.0192901
21.03: 0.120563
21.052: 0.250772
21.056: 0.0192901
21.071: 0.0964506
21.085: 0.00964506
21.097: 0.0385802
21.109: 0.115741
21.115: 0.00964506
21.123: 0.0771605
21.141: 0.260417
21.156: 0.0771605
21.163: 0.0385802
21.168: 0.272473
21.178: 0.192901
21.2: 0.00964506
21.204: 0.0771605
21.208: 0.202546
21.222: 0.0192901
21.241: 0.00964506
21.261: 0.0385802
21.267: 0.0241127
21.279: 0.135031
21.293: 0.482253
21.315: 0.405093
21.32: 0.0771605
21.326: 0.00964506
21.334: 0.0385802
21.338: 0.0192901
21.348: 0.0192901
21.36: 0.0964506
21.374: 0.00964506
21.378: 0.0192901
21.393: 0.0434028
21.404: 0.0482253
21.419: 0.192901
21.431: 0.530478
21.441: 0.0771605
21.445: 0.0771605
21.463: 0.0434028
21.467: 0.192901
21.471: 0.0771605
21.485: 0.0385802
21.49: 0.00964506
21.5: 0.0868056
21.53: 0.0964506
21.542: 0.0192901
21.556: 0.578704
21.578: 0.154321
21.583: 0.231481
21.589: 0.0192901
21.601: 0.0482253
21.615: 0.0964506
21.623: 0.0385802
21.637: 0.192901
21.656: 0.106096
21.682: 0.120563
21.694: 0.356867
21.708: 0.192901
21.726: 0.0482253
21.73: 0.0771605
21.741: 0.0868056
21.753: 0.197724
21.763: 0.212191
21.789: 0.0868056
21.793: 0.212191
21.808: 0.0385802
21.819: 0.192901
21.846: 0.173611
21.864: 0.0192901
21.878: 0.448495
21.9: 0.424383
21.905: 0.0868056
21.915: 0.0771605
21.919: 0.0385802
21.945: 0.183256
21.957: 0.0771605
21.971: 0.0771605
21.978: 0.0241127
22.004: 0.212191
22.016: 0.520833
22.026: 0.0771605
22.03: 0.163966
22.052: 0.366512
22.056: 0.0771605
22.071: 0.115741
22.085: 0.0482253
22.097: 0.0385802
22.109: 0.0385802
22.115: 0.0482253
22.141: 0.607639
22.156: 0.0771605
22.163: 0.154321
22.168: 0.409915
22.178: 0.231481
22.2: 0.0482253
22.204: 0.0771605
22.208: 0.270062
22.222: 0.0964506
22.241: 0.0530478
22.267: 0.101273
22.279: 0.366512
22.293: 0.636574
22.315: 0.540123
22.32: 0.0771605
22.326: 0.0482253
22.334: 0.0771605
22.338: 0.0964506
22.348: 0.106096
22.36: 0.115741
22.374: 0.0482253
22.378: 0.106096
22.393: 0.0868056
22.404: 0.192901
22.419: 0.231481
22.431: 0.72338
22.441: 0.154321
22.445: 0.0771605
22.463: 0.226659
22.467: 0.231481
22.471: 0.154321
22.485: 0.212191
22.49: 0.0482253
22.5: 0.173611
22.504: 0.00964506
22.53: 0.226659
22.542: 0.0771605
22.556: 0.810185
22.563: 0.00482253
22.578: 0.308642
22.583: 0.270062
22.589: 0.106096
22.601: 0.260417
22.611: 0.0192901
22.615: 0.221836
22.623: 0.0771605
22.637: 0.453318
22.641: 0.0192901
22.656: 0.212191
22.67: 0.00964506
22.682: 0.241127
22.694: 0.578704
22.7: 0.00964506
22.708: 0.231481
22.726: 0.284529
22.73: 0.154321
22.741: 0.173611
22.748: 0.0385802
22.753: 0.477431
22.763: 0.424383
22.785: 0.00964506
22.789: 0.173611
22.793: 0.434028
22.807: 0.0192901
22.808: 0.0385802
22.819: 0.385802
22.826: 0.00964506
22.846: 0.270062
22.852: 0.0241127
22.864: 0.144676
22.878: 0.964506
22.9: 0.868056
22.905: 0.173611
22.911: 0.00964506
22.915: 0.0771605
22.919: 0.0771605
22.923: 0.0192901
22.933: 0.0192901
22.945: 0.289352
22.957: 0.154321
22.959: 0.00964506
22.963: 0.0192901
22.971: 0.154321
22.978: 0.0578704
22.989: 0.0482253
23.004: 0.424383
23.016: 1.09471
23.026: 0.154321
23.03: 0.250772
23.048: 0.0434028
23.052: 0.578704
23.056: 0.154321
23.07: 0.0385802
23.071: 0.0771605
23.075: 0.00964506
23.085: 0.115741
23.097: 0.0385802
23.109: 0.0771605
23.115: 0.125386
23.127: 0.0192901
23.141: 1.23457
23.156: 0.0771605
23.163: 0.308642
23.168: 0.665509
23.174: 0.0192901
23.178: 0.154321
23.186: 0.0482253
23.2: 0.125386
23.204: 0.0771605
23.208: 0.231481
23.222: 0.250772
23.241: 0.125386
23.267: 0.212191
23.279: 0.74267
23.293: 0.771605
23.311: 0.0482253
23.315: 0.462963
23.32: 0.0771605
23.326: 0.115741
23.338: 0.255594
23.348: 0.250772
23.36: 0.0771605
23.374: 0.115741
23.378: 0.250772
23.393: 0.0771605
23.404: 0.385802
23.419: 0.154321
23.431: 0.752315
23.445: 0.0771605
23.449: 0.0192901
23.463: 0.559414
23.467: 0.154321
23.485: 0.501543
23.49: 0.115741
23.5: 0.154321
23.504: 0.0192901
23.53: 0.279707
23.542: 0.154321
23.556: 0.540123
23.563: 0.0120563
23.583: 0.192901
23.589: 0.250772
23.601: 0.626929
23.611: 0.0385802
23.615: 0.270062
23.637: 0.559414
23.641: 0.0385802
23.656: 0.192901
23.67: 0.0241127
23.682: 0.0771605
23.694: 0.231481
23.7: 0.0241127
23.708: 0.154321
23.726: 0.665509
23.741: 0.154321
23.748: 0.0771605
23.753: 0.617284
23.763: 0.385802
23.785: 0.0241127
23.789: 0.154321
23.793: 0.405093
23.807: 0.0482253
23.826: 0.0241127
23.846: 0.0771605
23.852: 0.0506366
23.864: 0.327932
23.878: 1.02238
23.9: 0.810185
23.905: 0.154321
23.911: 0.0241127
23.919: 0.0771605
23.923: 0.0482253
23.933: 0.0482253
23.945: 0.192901
23.959: 0.0241127
23.963: 0.0482253
23.978: 0.0868056
23.989: 0.0964506
24.004: 0.385802
24.016: 1.08989
24.026: 0.154321
24.03: 0.154321
24.048: 0.108507
24.052: 0.385802
24.056: 0.154321
24.07: 0.0964506
24.075: 0.0241127
24.085: 0.173611
24.115: 0.197724
24.127: 0.0385802
24.141: 1.15741
24.163: 0.308642
24.168: 0.462963
24.174: 0.0482253
24.186: 0.120563
24.2: 0.197724
24.208: 0.0771605
24.222: 0.395448
24.241: 0.212191
24.267: 0.241127
24.279: 0.713735
24.293: 0.385802
24.311: 0.120563
24.315: 0.154321
24.326: 0.173611
24.338: 0.407504
24.348: 0.424383
24.374: 0.173611
24.378: 0.424383
24.393: 0.0385802
24.404: 0.385802
24.431: 0.347222
24.449: 0.0482253
24.463: 0.906636
24.485: 0.848765
24.49: 0.173611
24.5: 0.0771605
24.504: 0.0771605
24.53: 0.289352
24.542: 0.154321
24.556: 0.154321
24.563: 0.0482253
24.589: 0.424383
24.601: 1.04649
24.611: 0.154321
24.615: 0.250772
24.637: 0.578704
24.641: 0.154321
24.656: 0.0771605
24.67: 0.0964506
24.682: 0.0385802
24.694: 0.0771605
24.7: 0.0964506
24.726: 1.21528
24.741: 0.0771605
24.748: 0.308642
24.753: 0.665509
24.763: 0.154321
24.785: 0.0964506
24.789: 0.0771605
24.793: 0.231481
24.807: 0.192901
24.826: 0.106096
24.852: 0.202546
24.864: 0.733025
24.878: 0.771605
24.9: 0.462963
24.905: 0.0771605
24.911: 0.0964506
24.923: 0.192901
24.933: 0.212191
24.945: 0.0771605
24.959: 0.0964506
24.963: 0.212191
24.978: 0.0578704
24.989: 0.385802
25.004: 0.154321
25.016: 0.752315
25.03: 0.0771605
25.048: 0.453318
25.052: 0.154321
25.07: 0.424383
25.075: 0.0964506
25.085: 0.115741
25.089: 0.0192901
25.115: 0.221836
25.127: 0.154321
25.141: 0.540123
25.148: 0.00964506
25.168: 0.192901
25.174: 0.212191
25.186: 0.520833
25.196: 0.0385802
25.2: 0.212191
25.222: 0.443673
25.226: 0.0385802
25.241: 0.115741
25.255: 0.0192901
25.267: 0.0578704
25.279: 0.231481
25.285: 0.0192901
25.293: 0.154321
25.311: 0.569059
25.326: 0.115741
25.333: 0.0771605
25.338: 0.491898
25.348: 0.231481
25.37: 0.0192901
25.374: 0.115741
25.378: 0.250772
25.392: 0.0385802
25.411: 0.0192901
25.431: 0.0771605
25.437: 0.0482253
25.449: 0.289352
25.463: 0.733025
25.485: 0.501543
25.49: 0.115741
25.496: 0.0192901
25.508: 0.0385802
25.518: 0.0385802
25.53: 0.115741
25.544: 0.0192901
25.548: 0.0385802
25.563: 0.0289352
25.574: 0.0964506
25.589: 0.231481
25.601: 0.72338
25.615: 0.115741
25.633: 0.0868056
25.637: 0.231481
25.655: 0.0771605
25.66: 0.0192901
25.67: 0.0578704
25.7: 0.0771605
25.712: 0.0385802
25.726: 0.617284
25.753: 0.289352
25.759: 0.0385802
25.771: 0.0964506
25.785: 0.0771605
25.807: 0.154321
25.826: 0.0578704
25.852: 0.0289352
25.864: 0.250772
25.878: 0.231481
25.896: 0.0964506
25.911: 0.0578704
25.923: 0.163966
25.933: 0.115741
25.959: 0.0578704
25.963: 0.115741
26.016: 0.115741
26.034: 0.0385802
26.048: 0.298997
26.07: 0.231481
26.075: 0.0578704
26.115: 0.0578704
26.148: 0.00482253
26.174: 0.115741
26.186: 0.308642
26.2: 0.0578704
26.222: 0.115741
26.255: 0.00964506
26.285: 0.00964506
26.311: 0.289352
26.338: 0.144676
26.37: 0.00964506
26.392: 0.0192901
26.411: 0.00964506
26.437: 0.00482253
26.449: 0.115741
26.463: 0.115741
26.496: 0.00964506
26.508: 0.0192901
26.518: 0.0192901
26.544: 0.00964506
26.548: 0.0192901
26.601: 0.0578704
26.633: 0.0434028
26.655: 0.0385802
26.66: 0.00964506
26.7: 0.00964506
26.759: 0.0192901
26.771: 0.0482253
26.785: 0.00964506
26.807: 0.0192901
26.896: 0.0482253
26.923: 0.0241127
27.034: 0.0192901
27.048: 0.0192901
27.186: 0.00964506
==============================================
----------------------------------------------
Computing the following experimentally:
e 6 (2,6,20,93) (1,4,20,80) (1,b,b8,80) (2,9,0,0) (3,b,93,b0) nonlinear
computing with 128 valid keys or 2^8 possible keys and 2^10 random plaintexts
computing with 128 valid keys or 2^8 possible keys and 2^10 random plaintexts
computing with 128 valid keys or 2^8 possible keys and 2^10 random plaintexts
computing with 128 valid keys or 2^8 possible keys and 2^10 random plaintexts
computing with 128 valid keys or 2^8 possible keys and 2^10 random plaintexts
computing with 128 valid keys or 2^8 possible keys and 2^10 random plaintexts
computing with 128 valid keys or 2^8 possible keys and 2^10 random plaintexts
computing with 128 valid keys or 2^8 possible keys and 2^10 random plaintexts
computing with 128 valid keys or 2^8 possible keys and 2^10 random plaintexts
computing with 128 valid keys or 2^8 possible keys and 2^10 random plaintexts
computing with 128 valid keys or 2^8 possible keys and 2^10 random plaintexts
computing with 128 valid keys or 2^8 possible keys and 2^10 random plaintexts
computing with 128 valid keys or 2^8 possible keys and 2^10 random plaintexts
computing with 128 valid keys or 2^8 possible keys and 2^10 random plaintexts
computing with 128 valid keys or 2^8 possible keys and 2^10 random plaintexts
computing with 128 valid keys or 2^8 possible keys and 2^10 random plaintexts
5.022
4.97071
4.97486
3.43371
2.99842
3.43252
3.00848
5.03349
3.41598
5.00211
3.45576
4.98458
3.0195
3.43371
5.0099
3.4221
4.97071
3.41739
3.41199
3.43133
3.41433
3.44278
3.41504
5.06705
3.00565
3.41856
3.41621
3.41903
4.98807
3.39869
3.43633
3.00494
3.37703
3.01612
4.96108
3.3899
3.40265
2.99631
3.00053
2.99262
5.00353
3.40125
3.37635
3.43062
2.9865
3.4368
3.01114
5.03927
2.9993
3.42635
5.00423
3.01345
4.99648
4.99578
5.04
3.01505
3.41269
3.41927
2.9993
3.00919
5.00706
2.98493
2.98947
4.98807
2.9865
3.00459
3.39637
2.9872
3.00724
3.40334
4.95356
2.99297
2.99947
3.42754
3.41715
2.98965
3.40568
3.01986
3.39198
3.3929
5.00211
3.00671
5.00919
3.00547
3.42092
2.9872
3.40451
3.01362
5.03783
2.98703
3.00194
4.98458
4.94404
3.02523
3.01523
3.42967
3.03133
3.40171
5.02774
2.99894
3.41457
3.38575
2.99877
5.00141
5.03783
2.99894
3.003
3.40265
3.39406
3.40638
4.99859
3.45214
2.97815
3.01986
3.01968
4.99438
4.95424
2.9733
4.96108
3.00123
3.38851
5.07296
2.96864
4.98458
5.01701
5.022
3.43204
5.05382
4.9272
2.99262
2.99596
5.00423
3.42777
3.43991
4.95766
3.40032
4.99367
3.42967
5.01061
4.99718
5.04217
4.9825
2.97503
5.0509
2.99227
4.99087
3.38368
5.03927
3.00954
2.98825
2.98145
3.41527
3.44637
2.9949
3.42092
4.99859
3.00653
4.94336
3.4221
4.98458
3.41269
5.02846
4.97555
3.44278
3.00742
5.03783
4.97002
3.01132
3.40195
4.97555
4.99017
3.39452
3.42446
3.39128
3.02576
5.00565
2.97694
3.42683
3.38828
5.02129
2.9921
2.99596
3.02075
2.98755
2.9942
3.00565
4.99718
3.02218
2.9879
3.41175
2.99455
4.99578
2.99789
3.40171
3.40918
3.37566
5.01487
3.41527
2.98354
3.00529
3.41715
2.98772
5.03494
3.42896
5.01061
3.39151
2.98563
3.40778
3.42139
5.03061
5.02846
3.42186
4.99578
4.98738
3.39661
5.01416
2.96658
5.01772
2.99052
5.0371
3.41739
4.99157
3.44517
3.43466
3.40918
3.02648
4.99017
3.39036
3.37429
3.41011
2.99035
3.43967
3.42186
2.98546
5.04799
3.0179
3.00441
4.99648
2.99683
4.99367
2.99596
3.00211
3.00264
3.43228
2.99824
4.97902
4.97348
2.97106
3.41739
3.41598
2.9683
3.41433
4.97971
4.98458
3.0083
3.01434
5.01915
3.39893
3.03061
5.04508
3.00194
4.97625
3.006
4.9818
3.40474
3.39198
5.02415
5.05236
3.00018
5.01345
3.00035
5.01558
2.9907
4.9714
4.96933
2.98877
5.02559
4.99859
2.99315
3.03169
3.42683
4.99578
5.02846
3.01736
4.9818
5.01986
5.01203
5.02057
4.95903
3.01061
3.01167
5.01061
5.01986
4.95151
3.43109
4.98528
3.44613
2.98058
4.98877
3.003
3.02612
4.97694
2.97763
3.41504
3.00035
3.41011
2.9907
3.0007
3.42825
3.43895
3.42612
4.9714
3.3899
4.98598
3.41129
5.00141
3.01256
3.01986
3.41856
3.43442
3.00936
3.43276
3.41269
3.01025
3.44278
4.93391
3.4247
5.02989
3.43086
5.06557
3.40009
3.3973
3.438
3.00848
3.40381
4.97417
2.97625
3.41527
2.98197
3
5.05749
3.01167
3.00866
3.00194
2.98772
3.41386
3.45431
2.98163
3.39105
3.39823
3.01238
3.3752
4.99017
3.37635
4.98807
2.98058
2.97365
3.02308
2.98058
3.02828
4.99578
4.95766
4.97071
3.40614
3.43109
3.41339
3.38921
3.00901
2.99262
3.00388
4.96795
3.42116
5.02989
3.01007
3.3973
3.00088
2.99438
2.99175
3.00018
3.40988
3.00936
2.99052
4.99297
2.97434
3.40474
2.9865
2.99578
4.95424
2.98319
3.41998
5.01558
4.99087
2.99824
2.98668
2.99631
5.04944
3.398
2.99631
4.98877
3.37909
3.00848
2.99227
3.42352
2.98668
5.01843
3.41998
5.02559
3.44062
3.41386
3.022
3.42754
4.99087
3.44973
3.00512
3.39614
3.39661
4.98041
2.9652
5.03855
3.44757
5.01416
3.00441
3.38736
3.41269
5.0263
3.42021
4.95766
4.96383
4.99648
3.00018
2.97002
3.00247
5.00211
3.43086
4.99438
3.4507
3.42422
3.40965
3.44565
2.99666
4.96245
3.00406
3.02666
2.98284
3.00459
3.40381
4.97902
3.42991
5.00706
3.40988
3.40055
3.40824
3.43086
2.97227
3.00901
4.99859
4.96589
2.97382
3.00777
4.9652
3.43086
5.00494
5.00919
3.41035
4.98947
3.40918
2.99315
5.00282
2.96262
2.98197
5.00635
3.4411
2.99947
2.99842
3.00211
2.98006
2.99035
5.00565
3.39985
3.40754
3.41527
2.9759
3.41786
5.00777
4.95834
5.01986
3.40568
3.43871
2.99402
2.99245
4.97763
4.99297
3.41035
3.00159
3.41152
3.00423
3.41598
3.39684
2.9921
2.97989
3.3929
3.03656
4.99227
5.02272
4.97348
3.41035
3.39198
2.98982
3.40311
3.41762
5.03205
4.9993
3.44038
4.99367
4.95015
3.41152
4.96108
3.41762
3.01772
3.41762
3.00176
3.41129
2.98633
3.01398
4.95151
3.01772
3.40195
3.41739
2.99035
5.0263
2.99315
3.43347
2.99508
5.02918
3.39614
5.02487
3.42541
3.41598
3.02111
3.01061
5.00282
3.39452
3.43204
5.03855
3.03079
3.43204
3.39128
2.98006
3.00919
4.99438
3.00335
4.98041
5.07
3.43086
3.41621
4.96933
4.95766
3.38299
3.42706
5.01274
2.98738
3.00018
4.96727
5.07519
2.98076
3.43133
3.02882
2.99175
5.03349
3.38299
5.02272
3.006
3.41998
3.40941
4.9818
3.398
2.9956
2.98041
3.40661
3.41786
3.0154
3.003
5.03349
3.38598
5.06926
3.43704
3.41504
3.40801
2.99789
3.39221
5.00919
4.97694
5.01558
5.02272
3.42375
4.92988
4.99017
3.40801
3.41129
3.3899
3.41668
4.97833
4.94947
4.99157
5.05529
5.03205
3.01416
3.42635
3.41058
2.99754
3.4368
2.99122
3.00106
5.01487
2.99105
3.00123
5.00919
2.9956
3.40895
2.9664
3.0229
2.99157
3.40754
3.0007
4.99157
3.37703
4.99157
3.42375
5.00635
3.00724
2.98807
4.94879
3.02433
4.96727
3.43418
4.9652
5.06336
2.99806
5.02846
3.41551
4.98041
2.99859
5.00141
3.41645
3.02487
2.99525
4.96727
5.05602
4.94879
3.42186
3.39175
2.98232
3.01025
3.01114
3.41105
3.39198
4.96727
5.02344
3.41762
3.00159
3.42352
2.99402
3.42163
2.98215
3.0099
3.00423
3.37978
3.40778
3.44517
2.99683
4.99297
2.98947
3.02487
4.98877
3.40568
2.98041
3.01167
3.00565
3.43823
2.97729
5.05822
3.39452
3.0429
3.45166
4.97486
3.42116
2.99982
5.03133
3.43371
5.00777
3.01203
2.96091
3.41504
4.98947
4.95697
3.01291
2.97451
4.98807
4.98389
3.40055
3.42304
5.0007
2.9811
4.97348
4.9811
2.98668
3.40614
2.99894
3.43157
4.97694
3.40474
4.94811
4.96795
4.96658
4.9993
4.99157
3.4411
2.98598
5.02272
5.00706
3.01736
5.08337
5.04217
3.41574
3.43704
3.40311
2.99789
5.01132
2.99596
3.40801
2.99894
4.99297
3.02559
3.41082
3.00159
2.98738
2.99578
2.97607
5.05675
3.40824
4.9714
5.03638
3.00053
3.42706
4.96727
4.99367
5.05675
3.43038
3.4188
4.98877
3.00406
3.39105
2.99297
3.01434
3.41786
4.9604
3.40895
3.40334
3.00194
4.97279
3.40148
3.41668
3.44038
3.40241
3.42588
4.99648
3.01362
3.01576
3.00441
3.42068
4.98807
5.00635
5.00565
3.00035
3.39893
3.41668
2.99438
5.00353
2.97503
2.99402
5.02129
4.9811
4.99789
4.97071
3.39893
4.96795
2.99455
3.03205
4.96108
4.97625
4.98598
3.01149
3.43133
3.44373
4.96245
3.42801
3.41293
3.40171
2.99227
3.4368
3.40801
3.00388
2.9935
3.40358
4.97625
3.01523
3.42116
2.99175
3.00688
4.97209
3.39105
4.9652
3.00317
3.40148
3.41762
2.99912
4.99859
2.99842
4.99718
5.0458
4.95629
2.98912
3.40941
3.00194
3.00688
3.01416
4.99718
4.96314
3.41035
3.01185
4.97625
3.3899
4.96727
2.98598
4.97348
4.99578
3.41129
3.00812
2.9907
3.3823
3.38828
4.9811
3.42848
3.42801
2.98982
5.00919
3.43062
3.03331
3.40941
3.42281
4.99367
3.41739
2.9893
3.43418
3.02236
3.02648
4.9811
3.01986
3.00742
2.96022
4.98041
3.38345
3.03692
5.02057
2.99175
3.4423
3.38944
3.38736
4.97209
3.40848
2.99613
5.00565
2.99754
2.98895
3.42045
4.98598
2.9785
2.99877
3.40125
4.97833
4.9811
3
3.40265
3.41856
2.98284
3.02864
3.40032
5.01986
4.98598
4.9652
3.00247
2.9886
3.42186
2.98041
4.94607
2.96968
3.40125
3.41856
3.45842
5.02487
3.00565
3.00795
3.40381
2.99789
4.96727
3.0122
3.41833
3
3.01096
3.00106
5.022
3.43466
3.40218
3.01469
2.9872
4.97279
3.39614
3.00582
3.41293
4.98598
4.98947
5.01132
3.44134
5.02702
2.98476
2.9907
3.41293
3.42304
3.41199
3.01629
5.00282
5.0263
2.99402
3.44134
5.04726
5.02344
3.39175
3.39614
3.42683
2.99718
4.9604
4.98947
3.03584
3.41011
5.01915
2.98842
5.0007
5.03277
3.4606
3.00919
4.94336
3.43514
4.94472
2.9865
3.46643
4.94336
2.9935
2.97486
5.05749
5.02702
3.40918
3.40965
3.40032
3.46375
5.03422
3.38207
3.41739
4.99718
3.41058
3.00211
3.00671
2.99455
4.99718
2.99613
4.97694
4.95492
2.98982
4.94607
5.00353
3.02918
5.02702
2.97434
3.42943
3.43181
2.99175
4.9818
3.37978
3.43252
3.0138
3.00141
5.00848
3.006
5.0007
3.43466
5.02272
2.98406
3.00476
3.41527
3.42848
3.39059
2.99736
3.35277
4.9604
3.03043
2.99771
3.37269
3.41363
4.99718
5.05017
5.03349
5.02487
5.03927
4.99438
3.00423
5.0099
3.41762
2.99367
3.40614
4.97348
5.01986
5.02057
3.40032
5.03133
4.94947
5.01986
3.4221
2.99473
2.98093
3.41246
3.00759
3.43109
4.94947
3.01362
3.4247
3.398
4.97902
5.01986
3.0138
3.43109
2.98476
3.41762
3.00159
2.97919
3.00088
5.0007
3.38253
3.00795
3.41715
3.01061
4.99017
3.00035
3.0179
5.022
3.40428
5.04799
5.00706
2.98825
3.398
3.41621
4.97902
2.99227
3.39475
2.97382
3.43991
4.99297
3.003
2.9872
4.92854
5.03927
3.0099
5.05895
3.40241
4.99648
3.40265
5.02129
3.38805
3.43252
2.98807
2.98493
3.00812
5.03349
4.98738
3.02505
3.40848
3.38391
3.42328
3.00565
3.39522
3.41833
2.99842
3.0138
3.0122
4.98877
2.99596
3.41011
4.95697
4.98319
3.00706
3.41129
3.0083
2.9759
3.41786
3.40544
3.42328
4.97209
3.39336
4.98598
3.03349
2.99806
3.42399
4.99227
5.03494
5.01416
2.98319
3.02828
2.99227
2.98511
5.01132
3.01986
4.96727
4.97417
3.01986
3.44781
3.01007
4.99297
3.42635
3.41339
3.40918
2.98128
5.01986
3.41739
5.02559
5.03061
5.04872
3.41058
4.97209
4.92854
5.022
3.39383
5.02057
3.40941
3.40824
4.99157
2.99982
2.98842
5.01416
4.97694
3.43943
3.42257
3.41645
3.39359
4.99508
3.02344
3.42706
3.39777
5.00565
2.98232
3.00919
5
3.39498
4.96795
3.0037
2.99175
3.43395
3.42092
5.03205
3.40102
5.02344
3.41269
3.44829
4.97694
2.98371
3.39244
2.98825
3.43561
3.0204
4.95083
3.4292
2.98267
3.42328
5.00353
3.42541
3.40428
3.42092
3.4221
5.03494
4.97971
4.99017
3.4188
3.00423
3.00317
4.98041
3.0122
3.00848
3.4368
3.04744
3.40102
3.39614
3.3929
3.00176
3.42021
2.98563
4.94607
3.38276
3.01808
5.01061
3.40824
4.99718
4.97833
3.00812
3.44254
3.02451
2.98598
3.40965
3.45383
5.03277
5.00141
3.43776
4.91852
4.96658
5.04362
3.43823
3.40591
3.03025
2.99157
2.96795
2.99578
4.98389
3.43204
3.41246
4.97555
3.42541
2.98842
3.41035
3.00724
3.40358
3.01808
2.99842
3.01256
3.00282
5.04726
2.99718
3.00476
3.01274
3.02738
4.99157
2.98406
4.96864
3.45359
3.01772
4.94675
4.97694
3.4349
3.40521
3.43442
3.02183
3.42186
3.39013
4.9825
2.98598
3.40754
3.42116
2.99824
2.9935
2.99367
3.40895
3.42541
4.98458
3.41833
5.01772
3.41715
3.4273
5.02918
3.40009
5.0371
3.46181
3.40871
3.01647
4.98598
4.99789
3.00264
5.00211
2.97348
2.97071
4.91055
2.96537
2.99613
3.39916
4.96727
4.9993
2.97642
5.00777
2.98633
3.38552
3.42872
4.95083
4.99438
5.04072
4.99789
4.96658
3.41715
3.00353
2.9956
3.00653
3.40731
5.03422
3.01594
3.3846
3.02433
3.41598
3.4247
3.40778
3.39151
2.99385
3.00759
3.01007
5.00423
3.41105
3.01487
5.02344
4.98319
4.99087
3.38805
3.42139
4.97071
3.40311
5.00777
3.00353
3.41222
2.9907
3.03241
4.98041
4.98458
4.99227
3.40661
3.01772
3.01736
3.00565
5.06631
4.98877
3.40195
4.97555
3.04508
3.42659
3.40311
4.98319
3.003
3.37543
3.02147
3.02057
2.96692
2.9949
2.99806
2.98738
4.99578
3.39175
2.99473
3.4188
3.01576
3.42116
3.0458
5.03205
3.41246
3.41739
5.0099
4.98877
3.42635
3.43181
3.4188
3.40334
3.40125
4.98738
3.41222
3.00795
3.03404
4.99718
3.43204
3.42659
2.99842
2.98738
4.98947
5.01416
4.98807
3.03747
3.00106
5.06263
3.43347
5.01274
5.04145
3.42825
3.41246
3
5.03638
3.37635
5.00565
3.43442
4.98458
5.00494
3
2.99438
3.41551
5.0458
5.01986
5.04
3.01149
5.00423
3.41152
2.9714
5.00211
3.01167
5.00282
3.44805
2.9914
4.99297
4.96658
3.43514
5.02129
3.41246
3.45022
3.00724
3.00088
4.99648
4.9825
5.00919
4.97279
4.97071
3.39198
2.99122
3.42493
2.98703
3.01167
3.00353
5.04435
3.4273
3.40241
5.01274
3.02308
3.40265
3.02361
3.01149
5.01701
5.01487
5.00282
3.42683
5.01701
2.9949
3.43347
3.006
3.41433
5.00353
3.42659
2.9702
3.42422
5.01061
3.00123
3.42991
3.00936
4.97348
2.97971
4.96933
3.44445
3.40195
3.41974
4.99789
3.41998
3.00088
3.40778
3.39082
3.43442
3.00459
3.3869
2.96985
3.45745
3.00335
3.0272
4.97417
4.97694
3.44278
3.42683
2.99859
3.01451
3.41011
3.43299
3.41293
3.44589
3.37749
3.41129
5.02415
3.44949
2.9956
4.92653
5.01772
5.05602
3.42257
3.41339
3.03295
4.99718
3.01665
2.98302
3.42328
3.41903
3.39846
3.00353
4.9714
5.01274
3.44517
4.96727
3.01167
3.42328
3.42706
3.41809
3.43657
5.03927
3.0138
3.42564
3.39753
3.00653
4.95219
4.95561
5
2.99175
2.98912
2.99666
4.90065
2.97382
2.99631
3.02236
3.40055
2.98807
3.40871
3.44589
3.39498
4.98738
3.02523
2.99578
3.00848
5.03349
3.42706
2.98825
3.00211
3.42683
2.99789
3.40895
3.4221
5.03927
4.96795
4.97902
3.38736
5.01915
3.41974
3.02451
3.41974
3.38253
4.99017
3.41504
3.37703
3.01149
4.98738
3.40009
3.00282
3.03187
3.01007
2.99192
3.42092
2.99035
3.39962
3.39198
3.40125
3.42991
3.39591
3.40591
3.43871
3.41105
3.00388
4.98947
5.0263
3.41035
3.02022
2.99912
3.42754
3.39893
5.0371
3.00866
5.04145
3.01683
5.03566
5.03494
3.44158
4.95903
4.99438
3.40125
3.41269
5.03494
3.41504
3.39869
3.43418
3.3929
3.00088
3.38598
2.97469
3.42328
3.43585
4.99017
2.98895
3.01149
3.42328
4.9714
3.42163
3.41129
3.39962
4.94947
3.41363
3.02882
3.0263
2.99297
4.96177
3.40778
4.9366
5.01132
4.99297
5.01416
3.4188
5.06631
3.39684
3.00141
2.99578
5.01558
2.97555
3.40965
3.39498
2.9935
5.0789
3.44925
2.99965
3.39777
3.00317
3.42777
3.40265
4.9811
3.01808
5.00848
4.97279
3.00919
5.05236
3.00547
3.41903
5.01274
3.40941
5.02702
4.94743
3.006
2.99736
3.40941
3.00388
5.00919
4.9993
2.98528
5.01986
5.07445
4.99438
3.37909
5.01345
3.39916
2.99596
3.01932
3.01968
5.02415
5.02344
4.97279
3.41974
2.99157
2.98738
2.98441
3.00901
3.40451
3.4188
5.00282
3.01291
3.00247
4.9604
3.42399
4.99367
4.99508
3.42281
2.99402
3.42848
3.41739
2.99806
3.4148
3.00565
4.94811
5.00353
3.00141
3.42045
3.03656
4.97071
3.39893
5.02774
3.01683
3.00919
2.97469
2.99438
3.42754
3.01203
3.44805
3.00194
2.99613
3.40895
3.02022
3.43014
2.98319
4.97555
4.98041
3.4247
3.00476
3.00742
5.06263
2.99631
5.06852
3.42186
2.99297
5.01772
4.96864
3.01203
3.42943
5.07296
3.01203
5.05017
3.42588
4.9818
3.41998
3.42848
3.42683
4.94133
3.41011
3.41316
5.06042
5.0099
2.99455
2.99508
3.38391
4.96177
2.96469
4.96933
2.9993
3.40544
5.04145
3.41129
4.95424
3.43228
3.00653
2.99087
2.98337
2.99367
5.00919
2.9907
3.01594
2.99315
3.39939
5.00919
3.39962
2.9993
3.00229
2.9907
3.01132
3.38874
5.01274
3.40474
3.42896
5.01701
5.00706
3.01274
4.98807
3.41574
3.398
4.98389
3.39128
3.00529
2.97573
5.00565
2.99175
2.9921
4.99508
2.97937
5.00494
3.38139
2.98982
4.95561
3.43585
4.96383
2.99736
3.01007
4.97486
3.40591
3.42777
3.44373
5.01345
2.97937
3.38851
5.03205
5.02487
3.4188
3.42021
5.07
2.99175
3.39221
2.98006
3.42493
3.01238
2.97815
3.41903
3.00088
5.07593
3.40311
3.41011
5.00353
2.97885
3.4221
3.0154
5.01061
3.37201
5.02702
3
5.03277
3.40451
3.01025
5.05895
3.3823
3.00423
4.99297
2.99806
3.00035
2.9872
3.44134
3.00159
3.39869
5.02846
2.98633
2.9956
3.00229
3.41927
3.42045
3.01327
4.94743
3.01612
2.98947
5.01132
5.02057
3.01025
3.40638
3.40288
3.01167
4.95971
3.41269
2.98615
2.99105
3.47008
3.4188
2.99736
2.98703
2.99596
2.99385
2.99842
4.98389
4.9818
5.02702
3.43109
3.41316
5.04508
3.42659
5.00635
3.43847
2.99877
3.41645
5.01701
3.41386
2.99402
3.40661
5.01701
4.97625
4.9366
2.99402
3.01558
2.97521
4.99227
5.01629
5.04944
3.42304
5.01487
5.01772
2.99157
3.01007
2.99754
2.98476
3.40614
3.4141
5.03783
5.04
3.00441
3.43252
5.03061
5.04145
3.41668
3.41269
2.98947
4.97902
2.97365
5.00353
2.98476
4.98668
2.99842
3.40754
5.05529
3.00194
3.40544
3.0229
3.44685
3.43657
2.98458
3.37566
5.01345
2.99017
3.43014
2.99666
3.01238
3.01132
3.4273
5.00848
3.00724
5.00141
3.00936
3.43014
5.00706
3.04508
4.96177
4.99789
4.99859
3.41998
2.9879
3.00688
2.97989
5.06336
4.99367
4.99578
4.9366
3.0272
3.40102
2.97815
2.98145
3.39452
3.41668
5.00141
3.03476
4.97417
3.00211
2.97123
3.00388
3.02093
3.40661
3.01505
3.43657
2.98965
3.40311
3.00282
3.42257
5.01986
3.40474
3.39916
3.39313
3.41152
3.42328
4.9818
3.43919
3.40871
3.40988
3.40451
3.00901
3.01825
5.0263
2.9914
5.01487
4.99157
3.00848
5.00211
2.9949
3.42588
3.00141
3.38874
3.41152
4.99859
3.44278
5.03277
5.02487
3.37612
3.43038
3.36837
4.98528
3.40474
3.42257
3.02361
2.99087
3.0138
3.41105
3.41222
4.99718
3.0229
3.42896
3.40661
5.02272
3.42967
4.97486
3.43776
3.01256
4.96589
3.3869
5.00353
2.95834
3.42446
3.40684
2.98563
3.41504
3.41504
4.99087
2.9942
3.41386
5.01772
3.42163
2.99631
3.43252
3.40381
3.4247
5.00565
3.43038
3.39614
3.0229
2.99789
3.01274
3.01149
5.01416
5.06042
3.44302
3.41574
3.41316
5.00282
3.42399
3.01309
3.43704
2.98807
key space reduction: -0.404609
prob, dist: 
3.00039 34.0332
3.4141 34.5215
4.99749 31.4453
==============================================
Overall: 
The following is the probability distribution: 
Key reduction: -9.064759
89.223: 0.00328252
89.33: 0.00656505
89.361: 0.00656505
89.446: 0.00656505
89.468: 0.0131301
89.486: 0.0131301
89.513: 0.00328252
89.571: 0.00656505
89.583: 0.0131301
89.593: 0.0262602
89.62: 0.00656505
89.624: 0.0262602
89.637: 0.00332962
89.709: 0.0426728
89.731: 0.0525204
89.735: 0.00656505
89.744: 0.00665924
89.749: 0.0131301
89.775: 0.00665924
89.776: 0.0131301
89.808: 0.00984757
89.834: 0.0262602
89.846: 0.0590854
89.856: 0.0262602
89.859: 0.00665924
89.861: 0.00656505
89.881: 0.0133185
89.883: 0.0262602
89.887: 0.0262602
89.9: 0.0133185
89.915: 0.0196951
89.927: 0.00332962
89.946: 0.0196951
89.972: 0.0919107
89.985: 0.00665924
89.994: 0.0525204
89.997: 0.0133185
89.998: 0.0295427
90.007: 0.0266369
90.031: 0.0196951
90.033: 0.00665924
90.038: 0.0266369
90.039: 0.0131301
90.053: 0.0393903
90.071: 0.0262602
90.097: 0.0262602
90.098: 0.00984757
90.109: 0.0787806
90.122: 0.043285
90.124: 0.0262602
90.144: 0.0532739
90.146: 0.0262602
90.149: 0.00665924
90.156: 0.0196951
90.163: 0.0133185
90.168: 0.0393903
90.178: 0.0525204
90.19: 0.0133185
90.205: 0.0196951
90.209: 0.0525204
90.222: 0.00998886
90.223: 0.00656505
90.235: 0.0656505
90.248: 0.0266369
90.26: 0.0599331
90.261: 0.0393903
90.27: 0.0266369
90.274: 0.00665924
90.294: 0.101758
90.296: 0.0266369
90.301: 0.0266369
90.316: 0.105041
90.32: 0.0196951
90.329: 0.0199777
90.33: 0.0131301
90.334: 0.0131301
90.36: 0.0199777
90.361: 0.0393903
90.372: 0.0262602
90.386: 0.0932293
90.387: 0.0262602
90.393: 0.00738568
90.408: 0.0532739
90.412: 0.0299666
90.419: 0.0525204
90.431: 0.124736
90.441: 0.0262602
90.444: 0.0199777
90.446: 0.0328252
90.453: 0.0133185
90.466: 0.0399554
90.468: 0.0787806
90.472: 0.0262602
90.485: 0.0266369
90.486: 0.0131301
90.5: 0.0147714
90.511: 0.0266369
90.512: 0.00998886
90.513: 0.00656505
90.523: 0.0799108
90.524: 0.0131301
90.531: 0.0147714
90.538: 0.0266369
90.557: 0.157561
90.56: 0.0266369
90.57: 0.0199777
90.571: 0.0131301
90.579: 0.0525204
90.582: 0.0399554
90.583: 0.0886281
90.592: 0.0532739
90.593: 0.0262602
90.616: 0.0147714
90.618: 0.0199777
90.62: 0.0131301
90.623: 0.0532739
90.624: 0.0393903
90.637: 0.00665924
90.638: 0.0295427
90.649: 0.0665924
90.656: 0.0164126
90.675: 0.0399554
90.682: 0.0262602
90.683: 0.00738568
90.694: 0.105041
90.707: 0.103218
90.709: 0.111606
90.729: 0.106548
90.731: 0.0787806
90.734: 0.0199777
90.735: 0.0131301
90.741: 0.0147714
90.744: 0.0133185
90.748: 0.0133185
90.753: 0.0295427
90.763: 0.0328252
90.775: 0.0399554
90.776: 0.0131301
90.786: 0.0266369
90.79: 0.0147714
90.794: 0.0328252
90.801: 0.0266369
90.807: 0.00749164
90.808: 0.0131301
90.82: 0.0656505
90.833: 0.0532739
90.834: 0.0262602
90.845: 0.126526
90.846: 0.118171
90.855: 0.0266369
90.859: 0.0332962
90.861: 0.0131301
90.879: 0.0697536
90.881: 0.0799108
90.883: 0.0262602
90.886: 0.0266369
90.9: 0.0133185
90.901: 0.0656505
90.905: 0.0147714
90.914: 0.0149833
90.915: 0.0262602
90.919: 0.00328252
90.927: 0.00665924
90.938: 0.0133185
90.944: 0.0149833
90.946: 0.0426728
90.957: 0.0262602
90.97: 0.159822
90.972: 0.0919107
90.978: 0.00164126
90.985: 0.0133185
90.992: 0.0532739
90.997: 0.0898997
90.998: 0.0328252
91.004: 0.0328252
91.007: 0.0266369
91.016: 0.0804218
91.026: 0.00656505
91.029: 0.0149833
91.031: 0.0410315
91.033: 0.0133185
91.038: 0.0399554
91.051: 0.0299666
91.053: 0.0853456
91.057: 0.00656505
91.07: 0.0166481
91.071: 0.0328252
91.085: 0.00328252
91.096: 0.0341286
91.098: 0.0131301
91.108: 0.106548
91.109: 0.0393903
91.116: 0.00328252
91.122: 0.113207
91.124: 0.0262602
91.142: 0.0886281
91.144: 0.0799108
91.149: 0.0133185
91.155: 0.0149833
91.156: 0.0262602
91.164: 0.0131301
91.167: 0.0299666
91.168: 0.0927313
91.177: 0.0332962
91.178: 0.0656505
91.19: 0.0133185
91.201: 0.00328252
91.203: 0.0149833
91.205: 0.0262602
91.208: 0.0332962
91.209: 0.068933
91.22: 0.00303292
91.222: 0.0133185
91.223: 0.00656505
91.233: 0.0665924
91.241: 0.00328252
91.248: 0.0266369
91.26: 0.119866
91.261: 0.0131301
91.267: 0.00656505
91.268: 0.00164126
91.274: 0.0133185
91.279: 0.0459553
91.292: 0.0707544
91.294: 0.164126
91.296: 0.0266369
91.314: 0.0665924
91.316: 0.137866
91.319: 0.0149833
91.32: 0.0262602
91.326: 0.00328252
91.327: 0.00606584
91.329: 0.0266369
91.333: 0.00332962
91.334: 0.0131301
91.338: 0.00656505
91.348: 0.00656505
91.358: 0.00606584
91.36: 0.043285
91.361: 0.0328252
91.371: 0.0266369
91.375: 0.00328252
91.379: 0.00656505
91.386: 0.0932293
91.392: 0.00166481
91.393: 0.0147714
91.405: 0.0164126
91.412: 0.0332962
91.418: 0.0332962
91.419: 0.0656505
91.43: 0.0815757
91.431: 0.180539
91.44: 0.00665924
91.441: 0.0262602
91.443: 0.00606584
91.444: 0.0416202
91.446: 0.0262602
91.464: 0.0147714
91.465: 0.0121317
91.466: 0.0865701
91.468: 0.0656505
91.471: 0.00665924
91.472: 0.0262602
91.483: 0.0121317
91.485: 0.0332962
91.486: 0.0131301
91.49: 0.00328252
91.499: 0.00332962
91.5: 0.0295427
91.51: 0.00303292
91.512: 0.0133185
91.523: 0.0399554
91.529: 0.00332962
91.531: 0.0328252
91.538: 0.0266369
91.542: 0.00656505
91.555: 0.0898997
91.557: 0.196951
91.568: 0.00606584
91.57: 0.0266369
91.577: 0.0133185
91.579: 0.0525204
91.58: 0.0121317
91.582: 0.0940617
91.583: 0.0787806
91.589: 0.00656505
91.59: 0.0242634
91.592: 0.0665924
91.601: 0.0164126
91.614: 0.00332962
91.616: 0.0328252
91.617: 0.00606584
91.618: 0.0266369
91.621: 0.0242634
91.623: 0.069922
91.624: 0.0131301
91.636: 0.00665924
91.638: 0.0656505
91.655: 0.00332962
91.656: 0.0361078
91.675: 0.0133185
91.681: 0.00832405
91.682: 0.0262602
91.683: 0.0147714
91.693: 0.0466147
91.694: 0.121453
91.706: 0.039428
91.707: 0.166481
91.709: 0.0656505
91.727: 0.0164126
91.728: 0.0485267
91.729: 0.139844
91.731: 0.0262602
91.732: 0.00606584
91.734: 0.0266369
91.74: 0.00332962
91.741: 0.0295427
91.747: 0.0121317
91.748: 0.0133185
91.752: 0.00665924
91.753: 0.0672917
91.762: 0.00665924
91.763: 0.0722155
91.773: 0.0121317
91.775: 0.0332962
91.788: 0.00332962
91.79: 0.0295427
91.792: 0.00665924
91.794: 0.0722155
91.805: 0.00909876
91.807: 0.0149833
91.808: 0.0131301
91.818: 0.0166481
91.82: 0.0656505
91.831: 0.0242634
91.833: 0.0665924
91.843: 0.0545926
91.845: 0.183129
91.846: 0.0590854
91.853: 0.0242634
91.855: 0.0266369
91.858: 0.00606584
91.859: 0.0266369
91.864: 0.00656505
91.877: 0.0149833
91.879: 0.152637
91.88: 0.0242634
91.881: 0.0665924
91.884: 0.0242634
91.886: 0.0266369
91.899: 0.0133185
91.901: 0.144431
91.904: 0.00332962
91.905: 0.0295427
91.912: 0.0181975
91.914: 0.0299666
91.915: 0.0262602
91.919: 0.0131301
91.943: 0.0181975
91.944: 0.0332962
91.946: 0.0623679
91.956: 0.00665924
91.957: 0.0262602
91.969: 0.0849218
91.97: 0.199777
91.972: 0.0262602
91.978: 0.00820631
91.991: 0.0485267
91.992: 0.0532739
91.995: 0.0272963
91.997: 0.0799108
92.003: 0.00665924
92.004: 0.0722155
92.015: 0.0166481
92.016: 0.177256
92.026: 0.0262602
92.028: 0.0181975
92.029: 0.0332962
92.031: 0.0558029
92.036: 0.0121317
92.038: 0.0133185
92.05: 0.036395
92.051: 0.0665924
92.053: 0.124736
92.057: 0.0262602
92.068: 0.0242634
92.07: 0.0366258
92.071: 0.0393903
92.085: 0.0164126
92.094: 0.0242634
92.095: 0.00909876
92.096: 0.0416202
92.098: 0.0131301
92.106: 0.0727901
92.108: 0.123196
92.109: 0.0131301
92.116: 0.0164126
92.121: 0.0242634
92.122: 0.0665924
92.14: 0.0166481
92.142: 0.206799
92.143: 0.0242634
92.144: 0.0266369
92.153: 0.0181975
92.155: 0.0299666
92.156: 0.0262602
92.164: 0.0525204
92.165: 0.036395
92.167: 0.0682572
92.168: 0.139507
92.175: 0.0485267
92.177: 0.0732516
92.178: 0.0787806
92.201: 0.0164126
92.202: 0.0181975
92.203: 0.0299666
92.205: 0.0262602
92.206: 0.0485267
92.208: 0.0732516
92.209: 0.0919107
92.22: 0.00606584
92.222: 0.0133185
92.223: 0.0328252
92.232: 0.0606584
92.233: 0.0665924
92.241: 0.0180539
92.258: 0.036395
92.26: 0.0599331
92.267: 0.0262602
92.268: 0.00820631
92.278: 0.00665924
92.279: 0.124736
92.291: 0.0940205
92.292: 0.154827
92.294: 0.216647
92.313: 0.0970534
92.314: 0.146503
92.316: 0.183821
92.317: 0.0181975
92.319: 0.0299666
92.32: 0.0262602
92.326: 0.0164126
92.327: 0.0121317
92.329: 0.0266369
92.331: 0.0121317
92.333: 0.0133185
92.334: 0.0262602
92.338: 0.0328252
92.348: 0.0361078
92.358: 0.036395
92.36: 0.0632628
92.361: 0.0393903
92.369: 0.0242634
92.371: 0.0266369
92.375: 0.0164126
92.379: 0.0361078
92.384: 0.0242634
92.386: 0.0266369
92.39: 0.00682407
92.392: 0.00832405
92.393: 0.0295427
92.405: 0.0656505
92.416: 0.0485267
92.418: 0.0732516
92.419: 0.0787806
92.428: 0.115251
92.43: 0.179799
92.431: 0.246189
92.438: 0.0242634
92.44: 0.0266369
92.441: 0.0525204
92.443: 0.0303292
92.444: 0.0566035
92.446: 0.0262602
92.464: 0.0771393
92.465: 0.0727901
92.466: 0.126526
92.468: 0.0787806
92.469: 0.0242634
92.471: 0.0266369
92.472: 0.0525204
92.483: 0.0121317
92.485: 0.0399554
92.486: 0.0722155
92.49: 0.0164126
92.497: 0.0136481
92.499: 0.0166481
92.5: 0.0590854
92.504: 0.00328252
92.51: 0.00606584
92.512: 0.0133185
92.521: 0.0121317
92.523: 0.0133185
92.528: 0.0136481
92.529: 0.0166481
92.531: 0.0771393
92.542: 0.0262602
92.554: 0.14558
92.555: 0.209766
92.557: 0.275732
92.563: 0.00164126
92.568: 0.0121317
92.57: 0.0266369
92.576: 0.0485267
92.577: 0.0532739
92.579: 0.105041
92.58: 0.0818888
92.582: 0.141509
92.583: 0.0919107
92.589: 0.0361078
92.59: 0.0242634
92.592: 0.0799108
92.601: 0.0886281
92.611: 0.00656505
92.613: 0.0136481
92.614: 0.0166481
92.616: 0.075498
92.617: 0.0121317
92.618: 0.0266369
92.621: 0.036395
92.623: 0.0932293
92.624: 0.0262602
92.635: 0.0272963
92.636: 0.0332962
92.638: 0.154279
92.642: 0.00656505
92.653: 0.0151646
92.655: 0.0183129
92.656: 0.0722155
92.67: 0.00328252
92.679: 0.0242634
92.68: 0.00682407
92.681: 0.034961
92.682: 0.0525204
92.683: 0.0295427
92.691: 0.0970534
92.693: 0.126526
92.694: 0.196951
92.701: 0.00328252
92.706: 0.103119
92.707: 0.219755
92.709: 0.0787806
92.727: 0.0968344
92.728: 0.0727901
92.729: 0.186459
92.731: 0.0525204
92.732: 0.0121317
92.734: 0.0266369
92.738: 0.0136481
92.74: 0.0166481
92.741: 0.0590854
92.748: 0.0266369
92.749: 0.0131301
92.75: 0.0272963
92.752: 0.0332962
92.753: 0.162485
92.76: 0.0303292
92.762: 0.0366258
92.763: 0.144431
92.773: 0.0121317
92.775: 0.0399554
92.786: 0.00328252
92.787: 0.0136481
92.788: 0.0166481
92.79: 0.0590854
92.791: 0.0303292
92.792: 0.0366258
92.794: 0.147714
92.805: 0.0121317
92.807: 0.0299666
92.808: 0.0196951
92.817: 0.0606584
92.818: 0.0665924
92.82: 0.131301
92.826: 0.00328252
92.831: 0.0242634
92.833: 0.0799108
92.843: 0.109185
92.845: 0.249721
92.846: 0.0919107
92.852: 0.00656505
92.853: 0.00164126
92.855: 0.0532739
92.858: 0.0121317
92.859: 0.0266369
92.864: 0.0492379
92.876: 0.0644495
92.877: 0.078246
92.879: 0.328252
92.88: 0.0242634
92.881: 0.0799108
92.886: 0.0532739
92.898: 0.0606584
92.899: 0.0732516
92.901: 0.295427
92.902: 0.0136481
92.904: 0.0166481
92.905: 0.0590854
92.911: 0.00328252
92.912: 0.0242634
92.914: 0.0599331
92.915: 0.0262602
92.916: 0.00303292
92.918: 0.00332962
92.919: 0.0262602
92.923: 0.00656505
92.933: 0.00656505
92.943: 0.039428
92.944: 0.078246
92.946: 0.0984757
92.954: 0.0242634
92.956: 0.0266369
92.957: 0.0525204
92.96: 0.00328252
92.964: 0.00656505
92.969: 0.0849218
92.97: 0.279688
92.972: 0.0525204
92.975: 0.00151646
92.977: 0.00166481
92.978: 0.0196951
92.99: 0.0164126
92.992: 0.106548
92.995: 0.0303292
92.997: 0.0932293
93.001: 0.0303292
93.003: 0.0366258
93.004: 0.144431
93.013: 0.0743065
93.015: 0.0898997
93.016: 0.372566
93.023: 0.00606584
93.025: 0.00665924
93.026: 0.0525204
93.028: 0.0379115
93.029: 0.0765812
93.031: 0.0853456
93.038: 0.0266369
93.049: 0.0147714
93.05: 0.0788559
93.051: 0.156492
93.053: 0.196951
93.054: 0.00606584
93.055: 0.00665924
93.057: 0.0525204
93.068: 0.0303292
93.07: 0.0732516
93.071: 0.0393903
93.075: 0.00328252
93.082: 0.00303292
93.084: 0.00332962
93.085: 0.0393903
93.095: 0.0121317
93.096: 0.0832405
93.098: 0.0131301
93.106: 0.036395
93.108: 0.199777
93.109: 0.0262602
93.113: 0.00303292
93.114: 0.00332962
93.116: 0.0426728
93.121: 0.0242634
93.122: 0.0799108
93.127: 0.00656505
93.139: 0.0818888
93.14: 0.0982237
93.142: 0.420163
93.144: 0.0532739
93.153: 0.0242634
93.155: 0.0599331
93.156: 0.0262602
93.161: 0.0121317
93.162: 0.0133185
93.164: 0.105041
93.165: 0.08568
93.167: 0.164816
93.168: 0.226494
93.174: 0.00656505
93.175: 0.0606584
93.177: 0.146503
93.178: 0.0525204
93.186: 0.0164126
93.198: 0.00303292
93.199: 0.00332962
93.201: 0.0426728
93.202: 0.0242634
93.203: 0.0599331
93.205: 0.0262602
93.206: 0.0636913
93.208: 0.149833
93.209: 0.0787806
93.22: 0.00606584
93.221: 0.00665924
93.222: 0.0133185
93.223: 0.0853456
93.233: 0.133185
93.238: 0.00303292
93.24: 0.00332962
93.241: 0.0426728
93.258: 0.0121317
93.26: 0.0932293
93.264: 0.00606584
93.265: 0.00151646
93.266: 0.00832405
93.267: 0.0525204
93.268: 0.0196951
93.276: 0.0424609
93.278: 0.0499443
93.279: 0.252754
93.291: 0.151646
93.292: 0.332962
93.294: 0.262602
93.312: 0.0164126
93.313: 0.127383
93.314: 0.299666
93.316: 0.157561
93.317: 0.0242634
93.319: 0.0599331
93.32: 0.0262602
93.323: 0.00303292
93.325: 0.00332962
93.326: 0.0393903
93.329: 0.0266369
93.331: 0.0121317
93.333: 0.0266369
93.335: 0.00606584
93.337: 0.00665924
93.338: 0.0869869
93.345: 0.00606584
93.347: 0.00665924
93.348: 0.0853456
93.358: 0.0303292
93.36: 0.0998886
93.361: 0.0262602
93.371: 0.0532739
93.372: 0.00303292
93.373: 0.00332962
93.375: 0.0393903
93.376: 0.00606584
93.377: 0.00665924
93.379: 0.0853456
93.386: 0.0532739
93.39: 0.0136481
93.392: 0.0199777
93.393: 0.0262602
93.402: 0.0151646
93.403: 0.0166481
93.405: 0.131301
93.416: 0.0606584
93.418: 0.146503
93.419: 0.0525204
93.428: 0.166811
93.43: 0.377912
93.431: 0.256037
93.438: 0.0242634
93.44: 0.0532739
93.443: 0.0242634
93.444: 0.0865701
93.446: 0.0262602
93.449: 0.00656505
93.461: 0.0136481
93.462: 0.0149833
93.464: 0.190386
93.465: 0.0606584
93.466: 0.199777
93.468: 0.0525204
93.469: 0.0242634
93.471: 0.0532739
93.483: 0.0121317
93.484: 0.0133185
93.485: 0.0266369
93.486: 0.170691
93.487: 0.00303292
93.489: 0.00332962
93.49: 0.0393903
93.497: 0.0272963
93.499: 0.0399554
93.5: 0.0525204
93.504: 0.00656505
93.512: 0.0133185
93.523: 0.0266369
93.528: 0.0303292
93.529: 0.043285
93.531: 0.0951932
93.539: 0.00606584
93.541: 0.00665924
93.542: 0.0525204
93.554: 0.181975
93.555: 0.426191
93.557: 0.183821
93.563: 0.00410315
93.57: 0.0266369
93.576: 0.0485267
93.577: 0.106548
93.58: 0.0727901
93.582: 0.229744
93.583: 0.0656505
93.586: 0.00606584
93.588: 0.00665924
93.589: 0.0853456
93.592: 0.0532739
93.598: 0.0151646
93.6: 0.0166481
93.601: 0.213364
93.611: 0.0131301
93.613: 0.0303292
93.614: 0.043285
93.616: 0.0919107
93.618: 0.0266369
93.621: 0.0121317
93.623: 0.0799108
93.635: 0.0606584
93.636: 0.0865701
93.638: 0.190386
93.642: 0.0131301
93.653: 0.0333621
93.655: 0.043285
93.656: 0.0656505
93.67: 0.00820631
93.679: 0.0242634
93.68: 0.0136481
93.681: 0.0732516
93.683: 0.0262602
93.691: 0.112218
93.693: 0.256381
93.694: 0.0787806
93.701: 0.00820631
93.706: 0.0606584
93.707: 0.266369
93.709: 0.0525204
93.724: 0.0151646
93.725: 0.0166481
93.727: 0.226494
93.728: 0.0242634
93.729: 0.159822
93.734: 0.0266369
93.738: 0.0272963
93.74: 0.0399554
93.741: 0.0525204
93.749: 0.0262602
93.75: 0.0621749
93.752: 0.0882349
93.753: 0.210082
93.76: 0.0667242
93.762: 0.0865701
93.763: 0.131301
93.775: 0.0266369
93.786: 0.00820631
93.787: 0.0272963
93.788: 0.0399554
93.79: 0.0525204
93.791: 0.0667242
93.792: 0.0865701
93.794: 0.137866
93.805: 0.0121317
93.807: 0.0266369
93.808: 0.0164126
93.817: 0.0606584
93.818: 0.133185
93.826: 0.00820631
93.833: 0.0532739
93.843: 0.0545926
93.845: 0.25971
93.846: 0.0262602
93.852: 0.0131301
93.853: 0.00410315
93.859: 0.0266369
93.861: 0.00606584
93.863: 0.00665924
93.864: 0.111606
93.876: 0.141031
93.877: 0.193118
93.879: 0.347947
93.881: 0.0532739
93.898: 0.133448
93.899: 0.17314
93.901: 0.275732
93.902: 0.0272963
93.904: 0.0399554
93.905: 0.0525204
93.911: 0.00820631
93.912: 0.0242634
93.914: 0.0532739
93.916: 0.0121317
93.918: 0.00665924
93.919: 0.0262602
93.923: 0.0164126
93.933: 0.0164126
93.943: 0.0576255
93.944: 0.0965589
93.946: 0.0656505
93.954: 0.0242634
93.956: 0.0532739
93.96: 0.00820631
93.964: 0.0164126
93.969: 0.0242634
93.97: 0.186459
93.975: 0.0075823
93.977: 0.00416202
93.978: 0.0295427
93.99: 0.0328252
93.997: 0.0665924
94.001: 0.0667242
94.003: 0.0865701
94.004: 0.131301
94.013: 0.163778
94.015: 0.216425
94.016: 0.370925
94.023: 0.0242634
94.025: 0.0133185
94.026: 0.0525204
94.028: 0.0515596
94.029: 0.0932293
94.031: 0.0525204
94.049: 0.0369284
94.05: 0.115251
94.051: 0.193118
94.053: 0.131301
94.054: 0.0242634
94.055: 0.0133185
94.057: 0.0525204
94.068: 0.036395
94.07: 0.0665924
94.071: 0.0328252
94.075: 0.00820631
94.082: 0.0151646
94.084: 0.00832405
94.085: 0.0590854
94.095: 0.0121317
94.096: 0.0266369
94.106: 0.0121317
94.108: 0.0799108
94.113: 0.0151646
94.114: 0.00832405
94.116: 0.0672917
94.122: 0.0532739
94.127: 0.0131301
94.139: 0.191074
94.14: 0.229744
94.142: 0.393903
94.153: 0.0242634
94.155: 0.0532739
94.161: 0.0485267
94.162: 0.0266369
94.164: 0.105041
94.165: 0.128899
94.167: 0.213096
94.168: 0.157561
94.174: 0.0164126
94.175: 0.0727901
94.177: 0.133185
94.186: 0.0410315
94.198: 0.0151646
94.199: 0.00832405
94.201: 0.0672917
94.202: 0.0242634
94.203: 0.0532739
94.206: 0.0849218
94.208: 0.139844
94.209: 0.0262602
94.22: 0.0303292
94.221: 0.0166481
94.223: 0.134583
94.238: 0.0166811
94.24: 0.00832405
94.241: 0.0722155
94.26: 0.0266369
94.264: 0.0242634
94.265: 0.0075823
94.266: 0.0174805
94.267: 0.0525204
94.268: 0.0295427
94.276: 0.115251
94.278: 0.113207
94.279: 0.242907
94.291: 0.200173
94.292: 0.35294
94.294: 0.131301
94.312: 0.0410315
94.313: 0.169844
94.314: 0.279688
94.316: 0.0525204
94.317: 0.0242634
94.319: 0.0532739
94.323: 0.0151646
94.325: 0.00832405
94.326: 0.0590854
94.331: 0.0242634
94.333: 0.0266369
94.335: 0.0303292
94.337: 0.0166481
94.338: 0.138687
94.345: 0.0333621
94.347: 0.0166481
94.348: 0.144431
94.358: 0.036395
94.36: 0.0665924
94.372: 0.0151646
94.373: 0.00832405
94.375: 0.0590854
94.376: 0.0333621
94.377: 0.0166481
94.379: 0.144431
94.39: 0.0272963
94.392: 0.0299666
94.393: 0.0131301
94.402: 0.0606584
94.403: 0.0332962
94.405: 0.131301
94.416: 0.0727901
94.418: 0.133185
94.428: 0.227469
94.43: 0.376247
94.431: 0.118171
94.438: 0.0485267
94.44: 0.0532739
94.443: 0.0242634
94.444: 0.0532739
94.449: 0.0164126
94.461: 0.0712736
94.462: 0.0374582
94.464: 0.308557
94.465: 0.0727901
94.466: 0.133185
94.469: 0.0485267
94.471: 0.0532739
94.483: 0.0667242
94.484: 0.0332962
94.486: 0.288862
94.487: 0.0151646
94.489: 0.00832405
94.49: 0.0590854
94.497: 0.0545926
94.499: 0.0599331
94.5: 0.0262602
94.501: 0.00303292
94.504: 0.0262602
94.528: 0.0712736
94.529: 0.0682572
94.531: 0.0984757
94.539: 0.0242634
94.541: 0.0133185
94.542: 0.0525204
94.554: 0.254765
94.555: 0.399554
94.557: 0.0525204
94.56: 0.00151646
94.563: 0.0164126
94.576: 0.0970534
94.577: 0.106548
94.58: 0.0849218
94.582: 0.159822
94.586: 0.0333621
94.588: 0.0166481
94.589: 0.144431
94.598: 0.0818888
94.6: 0.0416202
94.601: 0.356154
94.608: 0.00606584
94.611: 0.0525204
94.613: 0.0697572
94.614: 0.0682572
94.616: 0.0853456
94.621: 0.0242634
94.623: 0.0266369
94.635: 0.142547
94.636: 0.136514
94.638: 0.196951
94.639: 0.00606584
94.642: 0.0525204
94.653: 0.0667242
94.655: 0.0732516
94.656: 0.0262602
94.667: 0.00303292
94.67: 0.0328252
94.679: 0.0485267
94.68: 0.0272963
94.681: 0.0832405
94.683: 0.0131301
94.691: 0.181975
94.693: 0.246392
94.694: 0.0262602
94.698: 0.00303292
94.701: 0.0328252
94.706: 0.0727901
94.707: 0.133185
94.724: 0.0894711
94.725: 0.0416202
94.727: 0.413598
94.728: 0.0485267
94.729: 0.0532739
94.738: 0.0545926
94.74: 0.0599331
94.741: 0.0262602
94.746: 0.0121317
94.749: 0.105041
94.75: 0.15013
94.752: 0.140676
94.753: 0.226494
94.76: 0.133448
94.762: 0.146503
94.763: 0.0525204
94.783: 0.00303292
94.786: 0.0328252
94.787: 0.0545926
94.788: 0.0599331
94.79: 0.0262602
94.791: 0.136481
94.792: 0.146503
94.794: 0.0787806
94.805: 0.0181975
94.807: 0.0133185
94.808: 0.0656505
94.817: 0.121317
94.818: 0.133185
94.823: 0.00303292
94.826: 0.0361078
94.843: 0.0849218
94.845: 0.119866
94.849: 0.00606584
94.85: 0.00151646
94.852: 0.0525204
94.853: 0.0164126
94.861: 0.0454938
94.863: 0.0166481
94.864: 0.249472
94.876: 0.303292
94.877: 0.312984
94.879: 0.262602
94.898: 0.272963
94.899: 0.293006
94.901: 0.157561
94.902: 0.0545926
94.904: 0.0599331
94.905: 0.0262602
94.908: 0.00303292
94.911: 0.0328252
94.912: 0.0242634
94.914: 0.0266369
94.916: 0.0242634
94.918: 0.0266369
94.92: 0.00606584
94.923: 0.0656505
94.93: 0.00606584
94.933: 0.0722155
94.943: 0.0909876
94.944: 0.0998886
94.946: 0.0262602
94.954: 0.0485267
94.956: 0.0532739
94.957: 0.00303292
94.96: 0.0328252
94.961: 0.00606584
94.964: 0.0722155
94.969: 0.0485267
94.97: 0.0532739
94.975: 0.0181975
94.977: 0.0166481
94.978: 0.0196951
94.987: 0.0151646
94.99: 0.131301
95.001: 0.133448
95.003: 0.146503
95.004: 0.0525204
95.013: 0.344236
95.015: 0.361264
95.016: 0.256037
95.023: 0.0485267
95.025: 0.0532739
95.028: 0.0788559
95.029: 0.0865701
95.031: 0.0262602
95.046: 0.0136481
95.049: 0.154279
95.05: 0.181975
95.051: 0.199777
95.053: 0.0525204
95.054: 0.0485267
95.055: 0.0532739
95.068: 0.036395
95.07: 0.0266369
95.071: 0.144431
95.072: 0.00303292
95.075: 0.0328252
95.082: 0.036395
95.084: 0.0332962
95.085: 0.0393903
95.089: 0.00656505
95.095: 0.0121317
95.096: 0.0133185
95.106: 0.0242634
95.108: 0.0266369
95.113: 0.039428
95.114: 0.0332962
95.116: 0.075498
95.124: 0.00606584
95.127: 0.0525204
95.139: 0.388214
95.14: 0.419532
95.142: 0.183821
95.148: 0.00328252
95.153: 0.0242634
95.155: 0.0266369
95.161: 0.0970534
95.162: 0.106548
95.165: 0.209271
95.167: 0.229744
95.168: 0.0656505
95.171: 0.00606584
95.174: 0.0722155
95.175: 0.0485267
95.177: 0.0532739
95.183: 0.0151646
95.186: 0.177256
95.196: 0.0131301
95.198: 0.039428
95.199: 0.0332962
95.201: 0.0722155
95.202: 0.0242634
95.203: 0.0266369
95.206: 0.0727901
95.208: 0.0799108
95.22: 0.0788559
95.221: 0.0665924
95.223: 0.150996
95.227: 0.0131301
95.238: 0.039428
95.24: 0.0366258
95.241: 0.0393903
95.255: 0.00656505
95.264: 0.0485267
95.265: 0.0181975
95.266: 0.069922
95.268: 0.0196951
95.276: 0.233535
95.278: 0.253051
95.279: 0.0787806
95.286: 0.00656505
95.291: 0.242634
95.292: 0.266369
95.294: 0.0525204
95.309: 0.0151646
95.312: 0.193669
95.313: 0.14558
95.314: 0.159822
95.317: 0.0242634
95.319: 0.0266369
95.323: 0.036395
95.325: 0.0332962
95.326: 0.0393903
95.334: 0.0262602
95.335: 0.0803724
95.337: 0.0665924
95.338: 0.167409
95.345: 0.0788559
95.347: 0.0732516
95.348: 0.0787806
95.358: 0.0242634
95.36: 0.0266369
95.371: 0.00656505
95.372: 0.036395
95.373: 0.0332962
95.375: 0.0393903
95.376: 0.0788559
95.377: 0.0732516
95.379: 0.0853456
95.39: 0.0242634
95.392: 0.0199777
95.393: 0.0131301
95.402: 0.121317
95.403: 0.133185
95.411: 0.00656505
95.416: 0.0485267
95.418: 0.0532739
95.428: 0.236568
95.43: 0.25971
95.431: 0.0262602
95.437: 0.0131301
95.438: 0.00328252
95.443: 0.0242634
95.444: 0.0266369
95.446: 0.00606584
95.449: 0.0984757
95.461: 0.175909
95.462: 0.156492
95.464: 0.249472
95.465: 0.0485267
95.466: 0.0532739
95.483: 0.157712
95.484: 0.146503
95.486: 0.170691
95.487: 0.036395
95.489: 0.0332962
95.49: 0.0393903
95.496: 0.00656505
95.497: 0.0485267
95.499: 0.0399554
95.501: 0.00606584
95.503: 0.00665924
95.508: 0.0131301
95.518: 0.0131301
95.528: 0.0879547
95.529: 0.0765812
95.531: 0.0393903
95.539: 0.0485267
95.541: 0.0532739
95.545: 0.00656505
95.549: 0.0131301
95.554: 0.169844
95.555: 0.186459
95.56: 0.00379115
95.562: 0.00332962
95.563: 0.00984757
95.575: 0.0328252
95.58: 0.0606584
95.582: 0.0665924
95.586: 0.0788559
95.588: 0.0732516
95.589: 0.0787806
95.598: 0.19714
95.6: 0.179799
95.601: 0.246189
95.608: 0.0121317
95.61: 0.0133185
95.613: 0.0849218
95.614: 0.0732516
95.616: 0.0393903
95.634: 0.0295427
95.635: 0.175909
95.636: 0.153162
95.638: 0.0787806
95.639: 0.0121317
95.64: 0.0133185
95.653: 0.0606584
95.655: 0.0399554
95.656: 0.0262602
95.66: 0.00656505
95.667: 0.0075823
95.669: 0.00665924
95.67: 0.0196951
95.68: 0.0242634
95.681: 0.0199777
95.691: 0.0727901
95.693: 0.0799108
95.698: 0.0075823
95.699: 0.00665924
95.701: 0.0262602
95.706: 0.0485267
95.707: 0.0532739
95.712: 0.0131301
95.724: 0.209271
95.725: 0.196447
95.727: 0.210082
95.738: 0.0485267
95.74: 0.0399554
95.746: 0.0242634
95.747: 0.0266369
95.75: 0.194107
95.752: 0.169811
95.753: 0.0984757
95.759: 0.0131301
95.76: 0.121317
95.762: 0.0799108
95.771: 0.0328252
95.783: 0.0075823
95.784: 0.00665924
95.786: 0.0262602
95.787: 0.0485267
95.788: 0.0399554
95.791: 0.127383
95.792: 0.0865701
95.805: 0.0151646
95.806: 0.0133185
95.808: 0.0525204
95.823: 0.0075823
95.825: 0.00665924
95.826: 0.0196951
95.843: 0.0242634
95.845: 0.0266369
95.849: 0.0121317
95.85: 0.00379115
95.851: 0.0166481
95.853: 0.00984757
95.861: 0.103119
95.863: 0.0998886
95.864: 0.0853456
95.876: 0.321489
95.877: 0.253051
95.879: 0.0787806
95.897: 0.0328252
95.898: 0.254765
95.899: 0.17314
95.902: 0.0485267
95.904: 0.0399554
95.908: 0.0075823
95.91: 0.00665924
95.911: 0.0196951
95.916: 0.0242634
95.92: 0.0151646
95.922: 0.0133185
95.923: 0.0558029
95.93: 0.0151646
95.932: 0.0133185
95.933: 0.0393903
95.943: 0.0606584
95.944: 0.0399554
95.957: 0.0075823
95.958: 0.00665924
95.96: 0.0196951
95.961: 0.0151646
95.962: 0.0133185
95.964: 0.0393903
95.975: 0.0272963
95.977: 0.00998886
95.987: 0.0303292
95.988: 0.0332962
96.001: 0.121317
96.003: 0.0799108
96.013: 0.34272
96.015: 0.249721
96.016: 0.0393903
96.023: 0.0485267
96.028: 0.0485267
96.029: 0.0399554
96.034: 0.0131301
96.046: 0.0341203
96.047: 0.0299666
96.049: 0.101758
96.05: 0.121317
96.051: 0.0799108
96.054: 0.0485267
96.068: 0.0303292
96.069: 0.0266369
96.071: 0.0787806
96.072: 0.0075823
96.074: 0.00665924
96.075: 0.0196951
96.082: 0.0545926
96.084: 0.0199777
96.113: 0.0621749
96.114: 0.0266369
96.116: 0.0196951
96.124: 0.0121317
96.126: 0.0133185
96.139: 0.36395
96.14: 0.213096
96.148: 0.00164126
96.161: 0.0970534
96.165: 0.14558
96.167: 0.0998886
96.171: 0.0151646
96.173: 0.0133185
96.174: 0.0393903
96.183: 0.0379115
96.185: 0.0332962
96.186: 0.105041
96.198: 0.0621749
96.199: 0.0266369
96.201: 0.0196951
96.206: 0.0242634
96.22: 0.12435
96.221: 0.0532739
96.223: 0.0393903
96.238: 0.0667242
96.24: 0.0199777
96.255: 0.00328252
96.264: 0.0485267
96.265: 0.0272963
96.266: 0.00998886
96.276: 0.224436
96.278: 0.0865701
96.286: 0.00328252
96.291: 0.121317
96.292: 0.0799108
96.309: 0.0379115
96.31: 0.0332962
96.312: 0.0984757
96.313: 0.0485267
96.323: 0.0545926
96.325: 0.0199777
96.335: 0.128141
96.337: 0.0566035
96.338: 0.0492379
96.345: 0.133448
96.347: 0.0399554
96.371: 0.00328252
96.372: 0.0545926
96.373: 0.0199777
96.376: 0.133448
96.377: 0.0399554
96.39: 0.0121317
96.393: 0.00656505
96.402: 0.121317
96.411: 0.00328252
96.428: 0.109185
96.43: 0.0399554
96.438: 0.00164126
96.446: 0.0151646
96.448: 0.0133185
96.449: 0.0393903
96.461: 0.285094
96.462: 0.103218
96.464: 0.0393903
96.483: 0.266897
96.484: 0.0799108
96.487: 0.0545926
96.489: 0.0199777
96.496: 0.00328252
96.497: 0.0242634
96.501: 0.0242634
96.508: 0.00656505
96.518: 0.00656505
96.528: 0.0909876
96.529: 0.0199777
96.539: 0.0485267
96.545: 0.00328252
96.549: 0.00656505
96.554: 0.0485267
96.56: 0.0151646
96.562: 0.00166481
96.586: 0.133448
96.588: 0.0399554
96.598: 0.329072
96.6: 0.106548
96.601: 0.0196951
96.608: 0.0485267
96.613: 0.0788559
96.614: 0.0199777
96.634: 0.0147714
96.635: 0.181975
96.636: 0.0399554
96.639: 0.0485267
96.653: 0.0242634
96.656: 0.0131301
96.66: 0.00328252
96.667: 0.0303292
96.669: 0.00332962
96.68: 0.0121317
96.691: 0.0242634
96.698: 0.0303292
96.699: 0.00332962
96.701: 0.00328252
96.724: 0.382148
96.725: 0.0998886
96.738: 0.0242634
96.746: 0.0970534
96.75: 0.209271
96.752: 0.0499443
96.759: 0.00656505
96.76: 0.0485267
96.771: 0.0164126
96.783: 0.0303292
96.784: 0.00332962
96.786: 0.00328252
96.787: 0.0242634
96.791: 0.0727901
96.805: 0.0606584
96.806: 0.00665924
96.808: 0.00656505
96.823: 0.0333621
96.825: 0.00332962
96.849: 0.0485267
96.85: 0.0151646
96.851: 0.00166481
96.861: 0.230502
96.863: 0.0399554
96.876: 0.242634
96.877: 0.0399554
96.897: 0.0164126
96.898: 0.14558
96.902: 0.0242634
96.908: 0.0303292
96.91: 0.00332962
96.92: 0.0606584
96.922: 0.00665924
96.923: 0.00820631
96.93: 0.0667242
96.932: 0.00665924
96.943: 0.0242634
96.957: 0.0303292
96.958: 0.00332962
96.961: 0.0667242
96.962: 0.00665924
96.975: 0.0181975
96.987: 0.121317
97.001: 0.0485267
97.013: 0.236568
97.015: 0.0199777
97.028: 0.0242634
97.034: 0.00656505
97.046: 0.142547
97.047: 0.0149833
97.049: 0.00656505
97.05: 0.0485267
97.068: 0.133448
97.069: 0.0133185
97.072: 0.0303292
97.074: 0.00332962
97.082: 0.036395
97.086: 0.00606584
97.113: 0.0697572
97.114: 0.00332962
97.124: 0.0485267
97.139: 0.169844
97.145: 0.00303292
97.165: 0.0606584
97.171: 0.0667242
97.173: 0.00665924
97.183: 0.163778
97.185: 0.0166481
97.186: 0.00328252
97.193: 0.0121317
97.198: 0.0667242
97.199: 0.00332962
97.22: 0.139514
97.221: 0.00665924
97.224: 0.0121317
97.238: 0.036395
97.252: 0.00606584
97.265: 0.0181975
97.276: 0.0727901
97.283: 0.00606584
97.291: 0.0485267
97.309: 0.178942
97.31: 0.0166481
97.323: 0.036395
97.331: 0.0242634
97.335: 0.154679
97.337: 0.00832405
97.345: 0.0727901
97.368: 0.00606584
97.372: 0.036395
97.376: 0.0788559
97.39: 0.0121317
97.408: 0.00606584
97.428: 0.0242634
97.434: 0.0121317
97.435: 0.00303292
97.446: 0.0909876
97.448: 0.00665924
97.461: 0.230502
97.462: 0.00665924
97.483: 0.157712
97.487: 0.036395
97.493: 0.00606584
97.505: 0.0121317
97.515: 0.0121317
97.528: 0.036395
97.542: 0.00606584
97.546: 0.0121317
97.56: 0.00909876
97.572: 0.0303292
97.586: 0.0727901
97.598: 0.227469
97.6: 0.00332962
97.613: 0.036395
97.631: 0.0272963
97.635: 0.0727901
97.653: 0.0242634
97.657: 0.00606584
97.667: 0.0181975
97.698: 0.0242634
97.709: 0.0121317
97.724: 0.194107
97.75: 0.0909876
97.756: 0.0121317
97.768: 0.0303292
97.783: 0.0242634
97.805: 0.0485267
97.823: 0.0181975
97.85: 0.00909876
97.861: 0.0788559
97.876: 0.0727901
97.894: 0.0303292
97.908: 0.0181975
97.92: 0.0515596
97.93: 0.036395
97.957: 0.0181975
97.961: 0.036395
98.013: 0.036395
98.031: 0.0121317
98.046: 0.0940205
98.068: 0.0727901
98.072: 0.0181975
98.113: 0.0181975
98.145: 0.00151646
98.171: 0.036395
98.183: 0.0970534
98.198: 0.0181975
98.22: 0.036395
98.252: 0.00303292
98.283: 0.00303292
98.309: 0.0909876
98.335: 0.0454938
98.368: 0.00303292
98.39: 0.00606584
98.408: 0.00303292
98.435: 0.00151646
98.446: 0.036395
98.461: 0.036395
98.493: 0.00303292
98.505: 0.00606584
98.515: 0.00606584
98.542: 0.00303292
98.546: 0.00606584
98.598: 0.0181975
98.631: 0.0136481
98.653: 0.0121317
98.657: 0.00303292
98.698: 0.00303292
98.756: 0.00606584
98.768: 0.0151646
98.783: 0.00303292
98.805: 0.00606584
98.894: 0.0151646
98.92: 0.0075823
99.031: 0.00606584
99.046: 0.00606584
99.183: 0.00303292
==============================================
