original prob: 120
probability if we exclude those that are not involved in any constraints: 120
02,00,00,02, 08,00,00,08, 08,00,00,08, 08,00,00,08, 00,00,04,00,
00,00,02,00, 00,00,08,00, 00,00,08,00, 00,00,00,08, 08,00,00,08,
00,02,00,00, 00,08,00,00, 00,08,00,00, 00,00,00,08, 00,00,00,00,
00,02,00,40, 00,08,00,04, 00,08,00,04, 08,00,04,00, 08,00,00,00,

00,00,00,00, 01,00,00,01, 01,00,00,01, 01,00,00,01, 00,00,00,00,
00,00,00,00, 00,00,01,00, 00,00,01,00, 00,00,00,01, 01,00,00,01,
00,00,00,00, 00,01,00,00, 00,01,00,00, 00,00,00,01, 00,00,00,01,
00,00,00,00, 00,01,00,01, 00,01,00,01, 01,00,01,00, 00,00,00,01,

-------------------------------------------------------
00,00,04,00, 00,00,01,00, 00,00,00,00, 00,00,00,00, 00,00,00,10,
08,00,00,08, 10,00,00,10, 10,00,00,10, 10,10,00,00, 00,00,00,00,
00,00,00,00, 00,00,00,00, 00,00,00,00, 00,00,00,00, 10,10,00,00,
08,00,00,00, 10,00,00,00, 10,00,00,00, 00,00,00,10, 00,00,00,00,

00,00,00,00, 00,00,01,00, 00,00,01,00, 00,00,01,00, 00,00,00,00,
01,00,00,01, 01,00,00,01, 01,00,00,01, 01,01,00,00, 00,00,01,00,
00,00,00,01, 00,00,00,01, 00,00,00,01, 00,01,00,00, 00,01,00,00,
00,00,00,01, 01,00,00,01, 01,00,00,01, 00,00,01,01, 00,00,00,00,

-------------------------------------------------------
00,00,00,10, 00,00,00,40, 00,00,00,40, 00,00,00,40, 00,00,40,00,
00,00,00,00, 00,00,00,00, 00,00,00,00, 00,00,00,00, 00,00,00,40,
10,10,00,00, 40,40,00,00, 40,40,00,00, 00,00,40,40, 00,00,40,40,
00,00,00,00, 00,00,00,00, 00,00,00,00, 00,00,00,00, 00,00,40,00,

00,00,00,00, 00,00,00,01, 00,00,00,01, 00,00,00,01, 00,00,00,00,
00,00,01,00, 00,00,01,00, 00,00,01,00, 00,00,00,01, 00,00,00,01,
00,01,00,00, 01,01,00,00, 01,01,00,00, 00,00,01,01, 00,00,00,01,
00,00,00,00, 00,00,00,00, 00,00,00,00, 00,00,00,00, 00,00,00,01,

-------------------------------------------------------
00,00,40,00, 00,00,04,00, 00,00,04,00, 00,00,04,00, 04,00,04,00,
00,00,00,40, 00,00,00,04, 01,00,00,04, 04,01,00,00, 00,00,04,00,
00,00,40,40, 00,00,04,04, 00,00,04,04, 04,04,00,00, 00,05,00,00,
00,00,40,00, 00,00,04,00, 00,00,04,00, 00,04,00,00, 04,04,04,00,

00,00,00,00, 00,00,01,00, 00,00,01,00, 00,00,01,00, 00,00,00,00,
00,00,00,01, 00,00,00,01, 00,00,00,01, 01,00,00,00, 00,00,01,00,
00,00,00,01, 00,00,01,01, 00,00,01,01, 01,01,00,00, 01,00,00,00,
00,00,00,01, 00,00,01,01, 00,00,01,01, 00,01,01,00, 00,00,00,00,

-------------------------------------------------------
04,00,04,00, 05,00,05,00, 05,00,05,00, 05,00,05,00, 00,05,05,00,
00,00,04,00, 00,00,01,00, 00,00,01,00, 00,00,00,01, 05,00,05,00,
00,05,00,00, 00,05,00,00, 00,05,00,00, 00,00,00,05, 00,00,00,04,
04,04,04,00, 05,05,05,00, 05,05,05,00, 05,05,00,05, 05,00,05,05,

00,00,00,00, 01,00,01,00, 01,00,01,00, 01,00,01,00, 00,00,00,00,
00,00,01,00, 00,00,01,00, 00,00,01,00, 00,00,00,01, 01,00,01,00,
01,00,00,00, 01,01,00,00, 01,01,00,00, 00,00,01,01, 00,00,00,01,
00,00,00,00, 01,01,01,00, 01,01,01,00, 01,01,00,01, 00,00,01,00,

-------------------------------------------------------
00,05,05,00, 00,05,05,00, 00,05,05,00, 00,05,05,00, 00,05,00,05,
05,00,05,00, 01,00,01,00, 01,00,00,00, 00,01,00,00, 00,05,05,00,
00,00,00,04, 00,00,00,05, 00,00,00,05, 00,05,00,00, 00,04,00,00,
05,00,05,05, 05,00,05,05, 05,00,05,05, 00,05,05,05, 00,00,05,00,

00,00,00,00, 00,01,01,00, 00,01,01,00, 00,01,01,00, 00,01,00,00,
01,00,01,00, 01,00,01,00, 01,00,01,00, 00,01,00,01, 00,01,01,00,
00,00,00,01, 00,00,00,01, 00,00,00,01, 00,01,00,00, 00,01,00,00,
00,00,01,00, 01,00,01,01, 01,00,01,01, 00,01,01,01, 00,01,00,00,

-------------------------------------------------------
00,05,00,05, 00,05,00,05, 00,05,00,05, 00,05,00,05, 00,00,00,00,
00,05,05,00, 00,05,05,00, 00,05,05,00, 00,00,05,05, 00,05,00,05,
00,04,00,00, 00,05,00,00, 00,05,00,00, 00,00,00,05, 00,00,05,00,
00,00,05,00, 00,00,05,00, 00,00,05,00, 00,05,00,00, 00,05,00,00,

00,01,00,00, 00,01,00,01, 00,01,00,01, 00,01,00,01, 00,00,00,00,
00,01,01,00, 00,01,01,00, 00,01,01,00, 00,00,01,01, 00,01,00,01,
00,01,00,00, 00,01,00,00, 00,01,00,00, 00,00,00,01, 00,00,00,01,
00,01,00,00, 00,01,01,00, 00,01,01,00, 01,01,00,00, 00,00,00,01,

-------------------------------------------------------
00,00,00,00, 00,00,00,00, 00,00,00,00, 00,00,00,00, 00,00,00,00,
00,05,00,05, 00,01,00,05, 00,00,00,05, 05,00,00,00, 00,00,00,00,
00,00,05,00, 00,00,05,00, 00,00,05,00, 05,00,00,00, 00,00,00,00,
00,05,00,00, 00,05,00,00, 00,05,00,00, 05,00,00,00, 05,00,00,00,

00,00,00,00, 00,00,00,00, 00,00,00,00, 00,00,00,00, 00,00,00,00,
00,01,00,01, 00,01,00,01, 00,01,00,01, 01,00,01,00, 00,00,00,00,
00,00,00,01, 00,00,01,01, 00,00,01,01, 01,01,00,00, 01,00,00,00,
00,00,00,01, 00,01,00,01, 00,01,00,01, 01,00,01,00, 00,00,00,00,

-------------------------------------------------------
00,00,00,00, 00,00,00,00, 00,00,00,00, 00,00,00,00, 00,00,00,05,
00,00,00,00, 00,00,00,00, 00,00,00,00, 00,00,00,00, 00,00,00,00,
00,00,00,00, 00,00,00,00, 00,00,00,00, 00,00,00,00, 00,00,00,00,
05,00,00,00, 05,00,00,00, 05,00,00,00, 00,00,00,05, 00,00,00,00,

00,00,00,00, 00,00,00,00, 00,00,00,00, 00,00,00,00, 00,00,00,00,
00,00,00,00, 00,00,00,00, 00,00,00,00, 00,00,00,00, 00,00,00,00,
01,00,00,00, 01,00,00,00, 01,00,00,00, 00,00,01,00, 00,00,00,00,
00,00,00,00, 01,00,00,00, 01,00,00,00, 00,00,00,01, 00,00,00,00,

-------------------------------------------------------
00,00,00,05, 00,00,00,01, 00,00,00,00, 00,00,00,00, 00,00,00,00,
00,00,00,00, 00,00,00,00, 00,00,00,00, 00,00,00,00, 00,00,00,00,
00,00,00,00, 00,00,00,00, 00,00,00,00, 00,00,00,00, 00,00,00,00,
00,00,00,00, 00,00,00,00, 00,00,00,00, 00,00,00,00, 00,00,00,00,

00,00,00,00, 00,00,00,01, 00,00,00,01, 00,00,00,01, 00,00,00,00,
00,00,00,00, 00,00,00,00, 00,00,00,00, 00,00,00,00, 00,00,00,01,
00,00,00,00, 00,00,00,00, 00,00,00,00, 00,00,00,00, 00,00,00,00,
00,00,00,00, 00,00,00,00, 00,00,00,00, 00,00,00,00, 00,00,00,00,

-------------------------------------------------------
00,00,00,00, 00,00,00,00, 00,00,00,00, 00,00,00,00, 00,00,00,00,
00,00,00,00, 00,00,00,00, 00,00,00,00, 00,00,00,00, 00,00,00,00,
00,00,00,00, 00,00,00,00, 00,00,00,00, 00,00,00,00, 00,00,00,00,
00,00,00,00, 00,00,00,00, 00,00,00,00, 00,00,00,00, 00,00,00,00,

00,00,00,00, 00,00,00,00, 00,00,00,00, 00,00,00,00, 00,00,00,00,
00,00,00,01, 00,00,00,01, 00,00,00,01, 01,00,00,00, 00,00,00,00,
00,00,00,00, 00,00,00,00, 00,00,00,00, 00,00,00,00, 00,00,00,00,
00,00,00,00, 00,00,00,00, 00,00,00,00, 00,00,00,00, 00,00,00,00,

-------------------------------------------------------
00,00,00,00, 00,00,00,00, 00,00,00,00, 00,00,00,00, 00,00,00,00,
00,00,00,00, 00,00,00,00, 00,00,00,01, 01,00,00,00, 00,00,00,00,
00,00,00,00, 00,00,00,00, 00,00,00,00, 00,00,00,00, 01,00,00,00,
00,00,00,00, 00,00,00,00, 00,00,00,00, 00,00,00,00, 00,00,00,00,

00,00,00,00, 00,00,00,00, 00,00,00,00, 00,00,00,00, 00,00,00,00,
00,00,00,00, 00,00,00,00, 00,00,00,00, 00,00,00,00, 00,00,00,00,
00,00,00,00, 00,00,00,00, 00,00,00,00, 00,00,00,00, 00,00,00,00,
00,00,00,00, 00,00,00,00, 00,00,00,00, 00,00,00,00, 00,00,00,00,

-------------------------------------------------------
00,00,00,00, 00,00,00,00, 00,00,00,00, 00,00,00,00, 00,00,20,00,
00,00,00,00, 00,00,00,00, 00,00,00,00, 00,00,00,00, 00,00,00,00,
01,00,00,00, 20,00,00,00, 20,00,00,00, 00,00,20,00, 00,00,20,00,
00,00,00,00, 00,00,00,00, 00,00,00,00, 00,00,00,00, 00,00,20,00,

00,00,00,00, 00,00,00,00, 00,00,00,00, 00,00,00,00, 00,00,00,00,
00,00,00,00, 00,00,00,00, 00,00,00,00, 00,00,00,00, 00,00,00,00,
00,00,00,00, 01,00,00,00, 01,00,00,00, 00,00,01,00, 00,00,00,00,
00,00,00,00, 00,00,00,00, 00,00,00,00, 00,00,00,00, 00,00,00,00,

-------------------------------------------------------
00,00,20,00, 00,00,80,00, 00,01,80,00, 00,01,80,00, 80,81,80,00,
00,00,00,00, 00,00,00,00, 00,00,00,00, 00,00,00,00, 00,01,80,00,
00,00,20,00, 00,00,80,00, 00,00,80,00, 80,00,00,00, 80,00,00,00,
00,00,20,00, 00,00,80,00, 00,00,80,00, 00,80,00,00, 80,01,80,00,

00,00,00,00, 00,00,01,00, 00,00,01,00, 00,00,01,00, 00,00,00,00,
00,00,00,00, 00,00,00,00, 00,00,00,00, 00,00,00,00, 00,00,01,00,
00,00,00,00, 00,00,01,00, 00,00,01,00, 01,00,00,00, 00,00,00,00,
00,00,00,00, 00,00,01,00, 00,00,01,00, 00,01,00,00, 00,00,00,00,

-------------------------------------------------------
The constraints are (in the form of (round, position, input_diff, output_diff)
The number infront of each constraint corresponds to the grouping that each constraint falls under.
Each group is treated as independent in this computation
Some constraints may have more than one group identity. These groups have to be considered together
e (0,0,2,8) (1,4,8,10) linear
8 (0,3,2,8) (1,7,8,10) linear
3 f (1,4,8,10) (0,6,2,8) (0,9,2,8) (1,b,0,0) (2,9,10,40) nonlinear
9 (2,3,10,40) (3,7,40,4) linear
5 b (1,2,4,1) (2,6,0,0) (2,9,10,40) (3,b,40,4) nonlinear
6 (3,2,40,4) (4,6,4,1) linear
a (4,0,4,5) (5,4,5,1) linear
c (4,2,4,5) (5,6,5,1) linear
d (4,6,4,1) (4,9,5,5) (5,b,4,5) linear
c 0 (4,2,4,5) (3,7,40,4) (3,a,40,4) (4,8,0,0) (5,e,5,5) nonlinear
0 (5,1,5,5) (5,b,4,5) (5,e,5,5) (6,1,5,5) linear
0 (5,1,5,5) (6,5,5,5) linear
4 (5,2,5,5) (6,6,5,5) linear
6 (5,4,5,1) (5,b,4,5) (6,9,4,5) linear
9 (6,1,5,5) (7,5,5,1) linear
b (6,3,5,5) (7,7,5,5) linear
(5,e,5,5) (5,b,4,5) (6,5,5,5) (6,1,5,5)  higher-order linear
6 0 (5,e,5,5) (5,4,5,1) (5,1,5,5) (6,9,4,5) (6,1,5,5)  higher-order linear
6 0 (5,b,4,5) (5,4,5,1) (5,1,5,5) (6,9,4,5) (6,5,5,5)  higher-order linear
6 (5,e,5,5) (5,b,4,5) (5,4,5,1) (6,9,4,5) (6,5,5,5) (6,1,5,5)  higher-order linear
Original prob: 120
Independent prob (prob ignoring the ones depend on keys): 81

These are the splits:
(0,0,2,8) (1,4,8,10) 
-----------------------------------------------
(0,3,2,8) (1,7,8,10) 
-----------------------------------------------
(1,4,8,10) (0,6,2,8) (0,9,2,8) (1,b,0,0) (2,9,10,40) 
-----------------------------------------------
(2,3,10,40) (3,7,40,4) 
(3,2,40,4) (4,6,4,1) 
(4,2,4,5) (5,6,5,1) 
(4,2,4,5) (3,7,40,4) (3,a,40,4) (4,8,0,0) (5,e,5,5) 
(5,1,5,5) (5,b,4,5) (5,e,5,5) (6,1,5,5) 
(5,1,5,5) (6,5,5,5) 
(5,1,5,5) (5,b,4,5) (5,e,5,5) (6,1,5,5) (6,5,5,5) 
(5,1,5,5) (5,4,5,1) (5,b,4,5) (5,e,5,5) (6,1,5,5) (6,9,4,5) 
(5,1,5,5) (5,4,5,1) (5,b,4,5) (6,5,5,5) (6,9,4,5) 
(5,1,5,5) (5,4,5,1) (5,b,4,5) (5,e,5,5) (6,1,5,5) (6,5,5,5) (6,9,4,5) 
(4,6,4,1) (4,9,5,5) (5,b,4,5) 
(5,4,5,1) (5,b,4,5) (6,9,4,5) 
(6,1,5,5) (7,5,5,1) 
-----------------------------------------------
(1,2,4,1) (2,6,0,0) (2,9,10,40) (3,b,40,4) 
(6,3,5,5) (7,7,5,5) 
-----------------------------------------------
(4,0,4,5) (5,4,5,1) 
-----------------------------------------------
(5,2,5,5) (6,6,5,5) 
-----------------------------------------------
===============================================
Computing the following constraints theoretically: 
8 (0,0,2,8) (1,4,8,10) linear

key space reduction: -1
-1: 100
-------------------------------------
Computing the following constraints theoretically: 
b (0,3,2,8) (1,7,8,10) linear

key space reduction: -1
-1: 100
-------------------------------------
Computing the following constraints theoretically: 
8 (4,0,4,5) (5,4,5,1) linear

key space reduction: -1
-1: 100
-------------------------------------
Computing the following constraints theoretically: 
a (5,2,5,5) (6,6,5,5) linear

key space reduction: -0.192645
-4: 28.5714
-3: 28.5714
-2.41504: 28.5714
-2: 14.2857
-------------------------------------
==============================================
For the theoretical side: 
The following are the distribution: 
Key reduction: -3.19265
5: 14.2857
5.415: 28.5714
6: 28.5714
7: 28.5714
==============================================
----------------------------------------------
Computing the following experimentally:
c 5 (1,4,8,10) (0,6,2,8) (0,9,2,8) (1,b,0,0) (2,9,10,40) nonlinear
computing with 128 valid keys or 2^8 possible keys and 2^10 random plaintexts
computing with 128 valid keys or 2^8 possible keys and 2^10 random plaintexts
computing with 128 valid keys or 2^8 possible keys and 2^10 random plaintexts
computing with 128 valid keys or 2^8 possible keys and 2^10 random plaintexts
computing with 128 valid keys or 2^8 possible keys and 2^10 random plaintexts
computing with 128 valid keys or 2^8 possible keys and 2^10 random plaintexts
computing with 128 valid keys or 2^8 possible keys and 2^10 random plaintexts
computing with 128 valid keys or 2^8 possible keys and 2^10 random plaintexts
computing with 128 valid keys or 2^8 possible keys and 2^10 random plaintexts
computing with 128 valid keys or 2^8 possible keys and 2^10 random plaintexts
computing with 128 valid keys or 2^8 possible keys and 2^10 random plaintexts
computing with 128 valid keys or 2^8 possible keys and 2^10 random plaintexts
computing with 128 valid keys or 2^8 possible keys and 2^10 random plaintexts
computing with 128 valid keys or 2^8 possible keys and 2^10 random plaintexts
computing with 128 valid keys or 2^8 possible keys and 2^10 random plaintexts
computing with 128 valid keys or 2^8 possible keys and 2^10 random plaintexts
1.42777
2.40591
3.03223
1.4218
2.9935
1.42346
1.68322
1.67533
1.42677
1.40982
3.0037
1.41129
1.41715
1.41545
3.01986
1.42547
1.18367
1.41945
3.02004
3.0154
3.00795
1.427
3.00247
3.0179
1.4016
1.18712
1.40352
3.01078
1.40038
1.17987
1.41451
2.42635
1.41316
1.4247
2.98825
1.40976
1.40189
1.40294
1.40241
1.42234
2.43728
3.01362
3.0179
1.42234
2.99175
1.19501
1.19915
2.41422
3.01327
1.41386
2.41786
3.01025
1.41211
1.40334
1.42051
2.98703
1.40941
2.41316
1.18417
1.42228
1.41621
1.67821
1.19254
1.20036
1.6754
1.41915
1.66733
2.41246
2.98738
3.003
3.0122
1.42216
1.40329
1.41974
1.409
2.9907
2.98041
2.99315
3.00459
3.00671
3.01879
1.40912
3.00476
2.40824
1.4107
3.96486
2.98511
2.40439
2.98302
3.00671
3.006
2.9993
2.99245
1.19612
2.98145
2.98424
2.99227
1.3998
3.0122
4.01061
3.02272
2.9993
2.41035
1.19966
1.18837
2.98912
3.00742
3.01078
3.00159
1.18727
2.99367
3.01398
2.99683
2.40521
3.00123
1.41093
1.41058
2.42316
1.19094
3.01061
2.97417
1.41011
2.99262
3.01451
3.99122
1.67842
4.00141
1.19708
1.40743
1.19733
1.40445
1.41827
3.99017
2.41339
1.42334
1.41052
2.99648
1.41915
1.41474
2.99842
3.006
1.20361
1.6644
2.40183
2.96365
1.40924
2.98145
1.41011
2.40032
2.438
1.42635
1.42541
3.99087
1.20163
1.41886
3.95492
1.18697
1.41551
3.01327
1.41439
2.44673
1.18893
1.19335
1.40253
2.38967
3.03061
2.98877
1.42257
1.41645
2.99578
2.99859
3.96623
1.41345
1.41945
3.99718
2.98302
1.41351
1.19774
3.01469
1.20041
1.4076
2.41774
1.19905
3.00211
1.66482
1.43961
1.40702
1.42269
1.66943
2.97365
3.98493
2.96933
2.98058
3.01915
1.41686
1.42357
1.68761
1.42884
1.427
1.18807
1.4076
3.0122
1.4141
3.00547
1.40941
1.41498
3.01861
1.40731
2.99824
3.97382
1.41986
1.66015
1.6754
1.41457
2.98633
3.00494
1.40544
1.18692
1.40906
2.99631
3.00759
2.9893
1.41751
2.41539
3.02075
3.01132
2.98842
1.40544
1.42718
2.98633
1.42057
1.40294
3.02093
2.40988
2.99912
3.00317
1.40959
1.19083
4.00848
1.18052
3.00159
1.39238
3.97555
2.42434
3.98598
3.01558
1.40346
1.41992
1.41703
1.41093
1.41
1.42884
1.40393
3.02397
2.98738
3.01505
2.99789
1.678
1.42405
3.01861
2.41445
3.00582
3.00724
1.19446
3.01434
3.0007
2.99806
2.98337
2.42754
1.69344
1.42098
3.01327
3.01523
2.40895
2.99718
1.40795
1.40527
2.98947
2.42718
1.41093
1.19411
2.97885
1.41023
2.42694
3.006
3.01416
3.00035
1.67385
2.98807
2.9628
1.42009
2.98895
3.029
1.40375
2.99578
3.00706
1.41351
2.99894
3.01647
2.39661
1.68195
1.19129
2.98319
3.01879
2.98912
2.97573
1.41433
3.00018
2.40311
2.41645
3.0037
1.40626
1.40503
1.42045
1.42837
1.42145
1.67491
1.40766
1.68089
1.18963
3.99017
1.41035
1.41568
1.41833
3.01167
3.00494
3.00512
1.4083
2.98041
1.40865
2.42683
1.19622
1.4124
2.9914
1.41633
1.20138
1.41041
3.01025
2.9956
2.98302
1.40597
2.97677
1.18477
3.00954
1.4093
4.00247
1.68513
2.9949
1.19159
1.41698
2.42068
1.4208
3.01594
1.41909
3.01505
3.01149
1.19738
3.02004
1.6862
2.43335
2.99262
2.99157
1.41851
1.39736
3.01309
2.99473
3.02541
1.41956
3.01434
3.02738
3.02523
3.0083
1.41886
1.42098
2.98197
1.68005
2.99683
1.41915
1.19854
1.19981
3.02361
1.41275
1.40906
3.97902
1.41927
3.00706
4.00176
4.00211
4.00176
3.98947
1.40684
1.69729
3.02379
4.04108
3.01665
1.65938
1.40067
3.01701
1.41527
3.02505
3.00936
1.66936
1.41533
1.40778
1.41099
4.03277
1.41933
1.41827
1.66266
1.41193
3.98354
2.98598
2.97261
3.00317
4.01594
1.41351
2.98024
3.99578
1.41474
2.99965
2.98528
3.01096
1.67786
2.98877
1.41715
2.99122
1.4124
1.40731
2.98947
1.41117
1.42157
3.00159
2.42766
1.40941
1.41792
3.00141
2.99385
2.98965
3.01825
2.98703
1.4276
2.974
2.99947
4.00106
2.39302
2.99912
1.41798
1.42033
3.01825
1.41851
2.9921
1.41117
1.41281
3.0263
1.68287
3.01718
1.42245
2.99666
1.41129
2.99402
2.98947
3.00123
3.01167
3.00919
3.00406
3.04163
3.01754
2.99157
4.02093
1.20624
4.02379
1.41181
4.00671
1.40067
1.41568
3.0007
3.02846
1.41123
1.42151
1.41604
3.00335
3.01825
2.99175
1.41357
1.41287
3.00706
3.00494
3.00688
1.41562
2.99701
1.42689
1.41328
1.19587
1.41211
1.41416
4.01309
2.99596
2.41856
1.42706
2.99736
2.99736
1.40935
1.41181
2.41035
1.68428
3.97521
2.42896
2.9921
2.9733
1.40813
1.41521
1.41956
1.40965
1.40737
2.41962
1.42293
1.19219
3.00618
2.41703
1.41187
2.97227
1.41839
3.00441
1.40131
4.03566
3.01007
1.42145
2.98163
2.99087
1.67835
1.42157
2.39661
1.40673
1.41686
1.43086
2.98912
2.97971
1.43133
1.41082
3.00671
2.99771
3.99122
1.41234
2.96365
1.42825
1.42931
2.99806
1.41427
3.01932
4.0007
2.99631
1.41234
1.17967
1.41123
1.42027
1.68492
1.19718
3.003
1.41568
1.42511
3.01309
4.01309
1.41551
1.42718
1.4178
1.41416
1.67645
3.99052
2.40836
1.42328
1.67659
1.40965
1.40813
2.41739
1.19647
3.01149
2.40684
3.01238
2.99859
1.41082
2.99385
2.98772
4.04254
1.68577
1.42825
1.41809
2.99965
1.42594
1.41029
1.67596
3.00459
1.68068
1.194
3.01505
2.97279
1.41199
1.40918
2.98581
2.4292
1.41604
1.41862
1.41557
1.41322
1.42275
2.40626
1.40889
1.20198
3.01007
4.00848
3.00459
1.68549
3.01416
1.19285
1.41088
1.41469
1.41064
2.96451
1.42943
1.19119
3.98076
1.41986
3.00866
3.99402
2.974
1.4218
1.41187
4.03891
3.0154
1.40241
2.99385
2.42612
1.19526
1.68535
1.40713
2.9825
3.01274
1.41786
2.98354
1.42063
3.00264
1.41111
2.98581
3.02361
3.98912
1.43003
1.41545
2.98772
1.41082
1.67462
1.40865
1.41146
2.9879
2.98807
1.41287
3.00106
2.99525
2.98128
2.99385
3.00919
1.40895
1.42487
1.68061
1.42991
1.42659
1.41615
1.41322
1.68026
1.4131
1.19658
3.01061
2.97313
1.4218
2.98371
1.41023
1.41064
1.43228
1.40731
3.00053
3.00406
1.40171
3.9818
1.42771
1.67287
3.00123
3.95937
2.97573
3.01808
1.41076
3.01932
3.00671
3.00812
1.18532
1.4198
1.42464
3.00106
1.40982
2.99824
1.40842
3.00759
1.68061
3.96795
1.4151
1.41328
1.41927
3.00106
1.41798
3.02523
3.00053
1.42086
1.41886
3.01256
1.41545
1.41146
1.39748
2.9942
3.01416
1.42961
2.99087
1.42269
1.43234
3.01203
1.40684
2.9914
1.40439
1.41064
3.02433
1.41815
1.41692
2.98965
1.41662
1.42369
2.99087
1.41909
3.03205
1.4276
1.19678
3.01149
2.99543
1.40515
2.98615
1.41146
2.98738
1.42328
1.4221
3.0007
1.4114
2.99367
2.98965
1.67547
1.41786
1.42157
3.02075
2.99402
1.19728
2.42552
2.98058
1.19758
1.19976
1.41041
1.42057
1.40924
4.0353
2.98128
2.99175
1.67329
3.01843
1.18868
1.20006
1.42092
3.01362
1.18237
4.02236
1.4208
2.9935
4.01558
1.41416
1.42718
1.42104
2.42896
2.98441
1.68747
2.41058
3.01451
1.19204
1.18928
1.40556
2.98877
4.03458
2.4141
1.41199
1.40468
1.4188
3.006
2.96744
2.99192
3.003
2.98337
3.01061
2.99718
1.41035
3.00494
1.41123
3.00353
1.19345
1.41199
1.40655
2.97244
2.9759
1.1938
1.19572
3.00194
1.41469
1.42541
3.00035
1.69251
2.99824
3.96727
2.98982
1.40218
1.19395
1.42298
3.01238
3
1.18597
1.4158
1.41463
1.67857
3.95834
1.4221
2.97954
1.42689
1.41645
1.4231
1.41369
4.04508
2.99631
2.99683
1.41345
1.40877
3.003
1.42251
1.20052
3.02361
1.41715
1.68783
1.41298
3.003
2.43288
1.41345
1.41269
1.41856
3.01576
2.40626
3.00547
3.99052
1.40819
1.42245
2.9907
3.01718
4.00671
3.00176
2.98267
1.18928
1.68132
1.42009
1.40113
1.41645
1.4273
1.4141
3.00565
3.03169
2.40393
1.42452
1.18827
1.43133
3.02272
1.41064
1.18227
3.01185
1.40713
2.9993
1.41504
1.41298
1.42997
1.41404
1.18582
1.41786
3.97937
3.00777
2.9818
4.02308
4.01132
1.41939
1.19421
1.42133
1.4114
1.18948
1.39945
1.43193
1.42092
1.40988
1.41986
1.41698
3.01167
1.39736
2.97971
2.99367
2.99543
1.41892
3.0229
1.17897
1.18667
1.42116
1.19295
1.41334
1.17648
1.41962
1.40743
1.66964
1.4211
2.9921
4.01096
3.01043
1.68181
1.41029
1.19068
1.42411
2.99543
2.98738
1.41228
1.68903
2.98197
3.96899
2.98703
3.02523
1.69316
3.00317
2.40813
1.43038
1.41727
1.40976
1.4141
2.99578
2.41574
2.99
2.41257
1.41023
2.40976
1.19491
2.98615
1.40982
1.19411
1.67294
4.0007
1.41504
3.01772
1.41
1.2063
1.41762
1.42033
1.40614
4.00742
2.9872
1.19658
1.42511
1.40988
2.97486
3.02505
3.00795
2.99087
3.01061
3.01167
3.00547
3.01114
2.9818
1.19008
1.41739
3.00211
3.00035
3.99297
1.18457
1.1936
1.68252
4.022
1.41621
3.006
3.01203
1.66468
1.41921
1.41692
2.42186
3.01718
2.99438
2.98163
1.40643
1.42151
1.42647
2.99965
1.39626
1.42228
1.41798
4.00035
1.4178
1.40982
1.1936
1.68266
1.41533
1.42127
2.99087
1.40527
1.69337
1.18757
2.42163
1.68294
1.40953
1.68634
3.02451
2.99736
1.41962
1.42021
3.00742
1.40941
2.99578
1.42198
1.17643
2.99806
2.9865
1.41152
1.19325
1.67462
1.20163
1.41474
1.67512
1.67343
1.42446
1.66803
1.41745
1.41293
1.4131
2.39719
1.41539
2.98546
1.40614
2.40638
1.42045
4.00106
1.4009
1.42511
2.4188
3.00582
3.022
3.98006
1.40941
1.42482
2.96572
1.19405
2.42068
1.41381
1.42068
2.9825
2.97781
1.18427
3.02415
3.00282
1.41809
2.99877
2.98424
3.02505
2.39893
1.6823
1.20158
1.18652
1.40754
3.00317
1.39916
2.98476
1.41216
2.9886
3.01736
1.41463
2.42021
3.02594
1.41762
1.40608
1.42293
1.41287
1.41974
1.67624
1.42357
3.0154
1.41792
3.01416
1.41903
1.42222
1.42045
1.41656
2.99245
2.98267
4.04399
3.02702
1.41222
4
3.03151
2.42234
2.98982
1.41809
1.40842
2.99052
2.41692
1.42647
3.00919
1.4276
3.01007
2.99631
3.98215
3.01629
1.20437
1.68117
1.40743
3.00159
1.40585
1.42505
4.00777
2.99736
2.99613
3.00335
2.98267
3.00459
2.99227
3.0007
1.42352
2.99122
1.43537
1.40265
1.68075
1.41334
1.41129
3.95526
3.98633
1.39991
1.43258
1.42045
1.67371
3.98738
1.42322
1.42694
1.41598
2.98128
2.98406
1.67273
3.0007
2.41304
3.00282
1.41586
2.99438
2.99947
1.41615
3.0122
3.98633
1.67041
1.43193
3.00123
4.01736
4.04217
2.40171
1.18762
1.40982
1.67568
3.00529
1.41815
1.40994
2.99736
3.01416
3.00883
1.40696
1.42169
1.42588
2.42021
2.97244
1.42068
1.67406
1.40398
4.00459
4.02415
3.00264
2.9872
1.42352
1.41962
3.00194
1.20072
3.01078
1.18532
1.18357
1.66643
1.67751
1.41633
1.40754
1.19521
1.41146
1.40935
3.00441
3.01647
2.98668
1.20244
2.98284
1.41486
3.01362
1.41698
4.00883
1.40895
1.66894
1.41023
2.99508
1.67878
1.697
2.97711
1.4247
2.9811
1.41733
1.42163
2.98807
3.00229
1.41645
2.98302
3.01487
4.02918
1.42251
1.42783
1.40638
1.40317
1.41821
1.42618
3.02272
1.41974
3.00671
1.67301
2.41951
1.42145
1.41439
1.6644
3.0154
1.41339
1.4148
1.39088
3.01345
2.42033
1.41445
1.41703
1.41334
1.4069
3.00159
1.40428
1.41316
2.96658
1.40603
1.67878
2.97711
1.67455
3.99473
1.41533
3.00388
1.67998
1.409
1.40696
1.41398
2.99877
2.40369
1.19829
3.00848
2.98163
3.97106
1.3991
3.00512
2.98406
1.68089
2.42293
2.99122
1.41205
3.00866
2.43264
1.41609
1.41592
2.41903
1.40474
4.02415
1.41557
3.01701
1.42322
1.42074
2.41093
1.42092
2.99965
2.99192
1.67737
1.4076
3.98493
1.41609
1.18027
2.99912
1.42511
1.41357
1.42033
3.00264
1.41252
3.00159
1.41474
1.41322
2.40218
4.00883
2.98197
3.01362
1.69665
1.65897
1.41181
3.02308
4.02344
3.03548
2.99912
2.97054
1.40684
1.41921
3.00088
1.41111
3.01007
3.02075
2.99315
1.41733
1.6923
2.42021
2.40241
3.97763
2.99789
3.00494
1.41557
1.43341
1.41598
1.67048
2.99052
1.66803
2.97902
2.42706
1.41768
1.41381
3.00618
1.41275
2.9942
1.41193
1.41892
1.66629
2.99262
1.41416
3.98076
2.99894
1.1939
2.40965
1.41915
1.41939
2.99122
1.41099
3.00194
1.41645
1.67716
1.41515
3.00423
1.4069
2.99842
3.99683
1.40918
3.98284
1.40661
1.40044
1.67133
1.42033
1.19184
3.98842
2.99613
2.99596
1.68209
3.00954
1.41175
1.42831
3.006
1.20036
1.19925
1.41129
1.42015
1.68839
1.19073
1.41474
2.95595
1.42145
1.41945
2.40708
3.01025
1.40813
2.9928
1.41545
1.68245
2.98772
2.99525
1.41492
2.97798
3.02183
1.39579
4.00106
1.42269
1.42801
4.01203
1.43228
2.98685
2.99842
1.18923
1.67687
1.41815
1.42216
3.01879
2.99824
3.02254
1.42458
3.01434
1.42027
2.40544
1.40918
1.42027
2.99525
1.40509
3.01309
2.99578
2.99438
2.98041
2.39533
3.00706
3.01523
2.99087
2.98563
1.42293
1.67364
1.42328
3.01078
3.03422
3.00635
1.42322
1.42222
1.17638
1.19905
1.4016
1.42068
1.40719
2.99701
3.00441
3.01114
3.00159
1.41099
1.68301
3.00618
4.00742
1.42039
1.40895
1.19038
1.42629
2.98528
1.67589
3.97348
1.20274
1.42074
2.99965
1.40883
1.41939
2.41609
2.96537
1.67512
4.01416
3.00972
3.01238
1.42275
1.41809
1.66447
2.99578
2.42612
3.01327
1.42641
1.40684
2.40836
1.41146
3.00353
1.41416
3.01932
1.41492
2.41962
3.00901
1.41006
1.40871
1.41263
1.41275
1.41727
1.18993
1.4211
1.42139
1.40906
1.42399
1.41457
1.42653
1.42133
2.99332
3.99648
1.42163
3.02165
1.41739
1.41903
1.42576
1.18822
1.68776
3.00317
2.99262
1.41029
2.41386
1.42009
2.98546
1.40713
1.42151
3.006
1.41956
1.41463
3.94066
1.19078
1.41504
1.40877
3.01986
1.41915
1.4062
1.20148
1.40503
1.40498
1.41035
3.9825
2.42742
3.00247
1.68103
2.43299
1.41933
3.01114
1.40626
1.42145
2.99367
1.18022
4.04254
1.41968
2.99543
1.41633
1.40527
3.01007
1.41662
3.01629
1.67491
2.42683
2.44913
1.40352
3.00565
3.01897
1.41263
3.00335
1.41703
1.68096
1.68669
2.42057
3.00742
2.99718
1.42098
1.41011
3.00512
3.01203
2.98006
2.97382
2.99297
3.04163
2.98807
2.98703
2.39198
2.98703
1.42452
1.69259
1.41492
2.40265
1.68393
1.6823
1.42033
2.99613
1.66342
2.9811
2.9956
1.40067
1.42216
3.01932
1.19587
1.41047
1.40562
4.00954
2.99824
3.02666
1.68308
3.00565
1.67364
3.00476
1.42843
1.42405
3.02774
1.42074
1.41187
3.01327
1.41803
3.02487
2.9921
3.02576
3.02505
1.41099
1.41551
1.41064
2.9935
1.41651
3.01451
2.99736
1.40626
1.41093
3.01043
1.41562
1.42653
3.02559
1.42004
3.02846
2.98877
3.01398
3.00282
1.18507
3.00936
1.41093
1.66475
1.41117
1.39962
1.42121
3.03855
3.9811
1.41833
1.4151
2.98633
1.41656
2.97729
2.99666
2.99508
1.40865
2.99912
1.41234
1.41586
2.98424
4.03891
1.42298
1.40142
2.43585
1.68245
1.39637
2.98354
3.01825
3.0037
2.99842
3.01825
2.42186
2.99508
2.98337
3.00106
1.41281
3.00123
4.01701
1.18762
2.99894
1.42009
1.41058
1.42251
3.02057
1.42529
1.18447
1.42771
1.4083
1.40859
2.9886
4.01167
3.97348
1.66538
1.68019
1.41146
2.97071
2.98825
1.41486
1.18622
3.99789
1.42133
1.18102
4.01915
4.01879
1.19028
2.98738
2.98389
1.67751
1.41404
1.18542
3.01986
2.4247
2.43252
1.41
3.00547
3.00106
1.41082
1.40311
3.02326
2.9942
2.9914
1.41909
3.03692
1.66384
3.00972
1.41076
1.43377
1.41692
1.42458
3.00653
1.69059
1.19124
3.00476
2.41328
1.42535
2.9928
1.41099
2.40754
1.4023
1.41099
3.99648
3.01487
2.98633
1.18888
1.41945
1.40533
1.40754
2.97971
3.0272
1.41609
2.42151
2.99877
1.41211
3.0099
1.42004
1.42618
1.2031
2.98528
1.4148
1.19647
2.99
1.68386
1.39997
3.0099
1.4148
1.66112
1.4188
3.01558
2.99227
3.00883
2.99666
1.40562
1.41047
1.41821
3.97106
2.99157
1.42541
2.9811
1.42683
2.41845
1.40067
1.41427
3.00671
1.42086
1.40247
2.98807
3.01897
2.97469
1.41903
1.17808
2.98615
2.9949
1.41088
3.00229
1.41715
1.20477
2.9921
1.42659
3.95937
4.02057
1.42854
2.98895
3.006
3.02022
2.99367
3.00194
1.41228
2.39175
3.00529
3.01025
2.9921
2.9759
1.41662
3.00211
3.01843
2.99965
2.99385
1.42677
1.39904
1.42033
1.41527
1.4231
2.98965
1.41598
1.40801
2.97781
3.00848
2.98546
1.66384
1.39985
3.01647
2.42316
2.98093
3.01701
3.00547
1.19673
1.41228
1.4218
1.42068
1.66999
1.40871
2.39163
1.42346
3.0154
2.98528
4.0099
1.19713
1.42116
1.43193
3.0263
1.20168
1.68471
1.41727
1.41082
1.4231
3.02236
2.98895
3.0122
1.40579
1.41187
4.01843
1.42831
2.40813
2.99087
3.00459
4.00954
2.98232
2.41551
1.68896
2.99297
2.9993
1.67547
3.99613
1.41927
1.42748
3.01274
3.01345
1.67238
3.0037
3.0195
1.41304
1.40398
1.40766
1.18993
2.98947
3.00706
1.4247
1.40591
1.67955
3.00053
1.41745
3.00565
3.98493
1.41692
1.41328
1.40573
2.99842
2.4107
2.99701
2.98563
3.00282
1.41216
1.40189
2.43098
1.4221
1.19557
1.68627
1.42015
1.40918
2.99824
1.40883
2.99683
1.19385
1.41486
1.41703
2.98615
1.40924
1.40538
2.99877
3.01114
1.41592
1.41351
1.68676
1.42594
2.98093
2.9949
1.40819
1.41903
3.01629
2.97555
1.67983
4.02989
1.42606
1.41827
2.98581
1.41633
1.40439
4.00211
1.41586
1.40783
3.02218
2.99297
3.00053
3.00035
1.41615
2.98024
1.42287
3.00848
1.41586
2.9886
1.41029
3.00671
1.41017
3.00106
1.4247
1.20052
3.00529
1.42712
2.96882
1.67913
4.03458
1.42387
2.99122
3.0353
1.40947
1.20848
2.42234
1.427
2.99245
3.00866
1.41768
1.42487
3.00353
2.99578
3.01825
3.01256
1.69116
1.4276
1.42754
3.00211
3.00106
2.40218
3.00106
1.42039
2.99631
1.42535
1.41656
1.67871
3.01434
2.98528
1.40959
1.40661
2.41927
2.99859
2.99578
1.41551
1.42748
2.99965
3.02702
3.00053
2.974
1.19814
3.00141
3.01149
4.01274
2.98197
1.41257
1.41504
1.41839
3.00795
1.42328
2.96486
2.98511
1.41803
1.18397
3.00671
1.41351
2.97106
3.003
4.01309
1.41821
2.42908
1.40398
1.19511
1.40713
4.02882
1.41369
2.98965
1.41592
1.41199
2.9993
2.98024
3.01451
3.00088
3.02738
1.40369
2.4188
3.00053
2.9956
3.01398
1.42552
3.01238
1.41686
1.41339
2.98302
1.41328
2.99175
1.41099
1.42222
1.41
1.68818
3.99754
1.4069
2.98319
3.01096
key space reduction: -0
prob, dist: 
1.19245 6.88477
1.41507 38.4277
1.67624 6.64062
2.40944 5.76172
2.99975 36.084
3.99303 6.20117
----------------------------------------------
Computing the following experimentally:
9 (2,3,10,40) (3,7,40,4) linear
6 (3,2,40,4) (4,6,4,1) linear
c (4,2,4,5) (5,6,5,1) linear
c 0 (4,2,4,5) (3,7,40,4) (3,a,40,4) (4,8,0,0) (5,e,5,5) nonlinear
0 (5,1,5,5) (5,b,4,5) (5,e,5,5) (6,1,5,5) linear
0 (5,1,5,5) (6,5,5,5) linear
0 (5,1,5,5) (5,b,4,5) (5,e,5,5) (6,1,5,5) (6,5,5,5) higher order
0 6 (5,1,5,5) (5,4,5,1) (5,b,4,5) (5,e,5,5) (6,1,5,5) (6,9,4,5) higher order
0 6 (5,1,5,5) (5,4,5,1) (5,b,4,5) (6,5,5,5) (6,9,4,5) higher order
0 6 (5,1,5,5) (5,4,5,1) (5,b,4,5) (5,e,5,5) (6,1,5,5) (6,5,5,5) (6,9,4,5) higher order
d (4,6,4,1) (4,9,5,5) (5,b,4,5) linear
6 (5,4,5,1) (5,b,4,5) (6,9,4,5) linear
9 (6,1,5,5) (7,5,5,1) linear
computing with 128 valid keys or 2^18 possible keys and 2^1d random plaintexts
computing with 128 valid keys or 2^18 possible keys and 2^1d random plaintexts
computing with 128 valid keys or 2^18 possible keys and 2^1d random plaintexts
computing with 128 valid keys or 2^18 possible keys and 2^1d random plaintexts
computing with 128 valid keys or 2^18 possible keys and 2^1d random plaintexts
computing with 128 valid keys or 2^18 possible keys and 2^1d random plaintexts
computing with 128 valid keys or 2^18 possible keys and 2^1d random plaintexts
computing with 128 valid keys or 2^18 possible keys and 2^1d random plaintexts
computing with 128 valid keys or 2^18 possible keys and 2^1d random plaintexts
computing with 128 valid keys or 2^18 possible keys and 2^1d random plaintexts
computing with 128 valid keys or 2^18 possible keys and 2^1d random plaintexts
computing with 128 valid keys or 2^18 possible keys and 2^1d random plaintexts
computing with 128 valid keys or 2^18 possible keys and 2^1d random plaintexts
computing with 128 valid keys or 2^18 possible keys and 2^1d random plaintexts
computing with 128 valid keys or 2^18 possible keys and 2^1d random plaintexts
computing with 128 valid keys or 2^18 possible keys and 2^1d random plaintexts
19.7881
20.8301
20.8759
22.625
20.7426
21.3706
21.1113
17.2594
21.3347
21.3135
19.7808
20.2789
20.8915
18.2384
19.324
21.4075
18.0999
18.2944
20.776
21.4301
18.1798
19.4882
19.8052
20.9888
18.2343
23.2186
20.7332
20.612
22.8915
18.2738
18.191
15.8237
20.3853
19.3117
18.2409
21.5324
18.2653
18.2628
19.8351
22.415
19.7616
18.3083
18.175
16.68
19.8889
19.9259
21.6077
18.226
22.4454
23.6781
18.0014
20.8656
21.5654
17.9079
19.7979
20.8251
21.415
19.2738
17.5395
18.2772
18.8681
18.8164
19.8915
19.9259
16.6671
18.217
18.4912
21.4922
20.7568
22.1926
19.6917
16.6784
18.9515
19.267
19.0575
19.0619
18.8681
19.7954
19.5927
17.0462
20.7857
16.6433
20.7054
21.6962
19.7568
17.2687
19.9046
18.6646
19.7712
19.793
21.4378
19.1296
22.415
19.8837
19.8052
17.9172
18.7344
18.9033
21.7426
21.3927
18.0524
17.0138
20.2585
18.5654
22.4001
23.0931
22.5243
18.1975
18.2628
22.2318
22.8503
22.8915
19.8151
21.1545
18.8798
18.8863
15.6634
20.7054
19.9556
21.2318
19.8553
16.6747
20.9125
20.7905
21.4454
22.3853
16.6474
15.6422
17.6635
18.6023
19.8733
19.8401
22.3418
18.2815
20.9502
20.457
19.8733
21.2121
18.324
18.2619
23.4454
18.3144
21.0113
21.4378
18.251
23.6424
18.1894
18.2738
19.8579
21.3706
19.8759
21.7808
21.3065
18.2978
19.8201
21.1052
21.8811
19.9046
20.8604
21.0285
18.2815
19.3083
20.6034
22.9339
21.3489
18.1951
20.8759
19.7544
20.7285
19.8604
19.8427
19.8503
20.6646
19.1991
18.9299
19.8759
20.3706
17.415
20.7008
19.2137
20.9339
15.8269
18.6045
20.04
20.3418
21.4301
20.7616
18.0744
21.1735
18.2644
21.4922
19.8477
22.3706
15.6532
19.8993
20.71
18.0277
21.3205
22.1798
18.8902
20.7379
21.3489
22.7905
18.2343
19.8226
18.8427
19.3013
20.902
18.7239
21.0752
18.2875
19.8837
18.2252
21.2721
22.3418
20.8102
21.4226
19.7473
19.7784
19.9179
19.942
17.4887
18.4493
19.7784
19.3013
21.5737
19.8785
16.6482
19.8028
19.8837
21.4764
19.8052
19.1561
21.4686
16.6502
22.3276
21.7239
20.8553
20.7379
21.4075
22.2056
21.3276
18.2704
21.7905
19.8251
21.5488
19.8759
20.8656
19.6668
18.2552
19.0429
21.4686
19.2653
17.0422
17.2704
23.0693
19.7857
19.7473
19.8837
18.2653
17.6809
22.3706
19.217
20.4075
18.8238
21.4843
20.7332
18.2721
20.7857
23.1671
20.3561
16.4359
18.2384
21.6163
16.3713
19.9693
22.1296
17.2117
21.3779
18.2729
22.7332
21.3135
23.5081
19.7426
19.8401
18.2526
20.5122
19.8052
17.8811
19.7616
16.9417
22.3418
21.6781
22.9125
18.2892
20.0085
20.7473
21.3853
19.5716
19.9205
23.1671
22.3276
20.9072
20.8915
20.6917
21.4075
22.4608
17.2611
17.673
18.9944
19.2418
23.7521
18.8553
17.6491
20.8967
21.4226
18.4784
19.7857
20.902
20.7712
20.8102
19.9046
22.2585
22.0113
21.4608
19.8276
20.389
20.9179
19.8276
19.8126
19.2451
18.6724
20.5779
18.7616
18.8226
22.3276
17.4784
18.1983
20.8915
22.625
21.6691
16.37
20.303
19.8967
19.2418
19.8251
17.6696
19.7239
22.1545
22.8301
20.0028
19.8604
22.7905
23.2186
18.1975
20.7568
19.7497
23.8301
20.4725
19.7905
23.1926
17.6685
16.6424
19.2789
21.3205
19.6359
19.793
16.9923
22.2721
20.8301
18.2636
21.142
21.4686
19.793
19.8326
21.4001
20.8863
16.656
18.2501
19.8837
21.4454
18.0931
23.2186
18.4589
22.9125
17.9867
18.2687
20.4075
18.2326
18.7309
16.4806
22.4922
21.415
22.5081
21.3779
20.183
18.5192
18.8464
21.5737
19.8427
18.2145
15.667
17.5843
16.4964
19.8102
18.8798
22.2858
19.8837
21.5821
22.4454
19.8837
15.4293
19.8604
23.7905
22.3135
17.6769
18.2944
19.9099
18.2343
21.3634
19.9125
19.9179
18.2485
22.3135
21.0056
20.8052
17.6917
21.6077
21.3927
18.2302
19.4882
23.3561
15.6631
18.2384
18.2137
16.6452
19.8427
19.8077
19.5385
21.4922
20.9179
22.3561
22.8102
18.2628
18.2687
19.793
18.2815
21.5002
17.1955
19.776
19.4531
19.8477
17.9072
21.2252
22.5906
22.1671
16.4483
21.3489
23.0227
24
19.31
18.9776
21.4454
18.2501
23.0931
20.9179
17.9937
20.0371
22.3561
15.942
20.8503
18.2628
22.9776
21.5654
21.3489
19.8579
18.3048
18.3992
18.8326
17.2862
17.1316
19.8553
21.1671
18.2798
19.3083
21.5488
19.8889
20.902
23.415
21.4531
19.8656
20.3853
17.1323
15.921
20.2186
18.0306
19.2926
18.284
21.5654
19.8733
21.5488
19.863
15.6713
19.8811
21.4686
20.8604
20.7379
21.4608
16.6624
18.2418
19.7954
17.0328
21.8201
19.8028
17.8452
21.5654
19.8176
19.7616
19.9099
22.3276
17.6518
19.7954
21.3418
19.2738
20.8052
22.5571
22.7332
20.8967
15.4423
21.4301
21.4075
20.3853
24.2451
23.1926
19.8553
17.251
23.5406
20.71
18.2476
18.2064
21.3853
19.1991
23.2996
19.4745
21.2653
19.8151
19.1052
23.0931
20.776
18.2277
23.2451
18.2518
16.4413
19.8528
19.8503
19.8837
19.902
18.5478
17.2489
18.3109
26.1926
21.7616
20.9339
16.8944
23.2996
17.9556
23.3853
18.1671
20.6557
21.6871
19.8579
19.8427
18.256
18.8464
18.2687
19.8028
19.8176
18.3144
18.2746
19.8351
19.8126
19.2687
21.5406
18.7568
19.2738
18.0049
22.3853
18.8276
19.8176
18.8464
16.6649
17.6507
18.2678
21.5081
21.7808
16.6722
18.3454
21.8201
18.1886
20.6826
18.2244
23.5737
22.625
22.4001
19.8993
19.1128
21.4378
17.9205
21.4001
19.4784
20.5243
20.8301
21.017
21.3135
21.4608
21.2789
16.3142
18.804
18.2636
22.4301
17.9742
22.5906
20.9072
19.1358
18.4657
21.5324
19.8503
18.9312
22.8301
18.8151
19.2926
17.6179
17.2644
20.8003
16.6604
16.4524
17.2397
18.2211
21.4378
19.2121
22.2721
20.5243
19.6403
23
19.8028
20.8707
21.8707
21.4531
18.2476
23.0458
17.9359
19.7356
19.8733
18.2434
20.8759
19.8477
18.2935
20.6871
16.6466
19.7664
19.7881
16.8987
22.2451
21.4226
19.2602
20.7568
22.6424
21.6424
15.3101
18.2485
21.1671
16.4162
19.7332
19.8528
21.415
19.7979
18.7438
17.0088
22.7712
19.8351
19.8376
19.5182
21.6962
17.0081
24
19.8915
18.2883
20.183
17.27
23.3853
23.2186
19.8176
21.4075
20.8656
18.3039
19.8579
21.4226
19.0663
17.5922
20.0782
21.5488
19.8863
17.8974
18.0142
20.1639
23.0227
16.4382
19.8151
18.2121
19.8077
22.5243
15.6743
20.2384
18.0199
21.5906
15.6575
21.902
19.1624
16.6507
21.4608
17.6939
22.1926
19.6849
20.9179
18.8902
19.8427
23.0458
20.9832
22.2585
18.2518
19.2121
20.5365
21.4226
20.8151
19.7712
22.5081
19.0737
20.9888
18.7991
19.1436
19.3013
16.3761
19.8003
18.2178
19.8176
18.2678
17.2649
18.4686
20.7712
17.2223
19.284
21.5488
19.9072
19.8477
19.1608
19.8656
18.6381
19.3761
21.5002
16.871
19.2023
17.8617
21.5162
19.7379
17.9902
21.3853
21.4843
19.9072
18.4349
17.4006
21.5654
17.6758
21.4531
19.8579
18.191
19.902
21.0056
23.142
16.3454
20.7054
21.5002
18.2129
21.3706
22.5906
21.4764
17.0623
18.9447
21.4226
22.0693
19.8201
18.2628
20.612
18.2832
18.2015
19.5447
21.3205
19.6469
19.6403
19.5633
24.2451
21.3489
16.6931
19.0841
20.8707
21.4608
18.8681
18.6962
19.8993
24.6781
19.7544
18.5395
22.0113
18.8414
22.7521
22.4764
20.902
20.8151
21.4075
21.4686
19.8226
21.04
22.1545
16.7542
18.187
19.7568
18.8351
18.2072
18.7724
18.251
18.1878
20.9666
21.6077
17.6618
22.9776
20.9179
19.2252
19.9285
19.4282
21.2721
20.4001
20.8151
19.5142
16.5311
22.4922
19.8176
18.2526
19.8201
19.1814
22.6424
22.625
19.1174
19.7688
18.2145
16.6444
16.9821
18.0249
19.8993
18.208
17.4373
21.4922
19.8452
17.1569
19.2105
21.4378
18.251
22.9339
17.5811
19.2721
18.0042
22.3418
23.2451
20.4608
21.3489
20.1576
23.1174
19.8941
18.2097
19.7857
20.0458
18.2426
16.4541
21.8201
21.3779
19.8785
19.2501
16.3618
22.9125
19.0127
18.112
18.8114
20.1545
18.7736
19.2269
20
19.8251
18.5253
19.8201
17.0028
18.2015
21.4764
23.3561
18.7796
23.2721
19.793
21.3347
20.7239
19.8376
17.2879
19.9339
21.4531
19.4301
19.2535
21.3927
20.4416
20.8915
18.5334
18.256
19.9125
20.8503
19.7332
19.6557
21.5406
18.2426
21.4686
16.7637
21.4686
19.7784
19.4902
19.3364
19.9474
19.2401
21.4001
20.7568
17.2615
22.4454
16.9175
18.1327
17.6624
18.2704
20.9502
23.0227
16.3476
21.415
20.1959
19.8915
21.3135
20.7905
22.8915
18.2252
17.1467
17.2439
23.3276
18.2335
17.2422
16.9122
19.8126
18.8876
22.9339
22.4922
21.4075
17.938
19.8503
22.7712
19.8201
22.3853
19.7954
15.6702
21.3927
23.3276
19.5612
19.7954
17.6951
19.7592
18.7808
24.2996
22.5081
17.2687
19.0357
21.4764
22.0227
20.8811
22.6077
18.191
18.2806
17.2717
20.7568
23.2186
18.8201
17.1347
22.4608
22.4301
16.9299
20.1327
21.5081
19.8707
20.8503
21.5654
17.8585
21.4001
20.415
19.7857
15.9403
19.9152
21.6601
20.4882
20.8863
20.902
18.8065
22.2585
20.9721
19.5102
22.6781
19.2806
22.8707
18.8993
18.2434
18.7991
18.2858
18.2552
19.7784
19.6337
18.5061
20.7473
20.4188
23.1926
18.4745
21.4001
20.0371
20.4725
17.5602
21.7239
19.8028
18.2823
21.5737
19.5821
21.0871
18.3065
20.5488
23.8301
18.2712
18.226
20.5162
19.4113
19.3083
21.3779
18.2434
20.9666
18.2806
22.7521
19.863
19.3083
21.0056
19.2154
20.4804
19.1022
19.8052
21.3561
21.3779
19.8376
23.1926
19.8003
18.2227
21.5991
22.5406
22.3418
19.8028
20.7905
21.625
20.4454
16.6999
20.8707
18.5314
21.5081
20.317
18.2644
18.2738
19.7616
18.8503
20.389
23.1671
19.6691
19.9072
19.8452
18.2468
16.9553
18.8928
19.9666
21.3561
16.9259
18.2129
21.6962
20.8052
21.5324
18.7881
23.0227
20.8301
21.4843
23.5737
21.4608
17.6719
20.4922
20.9721
18.2644
20.9072
21.5571
19.8226
21.1862
22.8915
18.2987
21.4608
19.5654
18.8313
19.0113
16.6493
19.2088
19.2285
20.4301
18.7077
22.3706
18.2611
19.9179
19.5061
20.8604
18.7462
19.9072
18.863
21.3489
21.2789
19.8401
15.684
19.776
20.8553
19.9583
18.8681
20.6206
16.6674
18.2476
16.3773
21.9447
19.863
19.2203
21.3634
21.4608
24.3561
19.3276
19.8102
22.9556
20.1514
22.8301
21.3489
20.0693
15.6429
20.1022
19.8553
23.5406
18.2611
22.0113
22.2996
19.5949
19.8003
18.187
21.6513
17.9508
21.1174
18.8889
18.5885
19.5737
18.208
23.9125
18.7796
18.1975
19.2585
19.9099
21.5243
18.2072
19.8477
19.7332
17.2602
19.5949
16.675
20.9179
19.0752
19.8915
22.5737
17.6518
18.2526
23.6424
19.2704
22.4922
18.3188
16.443
18.9776
19.2368
18.8276
23.9125
16.6299
23.3561
20.8967
19.7954
22.2996
20.6871
21.5002
19.9152
22.2721
17.6463
21.4686
19.8604
18.776
19.8863
19.7784
21.1296
19.8301
18.2113
21.2121
17.6348
21.8503
18.793
18.3065
18.5529
18.7008
19.8837
21.5406
22.4454
21.3561
18.2918
18.9944
19.8579
18.0663
23
23.0227
22.7712
17.2405
19.8759
18.2746
19.2789
17.9923
19.9312
18.8389
19.175
21.415
22.5571
21.7616
21.5243
20.9179
22.5906
22.8707
16.8643
20.776
19.204
19.8201
18.3223
17.4085
15.4398
21.9776
18.555
19.793
20.3135
21.3853
17.2793
20.2552
20.7905
17.6518
19.7497
17.9165
20.8151
16.9125
23.0931
19.5591
19.5162
21.5488
19.9179
17.5911
17.6883
19.8941
19.8176
21.8707
20.6557
18.2426
19.7077
19.7857
20.8863
19.7688
21.5654
21.0458
21.4001
19.5365
18.3267
21.7616
24.415
21.4608
17.632
18.8263
21.6601
18.416
20.1959
22.6424
19.7544
21.5488
22.8915
21.4226
21.9888
22.4301
22.9125
17.2397
18.226
19.5949
21.4843
21.3347
19.8733
21.4922
21.3927
19.7403
17.2314
21.4531
19.8452
21.4531
19.2636
21.4531
19.9312
19.9099
21.8102
20.612
21.2789
19.8967
18.8376
19.8579
18.5162
23.5406
19.4132
18.2628
23.1174
17.5365
19.2636
18.1219
17.2401
16.8987
23.9556
19.125
19.2088
19.183
17.3625
20.6826
18.1943
19.7808
18.1943
18.2293
18.2031
21.415
21.2926
19.776
23.2186
17.6951
22.6962
17.0454
18.2552
21.2585
18.1758
18.2585
18.3109
17.959
21.4075
16.6641
19.7192
21.0634
19.8553
18.2746
22.3853
23.142
22.5906
19.7473
18.8188
18.7379
19.2552
22.5406
16.6507
21.5002
22.6424
18.6293
19.8785
15.6695
17.0199
18.3048
19.0458
18.2203
23.142
18.5273
20.7905
19.7616
21.5243
19.8604
19.5344
22.6077
18.2211
20.2892
21.1296
19.8579
23.1926
19.1374
19.8077
20.7192
19.7881
19.8376
20.1894
19.8251
19.5202
16.6795
19.8102
22.9339
18.2798
16.6809
19.9638
21.9888
19.8707
19.902
22.2318
24.142
19.8301
19.8102
23.8301
18.179
18.278
16.6209
17.2343
21.4531
18.2644
21.5162
21.3489
19.1926
18.8238
18.2285
19.1389
22.7146
21.3135
18.8414
19.7712
21.3853
20.5695
23.7905
20.6736
20.7905
17.2853
22.2318
19.8052
16.6596
21.1235
21.4075
20.7285
22.2721
18.3117
16.6496
19.4207
19.6034
19.4745
19.8811
20.7285
20.9285
20.8052
18.2755
19.7833
19.3329
15.6592
15.6482
23.1926
21.5654
21.2858
19.8553
21.2789
19.7309
19.7664
16.419
21.3065
19.9285
18.8592
19.2137
21.415
19.7954
17.6463
22.4764
16.556
18.8213
22.6962
16.6863
18.251
19.8604
21.5324
16.8474
16.5485
18.2712
15.6847
19.8889
17.2564
20.8452
23.1174
21.4843
19.8967
18.2653
19.0285
21.8003
19.8733
18.5202
23.4764
22.8301
21.4608
22.5906
18.5112
19.8733
18.3196
24.3561
20.8811
18.7403
19.8889
15.6713
19.8733
22.4764
19.2219
20.7712
18.3056
19.7979
22.2318
21.5488
16.5129
24.142
19.0473
21.3276
22.3853
23.0693
18.1975
19.8889
20.7712
22.4922
23.6424
18.2823
21.5324
20.5864
18.2178
21.6962
20.1862
19.7979
21.9232
18.2763
19.2418
18.2468
23.3561
17.2657
19.2203
22.0458
23.7521
23.3853
22.9339
19.8993
21.0056
19.8604
21.8503
19.8301
19.8401
19.8553
16.6696
18.2459
18.8566
18.2577
18.8515
19.4628
21.4075
19.31
21.4378
23
21.2789
21.0516
19.8351
17.2644
19.3223
18.4972
19.0604
23.415
16.4691
19.7403
22.3418
20.9888
18.2996
19.8733
19.902
20.8915
20.4416
21.2318
19.7054
18.2105
16.684
21.3276
18.1742
19.8503
18.3004
21.3347
18.2763
19.0487
19.7857
20.7568
18.256
19.1943
21.8604
20.7426
17.2289
20.7954
18.059
19.6601
17.2547
18.6747
19.8553
19.8028
19.8785
17.6905
23.3853
19.9046
22.0931
20.9447
18.2611
20.8656
21.4686
18.993
15.5215
18.9749
18.5051
19.7031
20.7954
23.415
20.4493
19.745
19.7031
19.8376
21.5406
19.8376
19.8811
17.5288
18.2384
20.3454
19.0796
19.8707
17.4642
20.31
20.4725
17.204
17.6179
19.902
18.2628
18.2351
20.9611
18.2426
21.5737
23.1174
21.4378
22.0811
19.175
18.2293
18.2653
21.3489
19.8967
21.4001
15.651
19.8003
23.5406
23.0227
21.1235
21.4454
19.8351
20.7905
20.5949
15.6659
24.142
19.2721
15.6653
21.3418
16.1287
21.3276
20.8967
19.8915
19.9339
19.0071
23.0458
18.1902
19.8326
18.0227
16.6699
22.1926
23.0693
21.3276
18.9112
18.4416
21.2451
16.0272
20.8553
20.2653
20.7239
21.0634
19.8003
18.6023
17.4478
19.555
21.3276
22.4001
19.2105
21.6337
16.4344
19.4608
19.8733
18.2285
21.8201
19.2568
19.8528
19.8201
21.4454
22.5243
18.2611
17.2447
21.2996
18.2695
21.5081
18.3039
18.4473
21.2858
17.2326
19.0042
17.0667
21.0227
19.7736
18.2789
18.0916
21.017
20.8251
23.3276
18.0678
18.2935
17.3013
15.6799
18.2129
21.4764
16.6576
22.9556
23.1174
22.8102
23.9125
18.8733
21.3634
20.9232
18.0575
23.5406
20.7568
19.7216
18.2064
20.1766
19.2285
18.2636
19.902
18.8733
22
17.0425
17.6618
22.2318
21.4454
24.1926
21.2518
21.5906
21.4843
19.8376
19.5843
18.2798
16.725
19.8863
19.863
23.2451
19.2137
19.2653
20.776
20.6337
21.3706
19.1128
19.7979
19.8251
20.2961
21.4226
21.4922
19.8176
19.7688
21.4764
17.6641
21.7712
21.3418
19.8452
21.4378
20.7192
21.2518
23.0458
18.8376
21.4531
18.2451
17.2019
19.2186
19.7712
21.625
17.6668
19.7285
17.938
21.4301
18.8811
17.7527
16.4268
16.485
17.3135
20.7239
18.2376
19.7808
19.9393
20.902
21.4378
18.2088
17.4927
19.2368
21.2926
19.9666
19.2636
19.0516
20.8351
18.2543
18.2729
18.7845
19.8077
19.2384
16.1084
19.8052
20.4725
18.2712
21.6077
19.8326
22.5906
22.4001
19.8733
18.9125
19.7857
21.4454
22.3561
21.2186
22.4922
17.9145
19.8276
18.2326
19.8401
18.389
24.2451
16.634
19.4531
21.4686
18.8414
16.6652
18.7796
23.3561
21.3347
18.2798
22.9125
20.9285
16.9259
21.5002
21.3561
21.415
22.3561
18.5012
20.9285
23.2186
18.187
19.8528
18.3276
23.8707
18.8669
21.4301
18.5622
20.776
22.4454
18.8439
16.7065
21.1174
18.8464
18.0984
17.2476
19.8003
20.8301
16.6419
19.1067
20.0028
22.9339
22.0575
19.7857
22.9776
17.2232
17.5442
21.6424
19.6403
18.0553
21.3706
19.2434
17.2806
18.0056
20.8003
19.8077
20.6962
23.9556
23.1671
22.2858
22.142
22.8301
19.9205
16.6854
20.7332
18.2746
20.1576
19.8915
19.9205
23.6424
19.31
19.8681
21.4454
19.9099
20.7664
17.8522
23.2186
21.5243
17.2556
19.7592
18.2418
19.7954
15.929
21.7054
17.0035
15.6556
18.2393
18.2611
19.863
20.8102
19.1529
21.5002
16.4351
17.8688
20.9502
19.6446
19.4823
21.2996
18.9944
19.8401
19.8553
18.2552
20.7285
23.7146
19.7784
20.7473
19.8733
22.3853
19.7544
18.191
22.5243
18.2318
18.2704
22.3706
20.9502
19.9072
18.4833
23.0693
19.863
19.1219
20.457
16.6274
19.3507
19.5061
21.4686
21.3927
21.1862
21.2721
18.2901
22.3418
19.1405
15.7173
17.2717
18.6293
20.1451
19.8427
19.7664
20.0722
18.5012
19.2687
21.8003
15.4497
20.8251
20.8503
21.4922
23.2451
17.6792
18.2203
15.5094
20.0961
18.8941
18.2978
18.256
19.8733
21.3853
22.6077
19.3083
20.6736
19.8276
21.1862
21.3706
18.2858
16.6696
21.5488
21.3135
20.776
20.9125
21.3418
19.8452
16.7129
19.8993
23.4764
18.8126
19.2072
19.2236
16.9989
19.9312
19.2236
20.9776
19.8028
21.5081
19.2636
18.2918
22.9125
20.8553
21.2384
20.8811
20.7239
18.2285
19.8785
20.4608
20.3706
21.3489
18.2088
16.684
22.1671
19.7784
18.7833
21.2926
19.8707
23.0931
16.8846
20.3382
18.8389
key space reduction: -4.27845
prob, dist: 
15.6832 1.80664
16.5743 3.71094
17.3099 6.39648
18.2027 13.2812
18.7245 6.34766
19.1902 6.39648
19.7976 19.7266
20.3256 4.24805
20.8656 9.66797
21.4921 15.1855
22.3999 5.37109
22.9445 3.85742
23.4748 3.32031
24.4037 0.683594
----------------------------------------------
Computing the following experimentally:
5 b (1,2,4,1) (2,6,0,0) (2,9,10,40) (3,b,40,4) nonlinear
b (6,3,5,5) (7,7,5,5) linear
computing with 128 valid keys or 2^9 possible keys and 2^10 random plaintexts
5.96795
3.97382
5.99297
4.40568
4.41457
4.97002
5.92185
4.4927
5.03133
5.02129
5.97486
4.00353
5.96658
4.98458
6.0371
3.99648
6.03277
4.40614
5.02989
3.98215
6.09913
4.01736
6.03422
5.00423
5.95697
5.99859
computing with 128 valid keys or 2^9 possible keys and 2^10 random plaintexts
4.00211
3.9993
6.08114
4.99508
5.95424
5.02415
5.00423
6.00282
4.43442
4.96314
4.38299
4.9825
4.42541
4.39545
5.96108
6.00282
6.00141
6.09913
4.37475
6.00848
4.99859
5.93795
4.39313
4.43252
4.97417
3.99332
4.93593
3.95561
4.38437
4.38391
5.03061
4.43871
6.01986
5.02344
6.05163
4.39452
4.98598
4.32757
5.03422
6.02989
4.44829
3.96177
4.41457
4.01238
3.94879
6.03422
5.00494
6.00848
4.97417
5.99578
6.00848
4.97763
5.01203
3.97902
5.05822
5.01915
4.92385
3.95834
6.10215
computing with 128 valid keys or 2^9 possible keys and 2^10 random plaintexts
5.0263
5.01345
4.9818
4.01416
5.94336
6.03133
4.43776
4.43299
4.37247
6.00565
4.39359
5.02129
4.38575
4.43299
4.00529
5.00211
4.00459
5.00919
3.99157
6.03855
4.4188
5.01986
6.00706
5.98041
4.39916
4.00353
3.97833
4.9652
5.00848
4.38759
3.97902
4.40195
4.38299
4.98807
3.96795
4.99367
5.93391
6.03277
4.3899
5.98041
3.9811
4.38575
5.02057
4.97002
4.01523
4.39175
6.03277
4.40428
5.96245
4.97486
4.38345
5.00919
4.42021
4.43537
4.01238
4.02344
6.02846
4.40334
6.10518
4.43442
5.01274
5.01558
4.94133
4.97002
5.04872
5.05236
4.44062
5.01416
6.01558
4.01274
6.0737
4.94675
3.99754
4.38299
6.05309
4.02272
4.98738
computing with 128 valid keys or 2^9 possible keys and 2^10 random plaintexts
3.9993
4.42683
4.98458
4.00106
4.41504
5.04072
4.38253
4.96451
5.98877
5.05382
5.02487
4.41927
5.99157
4.39082
5.99718
4.97625
4.39452
4.37566
4.36791
4.44397
4.02666
5.95151
4.98738
5.97209
6.00423
4.44254
4.02451
4.98528
5.97625
4.95697
5.94879
4.45939
4.02344
6.03422
5.96245
4.95629
5.02559
4.44349
4.99227
3.99859
4.99017
4.42116
6.0737
3.99683
6
6.02989
6.04435
3.96727
3.9811
4.97555
5.00494
4.43395
4.02308
5.02415
3.97763
4.42116
5.00565
4.9818
4.41927
5.99297
5.01416
3.99613
4.38024
4.42541
5.00282
4.95492
4.97763
4.40708
4.97625
4.43299
4.40895
4.4141
4.97486
4.00423
4.36111
4.41175
4.44206
5.02344
4.42304
5.09011
4.40614
5.95424
4.93257
4.00106
6.07519
5.95151
4.03855
5.98877
5.03855
4.41175
4.41786
5.02702
5.95971
5.98877
4.00141
4.4411
4.40474
4.01594
4.43919
4.41269
5.95834
5.92318
3.97348
5.01416
computing with 128 valid keys or 2^9 possible keys and 2^10 random plaintexts
5.97209
5.00919
4.97348
5.00353
5.97486
4.98319
5.89409
4.39359
6.01701
4.99017
4.97625
4.40661
5.94743
3.97382
5.97625
5.02344
3.97729
4.00388
4.46327
4.98389
6.10974
4.41974
4.39823
4.38529
4.98319
4.98598
4.41974
4.41269
5.97348
4.43109
4.40614
5.07
4.99227
4.02344
4.40988
4.42588
5.93257
4.42399
5.02057
5.00848
4.43585
5.0263
5.01274
4.41269
4.43204
6.0099
3.99578
5.89278
5.0007
4.0007
3.99227
4.95834
5.00777
6.02559
4.39452
4.4221
6.03133
4.9825
5.00494
6.05749
5.01061
4.00106
4.40195
4.0007
4.9818
5.00919
4.40988
5.96383
4.0007
4.95561
4.43442
6.0458
4.41363
4.9993
4.43204
4.38391
4.39869
4.41504
6.03422
4.96451
3.98389
4.43823
4.39082
5.95151
4.3973
5.04
5.00777
6.01986
5.02129
4.39823
3.98319
4.00388
3.97971
4.46278
5.93122
4.98528
5.09762
4.40055
4.44349
5.99157
5.97763
4.41316
3.97625
4.38161
4.37703
3.97521
4.38253
4.46084
4.0099
5.95697
6.01986
5.96658
5.89409
3.95868
4.99367
5.00353
4.37429
computing with 128 valid keys or 2^9 possible keys and 2^10 random plaintexts
5.02487
6.0371
4.95834
4.99578
5.04072
5.97071
5.97071
5.98738
5.98877
5.0007
4.38621
6.05602
5.94066
4.39406
4.39916
5.97625
5.06779
3.96864
5.94879
6.08263
4.02057
5.05017
4.37566
5.07074
5.99017
4.39128
4.98598
4.37247
5.01487
3.98633
4.40521
4.4188
4.41082
6.0429
4.39128
5.9652
6.01132
6.14981
5.05309
4.42446
6.0371
5.05529
4.42163
4.36882
4.40148
3.97625
4.35344
4.00282
3.99402
4.00141
4.40474
4.39777
4.38944
5.02918
6.02272
6.02989
4.01167
4.95834
5.03927
6.02702
4.01879
6.00706
5.93257
5.01629
4.9714
4.00353
5.94472
5.01843
5.03855
5.00848
3.99683
5.0509
4.42635
4.96177
5.9818
6.0429
4.40568
4.456
6.00423
6.07074
4.42493
6.01416
5.02702
5.98877
4.40661
4.39498
4.43395
5.9818
4.98738
4.41974
5.99297
4.03566
5.92052
4.01345
4.42493
5.00635
5.98598
5.0099
4.37064
4.42068
4.98947
4.4188
5.98598
4.40568
5.99017
5.98041
4.98668
4.44781
5.97625
6.01701
5.01061
5.97348
4.9818
4.39221
5.99859
5.97071
6.03133
5.01701
5.02344
6.04435
computing with 128 valid keys or 2^9 possible keys and 2^10 random plaintexts
6.05456
4.95015
3.98947
5.91121
4.99578
5.01061
4.3711
5.94472
4.01736
4.41974
4.41786
4.43109
5.03638
6.05602
6.02415
4.42352
4.01416
4.40428
6.02846
4.99438
5.97625
3.9818
4.41551
4.96933
4.9811
5.98877
6
4.41316
4.39452
6.00141
3.97521
4.38851
4.95629
6.1067
4.45118
4.41692
3.9818
5.01558
4.40754
4.98528
4.4221
4.9366
5.04362
5.00635
5.94336
6.04435
4.01701
4.99648
6
4.41551
3.98772
5.92452
5.94201
6.00141
4.44589
4.41692
5.98458
4.42493
6.04145
6.0429
4.39962
3.99859
4.43871
4.99508
4.9652
4.95766
4.99227
5.98458
5.05236
5.04217
5.02702
4.46084
4.41316
5.93795
6.02702
4.99157
6.03566
6.02702
5.99438
4.00565
4.40102
4.4292
6.07965
4.50315
4.48578
6.01416
5.9272
4.02236
5.0263
4.35705
6.02559
6.01843
5.02129
5.97348
3.98947
4.99017
4.9825
5.99718
6.00282
5.95697
5.01416
4.42777
5.95561
5.92854
6.04726
4.05419
4.45022
6.06631
3.97244
4.41129
6.05309
4.42021
5.99157
5.97071
5.01843
6.00706
5.00565
4.00671
5.9393
4.43442
5.97486
4.97833
5.98598
computing with 128 valid keys or 2^9 possible keys and 2^10 random plaintexts
4.01451
6.03855
5.96658
6.06779
4.42493
3.99297
5.94743
6.00423
6.06336
4.42446
4.41692
4.95083
4.4735
3.99894
4.41598
4.39452
6.13427
6.02702
4.42967
4.97486
6.01558
4.37978
4.97209
6.00565
4.40941
4.43585
5.00423
6.02559
4.97694
3.96761
4.46278
4.43967
5.00353
4.4292
5.91254
6.02559
4.42257
5.00919
4.42588
4.98947
6.05602
4.41129
5.01629
4.99648
4.99648
4.3575
4.99859
4.38759
5.03494
4.39545
5.94066
6.07816
5.02559
3.97763
4.98807
4.00035
4.45262
4.40381
5.00211
4.40334
5.01772
5.02487
4.43537
4.36428
4.96245
3.97348
6.07074
4.97694
4.95629
5.9652
5.99718
5.01203
5.00777
4.39777
4.02236
4.40288
4.98807
5.0099
4.97486
5.97209
4.42825
6.05017
4.40661
4.3973
4.9825
4.01701
4.40009
5.95015
6.03566
4.97694
5.97763
5.97763
4.3807
5.96795
4.02344
4.99157
4.40428
4.00282
4.95151
4.43442
6.03277
5.9366
4.44445
6.04
5.01915
4.97486
4.98458
6.04435
6.07965
5.98319
4.42872
5.00919
4.01309
4.40009
4.01594
5.00494
3.98877
4.39128
5.01345
5.98041
4.42304
5.91254
5.02415
6.01416
4.43299
5.00919
5.91121
4.41833
4.97625
3.99965
computing with 128 valid keys or 2^9 possible keys and 2^10 random plaintexts
3.94235
4.43109
5.01843
5.99017
4.98598
3.99859
6.02559
4.39036
6.00565
4.37795
5.02918
5.00423
5.95561
4.39498
4.40848
3.98563
4.01345
3.99052
5.01558
4.44302
4.97763
4.96314
4.43157
4.38345
4.40848
4.44781
4.42541
5.99157
4.97902
6.02129
4.3575
4.41222
6.06483
4.45166
5.95697
5.84265
4.97833
4.02236
5.98458
4.39684
6.10974
4.92185
4.41833
5.06557
5.95424
6.0099
5.03494
5.02129
4.03927
4.48184
4.4141
5.86943
4.39591
4.44685
5.99718
4.98319
4.41316
4.3899
5
4.46424
4.40195
4.98598
5.00706
4.96795
4.36292
6.0429
4.34492
4.42493
4.43109
4.4221
5.04435
4.00883
3.99297
5.05236
4.39175
6.06483
5.0007
3.99157
4.45794
4.41129
4.96108
4.41551
4.01025
4.39313
4.38851
5.01061
4.45407
4.39869
3.98982
5.99859
4.44445
4.96795
6.00706
5.05675
5.95288
4.01203
4.99438
5.99157
6.09161
4.40148
4.40661
4.41645
5.04726
5.04217
4.93189
4.01701
5.05529
3.96589
3.97002
5.0263
4.41035
4.42588
4.9818
5.93795
4.95219
4.02702
5.01843
5.95971
4.42967
4.4292
4.4188
4.37886
4.96795
5.99718
4.41551
computing with 128 valid keys or 2^9 possible keys and 2^10 random plaintexts
4.39545
4.96177
5.98458
5.99017
5.04072
5.93122
4.45745
4.43585
4.42163
4.45311
4.01096
5.0509
5.97763
4.43014
5.00565
6.05163
4.40708
4.44158
4.45745
4.41927
4.38253
4.9825
6.00141
4.48578
4.40988
4.97694
4.44254
4.96177
4.4411
5.02057
4.40241
5.0099
5.00211
4.96864
5.93795
4.38529
4.98807
4.96658
4.41833
5.95561
3.96417
4.41363
4.4411
3.98424
4.97417
4.00742
4.96314
4.96658
4.37566
3.94336
5.95015
5.98319
4.46472
3.98493
5
5.9818
4.96451
5.022
4.3476
5.02129
5.92586
4.97071
4.42777
6.01843
5.04508
6
4.9993
4.45987
4.42068
6.01274
5.01345
5.01772
4.4507
5.01986
4.0195
5.02129
4.40241
4.01416
4.01203
5.01203
6.03422
4.45359
4.41786
4.47106
4.04835
5.022
5.98598
4.42068
5.99438
5.03783
4.98319
4.02415
4.03349
3.9759
4.3661
3.98145
4.38391
5.99017
6.00706
4.47791
5.94472
4.46618
6.00565
5.93122
5.95834
5.05236
4.99648
5.04217
4.43204
4.02594
5.04
6.00423
4.44589
4.98319
4.41222
4.97763
4.44254
6.00282
4.40521
5.00494
5.01843
computing with 128 valid keys or 2^9 possible keys and 2^10 random plaintexts
4.42635
5.95971
5.02774
6.07222
5.94201
4.39406
6.02129
5.00919
4.43728
6.02415
5.0371
4.41129
4.42068
4.37886
6.06631
4.95083
5.00141
5.03927
5.97209
4.40148
6.00423
3.99192
4.44445
6.0458
5.9393
5.96383
3.98912
4.00459
6.0099
5.02415
3.99402
5.95697
5
4.98668
5.93257
4.4221
4.0263
4.4349
4.4411
5.05749
5.94879
3.99508
6.03133
5.96383
4.41645
4.46813
4.42352
4.9272
5.98319
4.38713
5.97348
4.01701
6.09011
5.99718
4.41222
4.9811
4.43442
4.40801
4.43157
4.04689
4.02882
5.00353
5.00706
4.98389
4.4141
6.09011
5.97763
3.9993
6.0371
6.03133
5.97625
5.98738
4.94879
4.41739
4.43204
4.41974
4.43062
6.03133
6.07816
4.00317
5.9366
4.95766
4.42777
4.05346
4.97279
4.40801
5.02989
6.05017
5.97763
4.43776
4.40521
3.97106
5.9652
4.44925
4.4188
4.98947
5.96383
4.44733
5.92988
6.0371
3.99227
4.98668
6.03855
4.01096
4.43157
5.00919
4.9825
4.99789
6.05017
4.95561
4.39684
4.41222
4.40334
6.0371
6.08412
5.00141
4.01238
4.43252
4.04981
4.03133
5.00141
4.39221
4.99718
6.00706
4.43633
3.97867
4.97348
6.0371
4.40055
4.4188
4.97694
4.98947
6.08412
3.97971
4.41316
4.02989
6.0429
5.95561
6.05749
computing with 128 valid keys or 2^9 possible keys and 2^10 random plaintexts
4.91055
5.08561
6.0737
4.43395
4.41363
4.41129
5.05895
5.94743
4.42068
4.43633
6.0458
4.92185
4.4368
4.45166
5.08337
5.02918
4.98877
4.44397
5.95971
3.98772
6.05602
4.45118
4.98807
4.37383
4.44206
5.01132
4.38575
4.43252
4.00141
5.02272
5.9393
5.00777
4.9825
5.02702
6.0099
4.42304
5.08263
4.44206
4.98598
4.40848
4.97902
4.42541
4.99789
5.92586
4.98041
4.42257
4.42257
4.96177
4.95834
4.44541
5.98877
4.93189
5.98598
5.9393
4.02344
4.00671
3.98215
6.01986
4.99718
4.42825
5.00565
6.03855
4.3807
4.43109
4.38161
4.40801
4.45166
4.3593
6.07816
4.98947
5.01558
4.98947
5.01274
5.01772
3.98633
4.42446
6.03422
4.45455
3.97521
4.97555
4.35614
4.43442
4.98319
6.05309
4.01487
3.99332
5.05382
6.01701
4.95629
4.38161
5.06779
5.07074
6.06779
4.43014
5.94879
5.99859
5.01416
6.05749
3.97902
4.42825
4.47057
4.43204
4.4349
4.42683
4.43537
5.97348
5.99578
4.02523
3.98738
4.45552
4.99087
computing with 128 valid keys or 2^9 possible keys and 2^10 random plaintexts
4.98319
5.95561
5.99438
3.97451
5.00211
4.95151
4.45842
5.99297
5.97209
5.09762
4.39175
5.96658
5.03638
4.00706
4.04617
5.92854
5.94743
4.35434
4.39637
5.94066
6.04435
4.41833
5.00423
4.41927
4.95697
6.01986
5.00919
4.3711
5.06705
5.89409
3.99017
5.93257
5.90989
6.05309
5.91918
4.03674
4.39498
3.99824
4.01309
4.43537
4.45552
5.02702
3.98807
4.40428
4.94269
5.05236
4.46472
5.00282
3.97902
4.36837
4.40754
4.41786
4.00141
6.00706
4.37019
6.06483
4.93189
5.00423
3.96211
3.97451
4.3807
4.38944
5.99017
4.98041
3.99543
4.00035
5.96658
6.09612
4.97417
4.39359
5.93257
5.97625
6.06336
4.98319
5.00706
4.44158
3.99824
5.07296
4.97833
6.00282
4.94947
5.01061
6.05895
4.39684
5.03133
6.02989
5.01701
5.01416
4.44685
5.00141
5.01843
5.95424
3.99473
5.0371
5.01345
4.40009
4.45697
3.99402
4.41504
5.01132
4.99718
4.37978
6.03566
5.99297
4.03313
4.38667
5.0099
4.43299
4.40428
computing with 128 valid keys or 2^9 possible keys and 2^10 random plaintexts
4.42068
4.02379
5.91652
4.03205
6.02129
4.00459
4.97555
5.04944
4.4368
3.97209
4.38345
5.01701
5.9393
4.43062
6.02129
5.00777
5.0458
5.98598
4.37292
6.00141
4.97763
6.03133
4.42493
4.38621
5.99157
4.97971
4.38898
4.91719
6.07667
5.00141
3.99367
4.42163
4.3752
4.01416
4.40895
4.40708
3.97867
4.94675
6
4.96451
4.41645
5.95561
5.02989
4.40895
3.98912
6.05017
4.97625
4.42777
6.00706
5.04799
4.41082
4.97209
4.97971
4.45504
5.99017
5.01203
4.38759
3.97902
4.40754
6.00706
5.98458
6.02846
5.91785
4.42872
4.44302
4.39823
4.46959
4.38851
6.00706
3.96899
5.03277
4.41739
4.43014
4.02918
5.94879
4.40754
4.40614
5.01345
5.00423
5.99578
5.94607
4.44158
4.40195
4.45407
4.35434
3.9454
6.02846
3.98006
4.97209
6.07667
5.02344
5.97625
6.01701
4.39869
4.42967
4.92854
4.37886
6.03277
3.97694
6.00423
4.99367
6.08561
4.41692
4.00106
4.38667
6.01416
5.01629
5.99578
4.41316
5.99859
4.40941
3.98738
4.38805
3.99894
4.9811
4.99017
4.37475
5.01915
5.01345
4.40381
computing with 128 valid keys or 2^9 possible keys and 2^10 random plaintexts
4.40195
4.40241
5.94336
4.40428
5.06483
4.01736
4.98668
4.00671
5.99157
6.06926
4.96451
3.96245
4.3973
4.97555
5.04
3.99683
5.95015
5.05969
5.03133
4.3752
4.3973
4.40988
4.42116
5.00282
4.38116
5.90989
5.03349
4.00353
4.02702
4.39267
4.03602
4.44206
5.91652
4.39267
3.96899
4.97417
5.03061
4.96451
4.4411
3.98703
4.40195
5.06336
3.99332
5.04435
6.10367
4.95288
5.99438
5.00494
4.01132
5.01274
4.97833
4.40428
4.45939
5.95834
4.4349
5.98738
4.44877
5.04362
4.40988
4.44637
5.9818
4.9818
4.42068
5.04
4.01879
5.02918
3.98807
3.99613
4.41035
4.4411
4.98041
3.98076
3.97417
4.39267
5.01132
4.39313
6.00423
4.02344
4.41598
4.39359
5.02415
5.95424
3.98738
4.48036
5.97209
4.9652
4.41551
4.41551
5.98877
4.97348
6.05309
6.01843
4.39684
5.97763
4.43537
4.37566
5.00141
4.38299
4.97694
6.07222
4.4188
4.42304
4.97002
4.45118
4.02918
5.01986
6.07667
4.45552
4.38621
6.0458
5.06189
4.39406
4.4273
6.02846
4.39637
5.0458
4.42021
4.44158
4.03241
5.92586
4.03277
4.38024
computing with 128 valid keys or 2^9 possible keys and 2^10 random plaintexts
3.98006
3.99332
4.40055
4.99718
5.94472
3.99052
4.38437
4.93728
3.99367
6.07519
4.43585
5.0099
3.96074
6.00565
4.01061
3.99473
5.03061
4.01665
5.04508
4.00529
6.01558
4.95903
4.40614
5.02846
5.94201
4.99017
6.05456
6.07222
5.00706
5.01274
5.97625
5.94607
5.01416
4.94879
5.01629
5.0099
4.43919
4.42163
5.99859
5.01132
5.07667
5.022
6.02989
6.06189
6.06779
5.91785
5.93526
4.43014
4.3899
5.00848
3.99789
4.98528
4.44589
5.00565
4.94811
5.022
5.99578
5.03349
4.45745
5.99017
4.40148
5.93526
5.02774
6.00848
4.42541
4.00282
5.01986
5.02057
4.96933
5.0099
4.41269
4.98319
4.40708
4.43823
6.0458
4.9454
4.41645
4.99367
4.40614
5.01203
4.45987
5.02989
4.36338
4.40848
5.96245
4.4735
4.38713
4.93458
5.98598
4.98528
4.03747
5.06336
6.02559
3.99754
5.98598
5.97071
5.95151
4.39406
4.98041
4.40428
5.98041
5.99859
6.02989
5.00141
6.08711
4.97971
5.02057
4.97002
4.93526
6.02559
5.01061
4.05163
4.93458
5.01701
5.96245
5.02057
4.42021
4.38759
4.00282
4.93795
4.42777
6.02989
5.97071
5.03927
4.95151
4.42635
5.04944
5.02846
6.02129
5.89409
5.9652
4.42777
5.97486
5.95151
4.44973
3.99438
4.97486
4.42825
4.36837
4.44014
5.05017
4.38667
5.86943
4.39962
4.00883
6.01843
4.48086
5.05822
6.00423
3.98668
5.04145
4.97902
4.44445
6.09612
4.40661
4.37978
4.41457
5.95834
4.38621
4.36655
4.42399
4.36474
4.44637
3.97729
5.99297
4.39777
5.01701
3.99683
6.0099
4.98947
6.05602
4.97833
5.99017
4.35209
4.99367
4.41457
5.9818
4.99227
5.02344
6.00141
4.40848
5.03349
4.38299
4.4507
5.95971
4.42068
5.00423
5.05822
4.35885
4.40055
5.01061
6.06042
4.99508
5.04872
4.41927
4.42541
4.99718
4.4188
5.99297
4.45022
6.00423
4.00671
4.42352
5.00494
4.00777
3.99789
5.92318
4.41692
4.43062
6.03133
5.99017
5.99297
5.99157
4.06116
5.99578
4.44445
6.08561
5.92052
4.01701
5.98458
5.96245
6.03133
4.38713
4.46181
3.98041
5.01772
4.37019
4.41551
6.00565
6.01843
5.00706
5.90724
4.43728
4.4273
4.42635
6.03277
6.01986
5.97486
5.00282
4.44925
5.98458
4.95697
4.42399
5.97071
3.99157
4.03205
4.3575
4.41692
3.97417
5.95971
5.95151
6.01274
5.94472
4.40988
4.9714
5.04217
6.05602
4.40428
6.05017
4.36247
5.09011
4.9825
4.43204
5.04145
4.00247
4.4349
6.00282
4.03349
4.00635
4.00423
5.01558
6.02989
4.35344
5.09311
4.42021
4.4221
5.00141
6.07667
5.92988
6.0429
4.4188
4.01132
4.99789
4.35659
4.99648
6.03277
5.01772
5.022
5.02415
4.99157
4.96451
6.01701
5.03927
4.39498
5.96658
3.96245
3.98703
5.91386
5.00494
4.01523
4.98528
5.99297
5.96795
4.41504
3.99192
4.38667
4.97348
4.99367
5.01772
3.98912
4.96108
6.01274
6.01416
4.93458
4.36973
4.40708
6.01843
4.40148
4.98668
4.40941
5.92988
4.40754
5.9393
5.99297
5.03855
4.37338
4.39267
3.97002
4.42352
5.03927
3.99227
4.45504
6.0099
5.08636
4.98807
4.43204
4.37795
4.42399
4.97348
6.04872
5.96795
4.4507
4.02093
4.42493
4.44062
6.06779
4.00635
6.01558
4.42635
4.38575
4.98668
6.0458
4.36837
4.9604
4.41833
5.02129
5.04072
5.93795
4.35479
5.97902
6.07519
6.03277
4.40941
4.98458
5.0789
5.97486
4.40708
5.94336
5.97902
5.95834
6.01274
4.01025
5.00919
4.97279
4.95356
6.01132
3.99683
4.37795
5.94201
4.44829
4.43585
5.07148
4.97555
4.4368
5.98319
6.04145
5.00706
5.95697
4.04508
4.39777
5.0263
6.00706
5.99438
6.03566
5.99578
4.99789
5.99718
6.08412
4.40474
4.39869
6.06926
4.99367
5.01416
3.97937
4.02882
4.02165
5.94201
5.04362
4.42257
6.01416
4.38851
5.97348
4.97763
4.99227
5.94336
4.38621
3.97348
5.92854
4.40521
4.92452
4.45359
5.0099
5.94066
4.43109
5.91519
4.02989
4.98389
3.98145
4.97279
4.96658
5.01629
3.99297
5.022
5.99017
5.98877
6.04145
4.43395
4.96933
5
6.02559
4.43537
5.01345
6.04726
4.37795
5.00635
key space reduction: -0.192645
prob, dist: 
3.99968 13.7207
4.41368 30.6152
5.00091 28.4668
5.99653 27.1973
==============================================
Overall: 
The following is the probability distribution: 
Key reduction: -7.66374
106.875: 0.00243803
107.097: 0.013608
107.289: 0.00544002
107.29: 0.00487606
107.359: 0.00235158
107.511: 0.0303638
107.512: 0.027216
107.704: 0.01088
107.766: 0.00500785
107.773: 0.00524711
107.774: 0.00470315
107.875: 0.00487606
107.876: 0.00505826
107.926: 0.0607276
107.989: 0.0279516
108.092: 0.00204034
108.097: 0.027216
108.099: 0.028233
108.18: 0.0111741
108.181: 0.0100157
108.188: 0.0104942
108.25: 0.00483026
108.289: 0.01088
108.291: 0.0101165
108.359: 0.00470315
108.36: 0.00487889
108.403: 0.0623689
108.404: 0.0559032
108.502: 0.00863195
108.506: 0.00455264
108.507: 0.00408068
108.511: 0.0607276
108.514: 0.056466
108.595: 0.0223482
108.664: 0.0107779
108.665: 0.00966053
108.682: 0.0127781
108.724: 0.0481797
108.766: 0.0100157
108.767: 0.0103899
108.773: 0.0104942
108.775: 0.00975779
108.818: 0.124738
108.872: 0.00483268
108.875: 0.00487606
108.876: 0.0101165
108.916: 0.0192606
108.917: 0.0172639
108.921: 0.00910528
108.983: 0.00419096
108.985: 0.00832585
108.989: 0.0559032
108.99: 0.0579921
109.079: 0.0215557
109.092: 0.00408068
109.093: 0.00423316
109.094: 0.0269739
109.096: 0.0285119
109.097: 0.0527721
109.099: 0.056466
109.138: 0.107504
109.139: 0.0963595
109.18: 0.0223482
109.182: 0.0207799
109.25: 0.00966053
109.251: 0.0100215
109.287: 0.00966536
109.289: 0.01088
109.331: 0.0385212
109.355: 0.00466131
109.359: 0.00470315
109.36: 0.00975779
109.394: 0.0179228
109.397: 0.00935137
109.398: 0.00838193
109.399: 0.0185776
109.4: 0.0166517
109.403: 0.124738
109.405: 0.115984
109.502: 0.0172639
109.503: 0.017909
109.506: 0.00910528
109.508: 0.00846631
109.509: 0.0539478
109.511: 0.117751
109.553: 0.215009
109.573: 0.0262468
109.617: 0.100037
109.664: 0.0215557
109.666: 0.020043
109.675: 0.00219596
109.682: 0.0255561
109.683: 0.026511
109.719: 0.0072239
109.724: 0.0963595
109.725: 0.0999601
109.763: 0.00992659
109.766: 0.0100157
109.767: 0.0207799
109.77: 0.00932262
109.773: 0.0104942
109.808: 0.0399915
109.809: 0.0358456
109.812: 0.0187027
109.814: 0.0371552
109.872: 0.00966536
109.876: 0.0101165
109.878: 0.0172873
109.916: 0.0470873
109.918: 0.035818
109.983: 0.00838193
109.984: 0.00869513
109.985: 0.0720576
109.987: 0.0758389
109.988: 0.0524936
109.989: 0.0559032
109.99: 0.115984
110.031: 0.223215
110.032: 0.200075
110.089: 0.00894425
110.09: 0.00439191
110.092: 0.00408068
110.093: 0.00846631
110.094: 0.0539478
110.096: 0.0570238
110.098: 0.0530221
110.099: 0.056466
110.133: 0.0161188
110.134: 0.0144478
110.138: 0.215009
110.139: 0.047812
110.14: 0.19992
110.178: 0.0198532
110.18: 0.0223482
110.223: 0.079983
110.247: 0.00957458
110.25: 0.00966053
110.251: 0.020043
110.292: 0.0385734
110.293: 0.0345745
110.309: 0.0452412
110.33: 0.0191136
110.331: 0.0171321
110.355: 0.00932262
110.36: 0.00975779
110.382: 0.00863195
110.394: 0.0358456
110.396: 0.0371851
110.397: 0.0187027
110.399: 0.0545455
110.4: 0.119074
110.402: 0.151678
110.403: 0.124738
110.446: 0.44643
110.498: 0.0171103
110.502: 0.0172639
110.503: 0.035818
110.504: 0.0178885
110.506: 0.00910528
110.548: 0.0322376
110.553: 0.106684
110.554: 0.0956239
110.566: 0.00451061
110.573: 0.0524936
110.574: 0.0544551
110.604: 0.0481797
110.611: 0.0149992
110.617: 0.200075
110.618: 0.207551
110.662: 0.0191492
110.664: 0.0215557
110.675: 0.00439191
110.677: 0.00455603
110.679: 0.0253287
110.682: 0.0255561
110.683: 0.0530221
110.707: 0.0771467
110.719: 0.0144478
110.72: 0.0149877
110.721: 0.0955022
110.723: 0.100947
110.724: 0.186842
110.725: 0.19992
110.745: 0.0382272
110.763: 0.0198532
110.767: 0.0207799
110.796: 0.0192606
110.797: 0.0172639
110.808: 0.079983
110.811: 0.0743702
110.814: 0.0184358
110.815: 0.0165246
110.866: 0.00832585
110.872: 0.00966536
110.878: 0.0345745
110.879: 0.0358665
110.913: 0.0342206
110.916: 0.0556533
110.917: 0.0177723
110.968: 0.213367
110.98: 0.018372
110.982: 0.0255248
110.983: 0.00838193
110.984: 0.0173903
110.985: 0.127463
110.987: 0.151678
110.989: 0.135531
110.99: 0.115984
111.018: 0.107504
111.019: 0.0963595
111.025: 0.0334681
111.026: 0.0299985
111.031: 0.44643
111.033: 0.415101
111.089: 0.0178885
111.092: 0.00911205
111.093: 0.00846631
111.094: 0.104605
111.096: 0.0570238
111.133: 0.0394064
111.135: 0.0299753
111.136: 0.191004
111.138: 0.416903
111.139: 0.0956239
111.14: 0.099197
111.202: 0.0939359
111.211: 0.0385212
111.212: 0.148585
111.229: 0.0368716
111.247: 0.0191492
111.251: 0.020043
111.28: 0.0185776
111.281: 0.0166517
111.292: 0.0771467
111.294: 0.0717329
111.302: 0.00777488
111.309: 0.0904824
111.31: 0.0938634
111.33: 0.0382272
111.332: 0.0355446
111.355: 0.00932262
111.382: 0.0172639
111.383: 0.017909
111.391: 0.0355267
111.394: 0.0358456
111.395: 0.0166147
111.396: 0.0944994
111.397: 0.0517098
111.399: 0.0371552
111.4: 0.0165246
111.401: 0.0171421
111.403: 0.0593991
111.404: 0.0532413
111.433: 0.215009
111.44: 0.0669361
111.473: 0.0256767
111.498: 0.0342206
111.503: 0.035818
111.517: 0.00573267
111.547: 0.0159958
111.548: 0.0143375
111.553: 0.213367
111.555: 0.198394
111.566: 0.00902123
111.568: 0.00935832
111.57: 0.0520266
111.573: 0.0524936
111.574: 0.10891
111.599: 0.0072239
111.604: 0.0963595
111.606: 0.0999601
111.611: 0.0299985
111.613: 0.0311194
111.614: 0.198295
111.616: 0.209601
111.617: 0.387947
111.618: 0.415101
111.626: 0.33154
111.627: 0.29717
111.672: 0.00435284
111.675: 0.00439191
111.677: 0.00911205
111.679: 0.0506575
111.683: 0.0530221
111.695: 0.0371552
111.715: 0.0143193
111.716: 0.0173482
111.717: 0.0155498
111.719: 0.0144478
111.72: 0.0299753
111.721: 0.191004
111.723: 0.246791
111.725: 0.387647
111.74: 0.0319972
111.763: 0.0198532
111.796: 0.0385212
111.798: 0.035818
111.806: 0.0710535
111.808: 0.079983
111.814: 0.0368716
111.816: 0.0342841
111.818: 0.118798
111.866: 0.0166517
111.867: 0.0172739
111.875: 0.0342669
111.878: 0.0345745
111.879: 0.0717329
111.887: 0.0572928
111.888: 0.0513533
111.913: 0.0169797
111.916: 0.0171321
111.917: 0.0355446
111.931: 0.0127914
111.932: 0.0114653
111.962: 0.0319915
111.98: 0.0367439
111.982: 0.0330071
111.983: 0.0187166
111.984: 0.0173903
111.985: 0.214865
111.987: 0.151678
111.989: 0.0532413
111.99: 0.0552308
112.001: 0.00552938
112.013: 0.0161188
112.014: 0.0144478
112.018: 0.215009
112.021: 0.19992
112.025: 0.0669361
112.028: 0.0622389
112.029: 0.396589
112.031: 0.865632
112.041: 0.66308
112.057: 0.0130468
112.087: 0.00870568
112.089: 0.0178885
112.13: 0.0286385
112.131: 0.0346964
112.133: 0.0465751
112.134: 0.0148733
112.136: 0.0947732
112.137: 0.100177
112.138: 0.0897917
112.139: 0.0956239
112.14: 0.198394
112.154: 0.071396
112.155: 0.0639945
112.189: 0.0452412
112.195: 0.0161433
112.202: 0.187872
112.203: 0.194892
112.206: 0.0222783
112.212: 0.29717
112.213: 0.308274
112.247: 0.0191492
112.28: 0.109977
112.282: 0.0345478
112.29: 0.0685338
112.292: 0.0771467
112.302: 0.130135
112.303: 0.0161308
112.306: 0.0896774
112.309: 0.0904824
112.31: 0.187727
112.328: 0.0339594
112.33: 0.0382272
112.346: 0.0255828
112.379: 0.0171103
112.382: 0.0172639
112.383: 0.035818
112.391: 0.0710535
112.396: 0.0743702
112.397: 0.0163776
112.4: 0.0165246
112.401: 0.0342841
112.403: 0.118798
112.405: 0.110462
112.415: 0.0123378
112.416: 0.0110588
112.428: 0.0322376
112.471: 0.0291115
112.472: 0.0260935
112.473: 0.0513533
112.474: 0.0532722
112.498: 0.0342206
112.517: 0.0114653
112.518: 0.0118938
112.541: 0.0125841
112.547: 0.0319915
112.549: 0.0297465
112.551: 0.189546
112.552: 0.200354
112.553: 0.213367
112.563: 0.00894097
112.566: 0.00902123
112.568: 0.0187166
112.569: 0.142792
112.57: 0.104053
112.574: 0.10891
112.599: 0.0144478
112.6: 0.0149877
112.601: 0.0955022
112.603: 0.100947
112.604: 0.186842
112.606: 0.19992
112.608: 0.0297316
112.609: 0.0360207
112.61: 0.0322865
112.611: 0.0299985
112.613: 0.0622389
112.614: 0.396589
112.616: 0.419202
112.618: 0.804885
112.62: 0.0497099
112.621: 0.0445566
112.626: 0.66308
112.628: 0.616548
112.672: 0.00870568
112.677: 0.00911205
112.679: 0.0506575
112.684: 0.0204926
112.694: 0.162487
112.695: 0.145643
112.715: 0.0286385
112.716: 0.0346964
112.717: 0.00771553
112.718: 0.0322616
112.72: 0.0299753
112.721: 0.370359
112.723: 0.291687
112.725: 0.0931469
112.734: 0.00479755
112.74: 0.0639945
112.741: 0.0663857
112.794: 0.0342206
112.796: 0.0385212
112.797: 0.139522
112.812: 0.0327551
112.814: 0.0368716
112.83: 0.0246756
112.862: 0.0165036
112.866: 0.0166517
112.867: 0.0345478
112.875: 0.0685338
112.879: 0.0717329
112.886: 0.0582229
112.887: 0.114586
112.889: 0.106544
112.906: 0.114381
112.913: 0.0339594
112.917: 0.0355446
112.931: 0.0255828
112.934: 0.0237875
112.955: 0.0280791
112.956: 0.0251682
112.978: 0.0178819
112.98: 0.0367439
112.982: 0.0330071
112.986: 0.0527677
112.989: 0.0532413
112.99: 0.110462
113.001: 0.0110588
113.002: 0.011472
113.013: 0.0322376
113.015: 0.0299753
113.016: 0.191004
113.018: 0.416903
113.023: 0.0594632
113.024: 0.0720414
113.025: 0.0669361
113.035: 0.0994198
113.057: 0.0260935
113.058: 0.0270685
113.098: 0.0457256
113.099: 0.0409853
113.109: 0.324975
113.13: 0.01421
113.131: 0.0172158
113.132: 0.0154311
113.133: 0.0143375
113.134: 0.0297465
113.136: 0.189546
113.137: 0.200354
113.14: 0.384688
113.148: 0.0107049
113.149: 0.0095951
113.154: 0.142792
113.156: 0.132771
113.168: 0.019766
113.182: 0.00777488
113.189: 0.0904824
113.19: 0.0938634
113.195: 0.0322865
113.196: 0.0334929
113.198: 0.1862
113.202: 0.187872
113.203: 0.389784
113.206: 0.0445566
113.207: 0.0462215
113.209: 0.294526
113.211: 0.311319
113.212: 0.576215
113.213: 0.616548
113.274: 0.0109186
113.277: 0.0330071
113.28: 0.182798
113.281: 0.151085
113.299: 0.0154114
113.302: 0.0155498
113.303: 0.0322616
113.306: 0.179355
113.31: 0.187727
113.32: 0.25522
113.321: 0.228762
113.325: 0.0300457
113.37: 0.0561583
113.379: 0.0342206
113.383: 0.035818
113.391: 0.0710535
113.397: 0.0327551
113.401: 0.139819
113.403: 0.118798
113.415: 0.0246756
113.417: 0.022944
113.47: 0.0508965
113.471: 0.0582229
113.473: 0.0513533
113.474: 0.160682
113.513: 0.0914511
113.514: 0.0113633
113.517: 0.0114653
113.518: 0.0237875
113.541: 0.0251682
113.542: 0.0261087
113.545: 0.0284199
113.546: 0.0344316
113.547: 0.0319915
113.563: 0.0392917
113.568: 0.0187166
113.57: 0.104053
113.582: 0.0441041
113.583: 0.0395319
113.591: 0.0072482
113.596: 0.0316675
113.597: 0.0155498
113.599: 0.0144478
113.6: 0.0299753
113.601: 0.191004
113.603: 0.201895
113.605: 0.187727
113.606: 0.19992
113.608: 0.0594632
113.609: 0.0720414
113.611: 0.0669859
113.613: 0.43464
113.614: 0.396589
113.616: 0.419202
113.62: 0.0994198
113.622: 0.092443
113.624: 0.589052
113.626: 1.28572
113.672: 0.00870568
113.684: 0.0409853
113.685: 0.0425168
113.688: 0.0243628
113.689: 0.0218371
113.694: 0.324975
113.696: 0.302169
113.714: 0.0308228
113.715: 0.0286385
113.716: 0.0346964
113.717: 0.0154311
113.718: 0.0160077
113.72: 0.0889928
113.723: 0.0897917
113.725: 0.186294
113.734: 0.0095951
113.735: 0.520394
113.737: 0.0634251
113.739: 0.0670414
113.74: 0.124086
113.741: 0.132771
113.79: 0.0239775
113.797: 0.279045
113.798: 0.289472
113.814: 0.0404563
113.862: 0.0330071
113.865: 0.0683798
113.867: 0.0345478
113.875: 0.0685338
113.885: 0.101793
113.887: 0.114586
113.901: 0.0171499
113.906: 0.228762
113.908: 0.23731
113.913: 0.0339594
113.929: 0.0227267
113.931: 0.0255828
113.955: 0.0561583
113.957: 0.0522173
113.986: 0.105535
113.99: 0.110462
113.997: 0.0882082
113.998: 0.0109604
114.001: 0.0110588
114.002: 0.022944
114.005: 0.016173
114.007: 0.0144964
114.011: 0.0633349
114.013: 0.0322376
114.054: 0.0258614
114.057: 0.0260935
114.058: 0.0541371
114.075: 0.00699117
114.098: 0.0914511
114.1: 0.0850335
114.103: 0.0487256
114.13: 0.0284199
114.131: 0.0344316
114.133: 0.0320153
114.134: 0.0297465
114.135: 0.177986
114.136: 0.194752
114.137: 0.200354
114.148: 0.0214097
114.151: 0.0199073
114.152: 0.12685
114.154: 0.276875
114.168: 0.0395319
114.169: 0.0410091
114.182: 0.0155498
114.184: 0.0161308
114.186: 0.0896774
114.189: 0.0904824
114.19: 0.187727
114.192: 0.0319993
114.195: 0.0322865
114.196: 0.0669859
114.198: 0.372401
114.203: 0.433944
114.204: 0.0535013
114.205: 0.047955
114.206: 0.0445566
114.207: 0.092443
114.209: 0.589052
114.211: 0.622638
114.213: 1.19549
114.228: 0.0902708
114.229: 0.0809125
114.274: 0.0218371
114.275: 0.0226531
114.277: 0.144347
114.279: 0.152577
114.28: 0.282402
114.281: 0.302169
114.299: 0.0308228
114.303: 0.0322616
114.306: 0.179355
114.315: 0.0382668
114.316: 0.0342997
114.318: 0.00516347
114.32: 0.51044
114.323: 0.47462
114.325: 0.0600914
114.326: 0.0623368
114.359: 0.029055
114.379: 0.0342206
114.397: 0.0327551
114.413: 0.0219208
114.415: 0.0246756
114.421: 0.0323461
114.469: 0.0517227
114.47: 0.101793
114.471: 0.0582229
114.474: 0.106544
114.489: 0.0155995
114.49: 0.0139823
114.491: 0.107405
114.514: 0.0227267
114.518: 0.0237875
114.538: 0.0249443
114.541: 0.0251682
114.542: 0.0522173
114.55: 0.0116152
114.551: 0.0104111
114.563: 0.0178819
114.582: 0.0882082
114.584: 0.0820181
114.591: 0.0144964
114.593: 0.0150381
114.596: 0.0633349
114.599: 0.0322616
114.6: 0.0299753
114.601: 0.370359
114.603: 0.201895
114.607: 0.0639985
114.608: 0.0594632
114.609: 0.0720414
114.618: 0.0883203
114.619: 0.107003
114.62: 0.104441
114.643: 0.180542
114.666: 0.00448071
114.681: 0.0406206
114.684: 0.0409853
114.685: 0.0850335
114.688: 0.0487256
114.691: 0.0453062
114.692: 0.288694
114.694: 0.630129
114.714: 0.0152938
114.717: 0.0154311
114.718: 0.0320153
114.72: 0.177986
114.725: 0.186294
114.73: 0.0765336
114.731: 0.00950974
114.732: 0.0115213
114.733: 0.0103269
114.734: 0.0095951
114.735: 0.0199073
114.737: 0.12685
114.739: 0.134083
114.741: 0.257445
114.773: 0.0648308
114.774: 0.0581099
114.79: 0.047955
114.791: 0.0497469
114.793: 0.276562
114.797: 0.279045
114.798: 0.578944
114.808: 0.00606587
114.814: 0.0809125
114.815: 0.083936
114.858: 0.0117513
114.862: 0.0330071
114.865: 0.13676
114.866: 0.14187
114.889: 0.0250093
114.901: 0.0342997
114.902: 0.0355814
114.903: 0.226727
114.904: 0.031199
114.905: 0.239654
114.906: 0.443571
114.908: 0.47462
114.953: 0.0498886
114.955: 0.0561583
114.965: 0.0232304
114.986: 0.105535
114.998: 0.0219208
115.002: 0.022944
115.005: 0.0323461
115.008: 0.0300762
115.034: 0.0112033
115.035: 0.0100419
115.054: 0.0517227
115.058: 0.0541371
115.075: 0.0139823
115.077: 0.0145048
115.08: 0.00999787
115.081: 0.00896141
115.096: 0.0812413
115.098: 0.0914511
115.129: 0.0305875
115.13: 0.0284199
115.131: 0.0344316
115.136: 0.0104111
115.137: 0.0108001
115.146: 0.0190195
115.147: 0.0230427
115.148: 0.0214097
115.15: 0.00432182
115.164: 0.0391802
115.168: 0.0395319
115.169: 0.0820181
115.179: 0.0154114
115.182: 0.0155498
115.184: 0.0322616
115.186: 0.179355
115.188: 0.129662
115.19: 0.187727
115.192: 0.0639985
115.196: 0.0669859
115.198: 0.372401
115.203: 0.0883203
115.204: 0.107003
115.206: 0.0994937
115.207: 0.092443
115.208: 0.553125
115.209: 0.589052
115.211: 0.622638
115.222: 0.0135349
115.224: 0.0121317
115.228: 0.180542
115.23: 0.167872
115.271: 0.0216429
115.272: 0.026221
115.273: 0.0235027
115.274: 0.0218371
115.275: 0.0453062
115.277: 0.288694
115.279: 0.305154
115.281: 0.585909
115.299: 0.0308228
115.303: 0.0558037
115.304: 0.0500187
115.315: 0.0765336
115.317: 0.0711628
115.318: 0.46378
115.319: 0.0107128
115.32: 0.989748
115.321: 0.0595567
115.325: 0.0600914
115.326: 0.124674
115.353: 0.0043564
115.359: 0.0581099
115.36: 0.0602813
115.399: 0.0379888
115.449: 0.0224066
115.47: 0.101793
115.484: 0.0184579
115.489: 0.031199
115.491: 0.214809
115.492: 0.251846
115.495: 0.0199957
115.514: 0.0227267
115.538: 0.0498886
115.542: 0.0522173
115.55: 0.0232304
115.552: 0.0216002
115.564: 0.00964334
115.565: 0.00864363
115.579: 0.0783604
115.582: 0.0882082
115.588: 0.0143674
115.591: 0.0144964
115.593: 0.0300762
115.594: 0.0308228
115.595: 0.000922498
115.596: 0.0633349
115.62: 0.0100419
115.621: 0.0104171
115.638: 0.0270698
115.666: 0.00896141
115.668: 0.00929627
115.681: 0.0812413
115.685: 0.0850335
115.686: 0.0432857
115.687: 0.0524419
115.688: 0.0487256
115.714: 0.0305875
115.718: 0.143623
115.72: 0.177986
115.731: 0.0190195
115.732: 0.0230427
115.734: 0.0214256
115.735: 0.0199073
115.736: 0.119113
115.737: 0.12685
115.739: 0.134083
115.767: 0.0097205
115.768: 0.0087128
115.773: 0.129662
115.775: 0.120563
115.787: 0.0475283
115.79: 0.047955
115.791: 0.0994937
115.793: 0.553125
115.798: 0.578944
115.808: 0.0121317
115.81: 0.0125851
115.811: 0.0801927
115.813: 0.084765
115.814: 0.15689
115.815: 0.167872
115.818: 0.00514898
115.858: 0.0235027
115.859: 0.0243809
115.861: 0.135543
115.865: 0.13676
115.866: 0.28374
115.883: 0.00374981
115.889: 0.0500187
115.89: 0.0518877
115.898: 0.07518
115.899: 0.0369158
115.901: 0.0342997
115.902: 0.0711628
115.903: 0.453453
115.905: 0.479308
115.907: 0.445672
115.908: 0.47462
115.943: 0.0272829
115.979: 0.0192867
115.998: 0.0219208
116.003: 0.0287349
116.005: 0.0323461
116.009: 0.00205839
116.01: 0.001845
116.034: 0.0224066
116.036: 0.0208342
116.054: 0.0517227
116.072: 0.0138579
116.075: 0.0139823
116.077: 0.0290096
116.079: 0.000889786
116.08: 0.0199957
116.083: 0.0185925
116.133: 0.0103184
116.136: 0.0104111
116.137: 0.0216002
116.15: 0.00864363
116.151: 0.00896661
116.164: 0.0783604
116.169: 0.0820181
116.179: 0.0308228
116.182: 0.019441
116.184: 0.0322616
116.186: 0.179355
116.192: 0.0639985
116.202: 0.0950566
116.203: 0.0883203
116.204: 0.107003
116.222: 0.0270698
116.225: 0.0251701
116.226: 0.160385
116.228: 0.350072
116.232: 0.011489
116.233: 0.010298
116.271: 0.0432857
116.272: 0.0524419
116.274: 0.0487618
116.275: 0.0453062
116.276: 0.271086
116.277: 0.288694
116.279: 0.305154
116.297: 0.00836702
116.298: 0.00749962
116.303: 0.111607
116.305: 0.103775
116.313: 0.15036
116.315: 0.0867686
116.318: 0.0103269
116.319: 0.0214256
116.321: 0.119113
116.326: 0.124674
116.353: 0.0087128
116.354: 0.00903836
116.356: 0.0575929
116.357: 0.0608767
116.358: 0.0545657
116.359: 0.0581099
116.36: 0.120563
116.392: 0.00652852
116.399: 0.0759776
116.4: 0.0788166
116.424: 0.00411677
116.474: 0.023484
116.484: 0.0369158
116.486: 0.0382952
116.487: 0.0277159
116.488: 0.212898
116.489: 0.031199
116.491: 0.214809
116.492: 0.445672
116.493: 0.00198539
116.494: 0.00177957
116.538: 0.0498886
116.548: 0.0206369
116.55: 0.0232304
116.564: 0.0192867
116.566: 0.0179332
116.588: 0.0287349
116.593: 0.0300762
116.595: 0.001845
116.597: 0.00191394
116.617: 0.00995253
116.62: 0.0100419
116.621: 0.0208342
116.647: 0.022978
116.663: 0.00888168
116.666: 0.00896141
116.668: 0.0185925
116.681: 0.0812413
116.712: 0.016734
116.714: 0.0305875
116.73: 0.0204701
116.731: 0.0190195
116.732: 0.0230427
116.767: 0.019441
116.769: 0.0180767
116.771: 0.115186
116.772: 0.121753
116.773: 0.129662
116.787: 0.0950566
116.791: 0.0994937
116.793: 0.553125
116.805: 0.0120238
116.806: 0.0145672
116.807: 0.013057
116.808: 0.0121317
116.81: 0.0251701
116.811: 0.160385
116.812: 0.00077202
116.813: 0.16953
116.815: 0.325505
116.818: 0.010298
116.819: 0.0106828
116.855: 0.0232936
116.858: 0.0235027
116.859: 0.0487618
116.861: 0.271086
116.866: 0.28374
116.883: 0.00749962
116.885: 0.00777986
116.886: 0.0495737
116.888: 0.0524002
116.889: 0.0969866
116.89: 0.103775
116.898: 0.15036
116.901: 0.0765905
116.902: 0.0711628
116.903: 0.87925
116.905: 0.479308
116.908: 0.00397079
116.937: 0.00468867
116.943: 0.0545657
116.945: 0.0566047
117.009: 0.00411677
117.012: 0.00382788
117.032: 0.0199051
117.034: 0.0224066
117.072: 0.0277159
117.077: 0.0290096
117.078: 0.0177634
117.079: 0.00177957
117.08: 0.0218418
117.133: 0.0206369
117.137: 0.0216002
117.147: 0.00856673
117.15: 0.00864363
117.151: 0.0179332
117.164: 0.0783604
117.179: 0.0308228
117.22: 0.0240476
117.221: 0.0291344
117.222: 0.0270698
117.226: 0.00172262
117.227: 0.00154404
117.232: 0.022978
117.234: 0.0213655
117.27: 0.0465872
117.271: 0.0432857
117.272: 0.0524419
117.297: 0.016734
117.3: 0.0155597
117.301: 0.0991473
117.303: 0.216408
117.315: 0.0204701
117.319: 0.0214256
117.321: 0.119113
117.35: 0.00863528
117.351: 0.0104619
117.352: 0.00937733
117.353: 0.0087128
117.354: 0.0180767
117.356: 0.115186
117.357: 0.121753
117.36: 0.233772
117.392: 0.013057
117.393: 0.0135449
117.396: 0.0753016
117.399: 0.0759776
117.4: 0.157633
117.403: 0.00483494
117.467: 0.00403581
117.474: 0.046968
117.475: 0.048723
117.481: 0.0365874
117.484: 0.0369158
117.486: 0.0765905
117.488: 0.425797
117.492: 0.445672
117.493: 0.00397079
117.495: 0.00369214
117.562: 0.0171335
117.564: 0.0192867
117.588: 0.0287349
117.592: 0.00182858
117.595: 0.001845
117.597: 0.00382788
117.617: 0.0199051
117.621: 0.0208342
117.641: 0.00344524
117.663: 0.0177634
117.668: 0.0185925
117.765: 0.0172706
117.766: 0.0209238
117.767: 0.019441
117.787: 0.0950566
117.805: 0.0240476
117.806: 0.0291344
117.808: 0.0270899
117.81: 0.0251701
117.811: 0.310989
117.812: 0.00154404
117.813: 0.16953
117.814: 0.00160174
117.815: 0.0102063
117.817: 0.0107883
117.818: 0.0199678
117.819: 0.0213655
117.855: 0.0465872
117.859: 0.0487618
117.861: 0.271086
117.88: 0.0074329
117.881: 0.00900518
117.882: 0.00807163
117.883: 0.00749962
117.885: 0.0155597
117.886: 0.0991473
117.888: 0.1048
117.89: 0.201221
117.896: 0.0731748
117.898: 0.15036
117.937: 0.00937733
117.938: 0.00972773
117.94: 0.0540803
117.943: 0.0545657
117.945: 0.113209
118.007: 0.00365716
118.009: 0.00411677
118.072: 0.0277159
118.076: 0.00176374
118.079: 0.00177957
118.08: 0.00369214
118.133: 0.0206369
118.147: 0.0171335
118.151: 0.0179332
118.226: 0.00344524
118.229: 0.00320347
118.23: 0.0204127
118.232: 0.0445546
118.295: 0.0148658
118.296: 0.0180104
118.297: 0.016734
118.315: 0.0204701
118.35: 0.0172706
118.351: 0.0209238
118.353: 0.0194555
118.354: 0.0180767
118.355: 0.108161
118.356: 0.115186
118.357: 0.121753
118.389: 0.0129409
118.392: 0.013057
118.393: 0.0270899
118.396: 0.151434
118.4: 0.157633
118.403: 0.00966988
118.404: 0.0100312
118.467: 0.00807163
118.468: 0.00837324
118.471: 0.0465501
118.474: 0.046968
118.475: 0.097446
118.481: 0.0731748
118.486: 0.0765905
118.488: 0.425797
118.491: 0.00352748
118.493: 0.00397079
118.592: 0.00365716
118.597: 0.00382788
118.617: 0.0199051
118.663: 0.0177634
118.804: 0.0258818
118.805: 0.0240476
118.806: 0.0291344
118.809: 0.0015303
118.81: 0.00185401
118.811: 0.00166181
118.812: 0.00154404
118.814: 0.00320347
118.815: 0.0204127
118.817: 0.0215766
118.819: 0.0414279
118.855: 0.0465872
118.88: 0.0148658
118.881: 0.0180104
118.883: 0.0167465
118.885: 0.0155597
118.886: 0.192248
118.888: 0.1048
118.934: 0.0092939
118.937: 0.00937733
118.938: 0.0194555
118.94: 0.108161
118.945: 0.113209
119.076: 0.00352748
119.08: 0.00369214
119.147: 0.0171335
119.224: 0.00306061
119.225: 0.00370801
119.226: 0.00344524
119.349: 0.0185878
119.35: 0.0172706
119.351: 0.0209238
119.389: 0.0258818
119.393: 0.0270899
119.396: 0.152265
119.397: 0.0017239
119.399: 0.00958384
119.403: 0.00966988
119.404: 0.0200624
119.464: 0.00799981
119.467: 0.00807163
119.468: 0.0167465
119.471: 0.0931002
119.475: 0.097446
119.481: 0.0731748
119.592: 0.00365716
119.809: 0.00306061
119.81: 0.00370801
119.812: 0.0034478
119.814: 0.0223712
119.815: 0.0204127
119.817: 0.0215766
119.879: 0.0159996
119.88: 0.0148658
119.881: 0.0180104
119.934: 0.0185878
119.938: 0.0194555
119.94: 0.108161
120.076: 0.00352748
120.389: 0.0258818
120.393: 0.00164702
120.396: 0.00166181
120.397: 0.0034478
120.399: 0.0191677
120.404: 0.0200624
120.464: 0.0159996
120.468: 0.0167465
120.471: 0.0931002
120.808: 0.00329404
120.809: 0.00306061
120.81: 0.00370801
120.934: 0.0185878
121.393: 0.00329404
121.397: 0.0034478
121.399: 0.0191677
121.464: 0.0159996
122.393: 0.00329404
==============================================
