original prob: 123
probability if we exclude those that are not involved in any constraints: 123
00,00,80,00, 00,00,02,00, 00,00,02,00, 00,00,02,00, 00,00,00,00,
00,00,00,00, 00,00,00,00, 00,00,00,00, 00,00,00,00, 00,00,02,00,
00,00,00,00, 00,00,00,00, 00,00,00,00, 00,00,00,00, 00,00,00,00,
00,00,00,80, 00,00,00,02, 00,00,00,02, 00,00,02,00, 00,00,02,00,

00,00,00,00, 00,00,01,00, 00,00,01,00, 00,00,01,00, 00,00,00,00,
00,00,00,00, 00,00,00,00, 00,00,00,00, 00,00,00,00, 00,00,01,00,
00,00,00,00, 00,00,00,00, 00,00,00,00, 00,00,00,00, 00,00,00,00,
00,00,00,00, 00,00,00,01, 00,00,00,01, 00,00,01,00, 00,00,00,00,

-------------------------------------------------------
00,00,00,00, 00,00,00,00, 00,00,00,00, 00,00,00,00, 00,09,00,00,
00,00,02,00, 00,00,08,00, 00,00,08,00, 00,00,00,08, 00,00,00,00,
00,00,00,00, 00,00,00,00, 00,00,00,00, 00,00,00,00, 00,00,00,08,
00,00,02,00, 00,00,09,00, 00,00,09,00, 00,09,00,00, 00,00,00,00,

00,00,00,00, 00,00,00,00, 00,00,00,00, 00,00,00,00, 00,00,00,00,
00,00,01,00, 00,00,01,00, 00,00,01,00, 00,00,00,01, 00,00,00,00,
00,00,00,00, 00,00,00,00, 00,00,00,00, 00,00,00,00, 00,00,00,00,
00,00,00,00, 00,00,01,00, 00,00,01,00, 00,01,00,00, 00,00,00,00,

-------------------------------------------------------
00,09,00,00, 00,10,00,00, 00,10,00,00, 00,10,00,00, 00,00,00,00,
00,00,00,00, 00,00,00,00, 00,00,00,00, 00,00,00,00, 00,10,00,00,
00,00,00,08, 00,00,00,10, 00,00,00,10, 00,10,00,00, 00,10,00,00,
00,00,00,00, 00,00,00,00, 00,00,00,00, 00,00,00,00, 00,00,00,00,

00,00,00,00, 00,01,00,00, 00,01,00,00, 00,01,00,00, 00,00,00,00,
00,00,00,00, 00,00,00,00, 00,00,00,00, 00,00,00,00, 00,01,00,00,
00,00,00,00, 00,00,00,01, 00,00,00,01, 00,01,00,00, 00,00,00,00,
00,00,00,00, 00,00,00,00, 00,00,00,00, 00,00,00,00, 00,01,00,00,

-------------------------------------------------------
00,00,00,00, 00,00,00,00, 00,00,00,00, 00,00,00,00, 00,00,00,40,
00,10,00,00, 00,50,00,00, 00,50,00,00, 00,00,50,00, 00,00,00,00,
00,10,00,00, 00,40,00,00, 00,40,00,00, 00,00,00,40, 00,00,50,40,
00,00,00,00, 00,00,00,00, 00,00,00,00, 00,00,00,00, 00,00,00,40,

00,00,00,00, 00,00,00,00, 00,00,00,00, 00,00,00,00, 00,00,00,00,
00,01,00,00, 00,01,00,00, 00,01,00,00, 00,00,01,00, 00,00,00,00,
00,00,00,00, 00,01,00,00, 00,01,00,00, 00,00,00,01, 00,00,00,00,
00,01,00,00, 00,01,00,00, 00,01,00,00, 01,00,00,00, 00,00,00,00,

-------------------------------------------------------
00,00,00,40, 00,00,00,04, 00,00,00,04, 00,00,00,04, 04,04,04,04,
00,00,00,00, 00,00,00,00, 00,00,00,00, 00,00,00,00, 00,00,00,04,
00,00,50,40, 00,00,04,04, 00,00,04,04, 04,04,00,00, 04,04,00,00,
00,00,00,40, 00,00,00,04, 00,00,00,04, 00,00,04,00, 04,04,00,04,

00,00,00,00, 00,00,00,01, 00,00,00,01, 00,00,00,01, 00,00,00,00,
00,00,00,00, 00,00,00,00, 00,00,00,00, 00,00,00,00, 00,00,00,01,
00,00,00,00, 00,00,01,01, 00,00,01,01, 01,01,00,00, 00,00,00,00,
00,00,00,00, 00,00,00,01, 00,00,00,01, 00,00,01,00, 00,00,00,00,

-------------------------------------------------------
04,04,04,04, 05,05,05,01, 05,05,05,01, 05,05,05,01, 04,05,05,05,
00,00,00,04, 00,00,00,01, 00,00,00,01, 01,00,00,00, 05,05,05,01,
04,04,00,00, 05,05,00,00, 05,05,00,00, 00,00,05,05, 01,00,05,05,
04,04,00,04, 01,01,00,05, 01,01,00,05, 01,00,05,01, 05,05,00,04,

00,00,00,00, 01,01,01,01, 01,01,01,01, 01,01,01,01, 00,00,01,01,
00,00,00,01, 00,00,00,01, 00,00,00,01, 01,00,00,00, 01,01,01,01,
00,00,00,00, 01,01,00,00, 01,01,00,00, 00,00,01,01, 00,00,00,00,
00,00,00,00, 01,01,00,01, 01,01,00,01, 01,00,01,01, 00,00,01,01,

-------------------------------------------------------
04,05,05,05, 01,01,21,01, 01,01,21,01, 01,01,21,01, 01,00,00,00,
05,05,05,01, 01,01,01,20, 01,01,01,20, 20,01,01,01, 01,01,21,01,
01,00,05,05, 20,00,01,01, 20,00,01,01, 01,01,20,00, 21,00,21,01,
05,05,00,04, 01,01,00,01, 01,01,00,01, 01,00,01,01, 00,00,01,01,

00,00,01,01, 01,01,01,01, 01,01,01,01, 01,01,01,01, 01,01,01,00,
01,01,01,01, 01,01,01,01, 01,01,01,01, 01,01,01,01, 01,01,01,01,
00,00,00,00, 01,00,01,01, 01,00,01,01, 01,01,01,00, 01,01,01,00,
00,00,01,01, 01,01,01,01, 01,01,01,01, 01,01,01,01, 01,01,01,00,

-------------------------------------------------------
01,00,00,00, 20,00,00,00, 20,00,00,00, 20,00,00,00, 00,00,00,00,
01,01,21,01, 20,20,20,20, 20,20,20,20, 20,20,20,20, 20,00,00,00,
21,00,21,01, 20,00,20,20, 20,00,20,20, 20,20,20,00, 00,00,00,20,
00,00,01,01, 00,00,20,20, 00,00,20,20, 00,20,20,00, 00,20,20,00,

01,01,01,00, 01,01,01,00, 01,01,01,00, 01,01,01,00, 01,01,01,00,
01,01,01,01, 01,01,01,01, 01,01,01,01, 01,01,01,01, 01,01,01,00,
01,01,01,00, 01,01,01,01, 01,01,01,01, 01,01,01,01, 01,01,01,01,
01,01,01,00, 01,01,01,01, 01,01,01,01, 01,01,01,01, 01,01,01,00,

-------------------------------------------------------
00,00,00,00, 00,00,00,00, 00,00,00,00, 00,00,00,00, 80,00,00,00,
20,00,00,00, 90,00,00,00, 90,00,00,00, 00,90,00,00, 00,00,00,00,
00,00,00,20, 00,00,00,90, 00,00,00,90, 00,90,00,00, 00,00,00,00,
00,20,20,00, 00,80,90,00, 00,80,90,00, 80,90,00,00, 00,90,00,00,

01,01,01,00, 01,01,01,00, 01,01,01,00, 01,01,01,00, 01,01,00,00,
01,01,01,00, 01,01,01,00, 01,01,01,00, 00,01,01,01, 01,01,01,00,
01,01,01,01, 01,01,01,01, 01,01,01,01, 01,01,01,01, 00,01,01,01,
01,01,01,00, 01,01,01,00, 01,01,01,00, 01,01,00,01, 01,01,01,00,

-------------------------------------------------------
80,00,00,00, 02,00,00,00, 02,00,00,00, 02,00,00,00, 00,00,00,00,
00,00,00,00, 00,00,00,00, 00,00,00,00, 00,00,00,00, 02,00,00,00,
00,00,00,00, 00,00,00,00, 00,00,00,00, 00,00,00,00, 00,00,00,00,
00,90,00,00, 00,02,00,00, 00,02,00,00, 02,00,00,00, 02,00,00,00,

01,01,00,00, 01,01,00,00, 01,01,00,00, 01,01,00,00, 01,01,00,00,
01,01,01,00, 01,01,01,00, 01,01,01,00, 00,01,01,01, 01,01,00,00,
00,01,01,01, 00,01,01,01, 00,01,01,01, 01,01,00,01, 00,01,00,01,
01,01,01,00, 01,01,01,00, 01,01,01,00, 01,01,00,01, 01,01,00,00,

-------------------------------------------------------
00,00,00,00, 00,00,00,00, 00,00,00,00, 00,00,00,00, 00,00,00,08,
02,00,00,00, 08,00,00,00, 08,00,00,00, 00,08,00,00, 00,00,00,00,
00,00,00,00, 00,00,00,00, 00,00,00,00, 00,00,00,00, 00,08,00,00,
02,00,00,00, 08,00,00,00, 08,00,00,00, 00,00,00,08, 00,00,00,00,

01,01,00,00, 01,01,00,00, 01,01,00,00, 01,01,00,00, 00,00,00,00,
01,01,00,00, 01,01,00,00, 01,01,00,00, 00,01,01,00, 01,01,00,00,
00,01,00,01, 00,01,00,01, 00,01,00,01, 00,01,00,01, 00,01,00,00,
01,01,00,00, 01,01,00,00, 01,01,00,00, 01,00,00,01, 00,01,00,00,

-------------------------------------------------------
00,00,00,08, 00,00,00,10, 00,00,00,10, 00,00,00,10, 00,00,00,00,
00,00,00,00, 00,00,00,00, 00,00,00,00, 00,00,00,00, 00,00,00,10,
00,08,00,00, 00,10,00,00, 00,10,00,00, 00,00,00,10, 00,00,00,10,
00,00,00,00, 00,00,00,00, 00,00,00,00, 00,00,00,00, 00,00,00,00,

00,00,00,00, 00,00,00,01, 00,00,00,01, 00,00,00,01, 00,00,00,00,
01,01,00,00, 01,01,00,00, 01,01,00,00, 00,01,01,00, 00,00,00,01,
00,01,00,00, 00,01,00,00, 00,01,00,00, 00,00,00,01, 00,00,00,00,
00,01,00,00, 00,01,00,00, 00,01,00,00, 01,00,00,00, 00,00,00,01,

-------------------------------------------------------
00,00,00,00, 00,00,00,00, 00,00,00,00, 00,00,00,00, 00,40,00,00,
00,00,00,10, 00,00,00,40, 00,00,00,40, 40,00,00,00, 00,00,00,00,
00,00,00,10, 00,00,00,40, 00,00,00,40, 00,40,00,00, 40,40,00,00,
00,00,00,00, 00,00,00,00, 00,00,00,00, 00,00,00,00, 00,40,00,00,

00,00,00,00, 00,00,00,00, 00,00,00,00, 00,00,00,00, 00,00,00,00,
00,00,00,01, 00,00,00,01, 00,00,00,01, 01,00,00,00, 00,00,00,00,
00,00,00,00, 00,00,00,01, 00,00,00,01, 00,01,00,00, 00,00,00,00,
00,00,00,01, 00,00,00,01, 00,00,00,01, 00,00,01,00, 00,00,00,00,

-------------------------------------------------------
The constraints are (in the form of (round, position, input_diff, output_diff)
The number infront of each constraint corresponds to the grouping that each constraint falls under.
Each group is treated as independent in this computation
Some constraints may have more than one group identity. These groups have to be considered together
1 (0,2,80,2) (1,6,2,8) linear
5 (2,1,9,10) (3,5,10,50) linear
2 (4,3,40,4) (5,7,4,1) linear
d (5,2,4,5) (5,8,4,5) (5,f,4,5) (6,2,5,21) linear
8 (5,3,4,1) (5,9,4,5) (5,c,4,1) (6,3,5,1) linear
e (5,0,4,5) (6,4,5,1) linear
c (5,1,4,5) (6,5,5,1) linear
d (5,2,4,5) (6,6,5,1) linear
8 (5,3,4,1) (6,7,1,20) linear
8 (5,3,4,1) (5,9,4,5) (6,f,4,1) linear
6 (6,0,4,1) (6,a,5,1) (6,d,5,1) (7,0,1,20) linear
6 (6,0,4,1) (7,4,1,20) linear
4 (6,1,5,1) (7,5,1,20) linear
5 (6,2,5,21) (7,6,21,20) linear
0 (6,3,5,1) (7,7,1,20) linear
2 (6,7,1,20) (6,a,5,1) (7,8,21,20) linear
1 (6,5,5,1) (6,8,1,20) (7,a,21,20) linear
5 (6,2,5,21) (6,8,1,20) (7,e,1,20) linear
c (7,0,1,20) (8,4,20,90) linear
b 3 (7,6,21,20) (6,4,5,1) (6,b,5,1) (7,9,0,0) (8,b,20,90) nonlinear
4 d a (6,1,5,1) (6,b,5,1) (5,2,4,5) (5,8,4,5) (6,e,0,0) (7,1,0,0) (7,b,1,20) (8,d,20,80) nonlinear
5 e (6,2,5,21) (6,8,1,20) (6,f,4,1) (7,2,0,0) (7,8,21,20) (8,e,20,90) nonlinear
c 4 4 f (7,0,1,20) (7,a,21,20) (6,1,5,1) (6,b,5,1) (7,d,0,0) (8,0,0,0) (7,5,1,20) (7,8,21,20) (8,a,0,0) (8,d,20,80) (9,0,80,2) nonlinear
4 d a 2 (6,1,5,1) (6,b,5,1) (5,2,4,5) (5,8,4,5) (6,e,0,0) (7,1,0,0) (7,b,1,20) (7,e,1,20) (8,1,0,0) (8,b,20,90) (9,d,90,2) nonlinear
a (9,0,80,2) (a,4,2,8) linear
a 4 d a 7 8 (9,0,80,2) (6,1,5,1) (6,b,5,1) (5,2,4,5) (5,8,4,5) (6,e,0,0) (7,1,0,0) (8,5,0,0) (7,7,1,20) (7,a,21,20) (8,8,0,0) (9,a,0,0) (a,c,2,8) nonlinear
6 5 e 6 d 5 (a,4,2,8) (6,2,5,21) (6,8,1,20) (6,f,4,1) (7,2,0,0) (7,8,21,20) (7,f,1,20) (8,2,0,0) (9,6,0,0) (8,4,20,90) (8,b,20,90) (9,9,0,0) (a,b,0,0) (b,9,8,10) nonlinear
b (b,3,8,10) (c,7,10,40) linear
a e (5,d,4,1) (5,7,4,1) (5,0,4,5) (6,8,1,20) (6,0,4,1)  higher-order linear
(5,d,4,1) (6,c,5,1) (6,0,4,1)  higher-order linear
a e (5,7,4,1) (5,0,4,5) (6,c,5,1) (6,8,1,20)  higher-order linear
e (5,d,4,1) (5,0,4,5) (6,c,5,1) (6,4,5,1) (6,0,4,1)  higher-order linear
a (5,7,4,1) (6,c,5,1) (6,8,1,20) (6,4,5,1)  higher-order linear
(5,f,4,5) (5,8,4,5) (6,6,5,1) (6,2,5,21)  higher-order linear
(5,c,4,1) (5,9,4,5) (6,7,1,20) (6,3,5,1)  higher-order linear
(5,c,4,1) (6,f,4,1) (6,3,5,1)  higher-order linear
(5,9,4,5) (6,f,4,1) (6,7,1,20)  higher-order linear
8 (5,c,4,1) (5,3,4,1) (6,f,4,1) (6,7,1,20) (6,3,5,1)  higher-order linear
(6,d,5,1) (6,a,5,1) (7,4,1,20) (7,0,1,20)  higher-order linear
2 6 (6,d,5,1) (6,7,1,20) (6,0,4,1) (7,8,21,20) (7,0,1,20)  higher-order linear
2 6 (6,a,5,1) (6,7,1,20) (6,0,4,1) (7,8,21,20) (7,4,1,20)  higher-order linear
2 (6,d,5,1) (6,a,5,1) (6,7,1,20) (7,8,21,20) (7,4,1,20) (7,0,1,20)  higher-order linear
1 5 (6,8,1,20) (6,5,5,1) (6,2,5,21) (7,a,21,20) (7,6,21,20)  higher-order linear
(6,8,1,20) (7,e,1,20) (7,6,21,20)  higher-order linear
1 5 (6,5,5,1) (6,2,5,21) (7,e,1,20) (7,a,21,20)  higher-order linear
1 (6,5,5,1) (7,e,1,20) (7,a,21,20) (7,6,21,20)  higher-order linear
7 0 (6,6,5,1) (6,3,5,1) (7,f,1,20) (7,b,1,20)  higher-order linear
7 (6,6,5,1) (7,f,1,20) (7,b,1,20) (7,7,1,20)  higher-order linear


This characteristic is not possible due to the following constraint.
(5,f,4,5) (5,8,4,5) (6,6,5,1) (6,2,5,21) 
