original prob: 73
probability if we exclude those that are not involved in any constraints: 73
00,20,20,00, 00,80,80,00, 00,80,80,00, 00,80,80,00, 80,04,00,90,
00,20,20,00, 00,80,90,00, 00,80,90,00, 00,00,80,90, 00,80,80,00,
00,20,00,20, 00,90,00,80, 00,90,00,80, 00,80,00,90, 00,80,80,00,
00,20,40,20, 00,80,04,80, 00,80,04,80, 80,04,80,00, 00,00,80,90,

00,00,00,00, 00,01,01,00, 00,01,01,00, 00,01,01,00, 00,01,00,00,
00,00,00,00, 00,01,01,00, 00,01,01,00, 00,00,01,01, 00,01,01,00,
00,00,00,00, 00,01,00,01, 00,01,00,01, 00,01,00,01, 00,00,00,01,
00,00,00,00, 00,01,01,01, 00,01,01,01, 01,01,01,00, 00,01,00,00,

-------------------------------------------------------
80,04,00,90, 02,05,00,02, 02,02,00,02, 02,02,00,02, 00,00,02,00,
00,80,80,00, 00,02,02,00, 00,02,02,00, 00,00,02,02, 02,02,00,02,
00,80,80,00, 00,02,02,00, 00,02,02,00, 02,00,00,02, 02,00,02,00,
00,00,80,90, 00,00,02,02, 00,00,02,02, 00,02,02,00, 00,02,00,00,

00,01,00,00, 01,01,00,01, 01,01,00,01, 01,01,00,01, 01,01,00,00,
00,01,01,00, 00,01,01,00, 00,01,01,00, 00,00,01,01, 01,01,00,01,
00,00,00,01, 00,01,01,01, 00,01,01,01, 01,01,00,01, 00,00,00,01,
00,01,00,00, 00,01,01,01, 00,01,01,01, 01,01,01,00, 01,01,00,01,

-------------------------------------------------------
00,00,02,00, 00,00,08,00, 00,00,08,00, 00,00,08,00, 04,00,00,00,
02,02,00,02, 08,08,00,08, 08,08,00,08, 08,08,08,00, 00,00,08,00,
02,00,02,00, 08,00,08,00, 08,00,08,00, 08,00,08,00, 00,08,00,00,
00,02,00,00, 00,0c,00,00, 00,0c,00,00, 0c,00,00,00, 08,00,00,00,

01,01,00,00, 01,01,01,00, 01,01,01,00, 01,01,01,00, 01,00,01,00,
01,01,00,01, 01,01,00,01, 01,01,00,01, 01,01,01,00, 01,01,01,00,
00,00,00,01, 01,00,01,01, 01,00,01,01, 01,01,01,00, 01,01,01,00,
01,01,00,01, 01,01,00,01, 01,01,00,01, 01,00,01,01, 01,01,01,00,

-------------------------------------------------------
04,00,00,00, 06,00,00,00, 00,00,00,00, 00,00,00,00, 00,00,00,00,
00,00,08,00, 00,00,10,00, 00,00,10,00, 00,00,00,10, 00,00,00,00,
00,08,00,00, 00,10,00,00, 00,10,00,00, 00,00,00,10, 00,00,00,00,
08,00,00,00, 10,00,00,00, 10,00,00,00, 00,00,00,10, 00,00,00,10,

01,00,01,00, 01,00,01,00, 01,00,01,00, 01,00,01,00, 01,00,00,00,
01,01,01,00, 01,01,01,00, 01,01,01,00, 00,01,01,01, 01,00,01,00,
01,01,01,00, 01,01,01,00, 01,01,01,00, 01,00,01,01, 00,00,01,01,
01,01,01,00, 01,01,01,00, 01,01,01,00, 01,01,00,01, 01,00,01,00,

-------------------------------------------------------
00,00,00,00, 00,00,00,00, 00,00,00,00, 00,00,00,00, 00,00,50,00,
00,00,00,00, 00,00,00,00, 00,00,00,00, 00,00,00,00, 00,00,00,00,
00,00,00,00, 00,00,00,00, 00,00,00,00, 00,00,00,00, 00,00,00,00,
00,00,00,10, 00,00,00,50, 00,00,00,50, 00,00,50,00, 00,00,00,00,

01,00,00,00, 01,00,00,00, 01,00,00,00, 01,00,00,00, 00,00,00,00,
01,00,01,00, 01,00,01,00, 01,00,01,00, 00,01,00,01, 01,00,00,00,
00,00,01,01, 00,00,01,01, 00,00,01,01, 01,01,00,00, 00,01,00,00,
01,00,01,00, 01,00,01,01, 01,00,01,01, 00,01,01,01, 01,00,00,00,

-------------------------------------------------------
00,00,50,00, 00,00,04,00, 00,00,00,00, 00,00,00,00, 00,00,00,00,
00,00,00,00, 00,00,00,00, 00,00,00,00, 00,00,00,00, 00,00,00,00,
00,00,00,00, 00,00,00,00, 00,00,00,00, 00,00,00,00, 00,00,00,00,
00,00,00,00, 00,00,00,00, 00,00,00,00, 00,00,00,00, 00,00,00,00,

00,00,00,00, 00,00,01,00, 00,00,01,00, 00,00,01,00, 00,00,00,00,
01,00,00,00, 01,00,00,00, 01,00,00,00, 00,01,00,00, 00,00,01,00,
00,01,00,00, 00,01,00,00, 00,01,00,00, 00,00,00,01, 00,00,00,00,
01,00,00,00, 01,00,00,00, 01,00,00,00, 00,00,00,01, 00,00,00,00,

-------------------------------------------------------
00,00,00,00, 00,00,00,00, 00,00,00,00, 00,00,00,00, 00,00,00,00,
00,00,00,00, 00,00,00,00, 00,00,00,00, 00,00,00,00, 00,00,00,00,
00,00,00,00, 00,00,00,00, 00,00,00,00, 00,00,00,00, 00,00,00,00,
00,00,00,00, 00,00,00,00, 00,00,00,00, 00,00,00,00, 00,00,00,00,

00,00,00,00, 00,00,00,00, 00,00,00,00, 00,00,00,00, 00,00,00,00,
00,00,01,00, 00,00,01,00, 00,00,01,00, 00,00,00,01, 00,00,00,00,
00,00,00,00, 00,00,00,00, 00,00,00,00, 00,00,00,00, 00,00,00,00,
00,00,00,00, 00,00,00,00, 00,00,00,00, 00,00,00,00, 00,00,00,00,

-------------------------------------------------------
00,00,00,00, 00,00,00,00, 00,00,00,00, 00,00,00,00, 00,00,00,00,
00,00,00,00, 00,00,00,00, 00,00,00,00, 00,00,00,00, 00,00,00,00,
00,00,00,00, 00,00,00,00, 00,00,00,00, 00,00,00,00, 00,00,00,00,
00,00,00,00, 00,00,00,00, 00,00,00,00, 00,00,00,00, 00,00,00,00,

00,00,00,00, 00,00,00,00, 00,00,00,00, 00,00,00,00, 00,00,00,00,
00,00,00,00, 00,00,00,00, 00,00,00,00, 00,00,00,00, 00,00,00,00,
00,00,00,00, 00,00,00,00, 00,00,00,00, 00,00,00,00, 00,00,00,00,
00,00,00,00, 00,00,00,00, 00,00,00,00, 00,00,00,00, 00,00,00,00,

-------------------------------------------------------
00,00,00,00, 00,00,00,00, 00,00,00,00, 00,00,00,00, 00,00,00,00,
00,00,00,00, 00,00,00,00, 00,00,00,00, 00,00,00,00, 00,00,00,00,
00,00,00,00, 00,00,00,00, 00,00,00,00, 00,00,00,00, 00,00,00,00,
00,00,00,00, 00,00,00,00, 00,00,00,00, 00,00,00,00, 00,00,00,00,

00,00,00,00, 00,00,00,00, 00,00,00,00, 00,00,00,00, 00,00,00,00,
00,00,00,00, 00,00,00,00, 00,00,00,00, 00,00,00,00, 00,00,00,00,
00,00,00,00, 00,00,00,00, 00,00,00,00, 00,00,00,00, 00,00,00,00,
00,00,00,00, 00,00,00,00, 00,00,00,00, 00,00,00,00, 00,00,00,00,

-------------------------------------------------------
00,00,00,00, 00,00,00,00, 00,00,00,00, 00,00,00,00, 00,00,00,00,
00,00,00,00, 00,00,00,00, 00,00,08,00, 00,00,00,08, 00,00,00,00,
00,00,00,00, 00,00,00,00, 00,00,00,00, 00,00,00,00, 00,00,00,08,
00,00,00,00, 00,00,00,00, 00,00,00,00, 00,00,00,00, 00,00,00,00,

00,00,00,00, 00,00,00,00, 00,00,00,00, 00,00,00,00, 00,00,00,00,
00,00,00,00, 00,00,00,00, 00,00,00,00, 00,00,00,00, 00,00,00,00,
00,00,00,00, 00,00,00,00, 00,00,00,00, 00,00,00,00, 00,00,00,00,
00,00,00,00, 00,00,00,00, 00,00,00,00, 00,00,00,00, 00,00,00,00,

-------------------------------------------------------
00,00,00,00, 00,00,00,00, 00,00,00,00, 00,00,00,00, 00,10,00,00,
00,00,00,00, 00,00,00,00, 00,00,00,00, 00,00,00,00, 00,00,00,00,
00,00,00,08, 00,00,00,10, 00,00,00,10, 00,10,00,00, 00,10,00,00,
00,00,00,00, 00,00,00,00, 00,00,00,00, 00,00,00,00, 00,10,00,00,

00,00,00,00, 00,00,00,00, 00,00,00,00, 00,00,00,00, 00,00,00,00,
00,00,00,00, 00,00,00,00, 00,00,00,00, 00,00,00,00, 00,00,00,00,
00,00,00,00, 00,00,00,01, 00,00,00,01, 00,01,00,00, 00,00,00,00,
00,00,00,00, 00,00,00,00, 00,00,00,00, 00,00,00,00, 00,00,00,00,

-------------------------------------------------------
00,10,00,00, 00,40,00,00, 00,40,00,00, 00,40,00,00, 40,40,00,40,
00,00,00,00, 00,00,00,00, 00,18,00,00, 00,00,18,00, 00,40,00,00,
00,10,00,00, 00,40,00,00, 00,40,00,00, 00,00,00,40, 00,00,18,40,
00,10,00,00, 00,40,00,00, 00,40,00,00, 40,00,00,00, 00,40,00,40,

00,00,00,00, 00,01,00,00, 00,01,00,00, 00,01,00,00, 00,00,00,00,
00,00,00,00, 00,00,00,00, 00,00,00,00, 00,00,00,00, 00,01,00,00,
00,00,00,00, 00,01,00,00, 00,01,00,00, 00,00,00,01, 00,00,00,00,
00,00,00,00, 00,01,00,00, 00,01,00,00, 01,00,00,00, 00,00,00,00,

-------------------------------------------------------
The constraints are (in the form of (round, position, input_diff, output_diff)
The number infront of each constraint corresponds to the grouping that each constraint falls under.
Each group is treated as independent in this computation
Some constraints may have more than one group identity. These groups have to be considered together
8 (0,1,20,80) (0,b,20,80) (0,e,40,4) (1,1,4,5) linear
8 (0,1,20,80) (1,5,80,2) linear
c (0,2,20,80) (1,6,80,2) linear
2 (1,0,80,2) (2,4,2,8) linear
0 (1,1,4,5) (2,5,2,8) linear
7 (1,3,90,2) (2,7,2,8) linear
0 d (1,1,4,5) (0,6,20,90) (0,9,20,90) (1,b,0,0) (2,d,2,c) nonlinear
2 8 8 (1,0,80,2) (1,a,80,2) (0,1,20,80) (0,b,20,80) (1,d,0,0) (2,0,0,0) (2,a,2,8) (2,d,2,c) (3,0,4,6) nonlinear
a (2,2,2,8) (3,6,8,10) linear
c 5 (2,4,2,8) (1,6,80,2) (1,9,80,2) (2,b,0,0) (3,9,8,10) nonlinear
2 8 8 (1,0,80,2) (1,a,80,2) (0,1,20,80) (0,b,20,80) (1,d,0,0) (2,0,0,0) (2,a,2,8) (3,c,8,10) nonlinear
(0,e,40,4) (0,b,20,80) (1,5,80,2) (1,1,4,5)  higher-order linear
b c (0,5,20,80) (0,2,20,80) (1,e,80,2) (1,a,80,2)  higher-order linear
b (0,5,20,80) (1,e,80,2) (1,a,80,2) (1,6,80,2)  higher-order linear
(2,d,2,c) (3,c,8,10) (3,0,4,6)  higher-order linear
Original prob: 73
Independent prob (prob ignoring the ones depend on keys): 44

These are the splits:
(0,1,20,80) (0,b,20,80) (0,e,40,4) (1,1,4,5) 
(0,1,20,80) (1,5,80,2) 
(1,0,80,2) (1,a,80,2) (0,1,20,80) (0,b,20,80) (1,d,0,0) (2,0,0,0) (2,a,2,8) (2,d,2,c) (3,0,4,6) 
(1,0,80,2) (1,a,80,2) (0,1,20,80) (0,b,20,80) (1,d,0,0) (2,0,0,0) (2,a,2,8) (3,c,8,10) 
(0,1,20,80) (0,b,20,80) (0,e,40,4) (1,1,4,5) (1,5,80,2) 
(2,0,0,0) (2,a,2,8) (2,d,2,c) (3,0,4,6) (3,c,8,10) 
(1,1,4,5) (2,5,2,8) 
(1,1,4,5) (0,6,20,90) (0,9,20,90) (1,b,0,0) (2,d,2,c) 
-----------------------------------------------
(0,2,20,80) (1,6,80,2) 
(0,2,20,80) (0,5,20,80) (0,8,0,0) (1,a,80,2) (1,e,80,2) 
(0,2,20,80) (0,5,20,80) (0,8,0,0) (1,6,80,2) (1,a,80,2) (1,e,80,2) 
-----------------------------------------------
(1,0,80,2) (2,4,2,8) 
-----------------------------------------------
(1,3,90,2) (2,7,2,8) 
-----------------------------------------------
(2,2,2,8) (3,6,8,10) 
-----------------------------------------------
(2,4,2,8) (1,6,80,2) (1,9,80,2) (2,b,0,0) (3,9,8,10) 
-----------------------------------------------
===============================================
Computing the following constraints theoretically: 
a (0,2,20,80) (1,6,80,2) linear
a d (0,2,20,80) (0,5,20,80) (0,8,0,0) (1,a,80,2) (1,e,80,2) higher order
a d (0,2,20,80) (0,5,20,80) (0,8,0,0) (1,6,80,2) (1,a,80,2) (1,e,80,2) higher order

key space reduction: -2
-4: 100
-------------------------------------
Computing the following constraints theoretically: 
8 (1,0,80,2) (2,4,2,8) linear

key space reduction: 0
-5: 6.25
-4: 37.5
-3.41504: 6.25
-1.29956: 6.25
-1.19265: 37.5
-1.09311: 6.25
-------------------------------------
Computing the following constraints theoretically: 
b (1,3,90,2) (2,7,2,8) linear

key space reduction: 0
-5: 6.25
-4: 37.5
-3.41504: 6.25
-1.29956: 6.25
-1.19265: 37.5
-1.09311: 6.25
-------------------------------------
Computing the following constraints theoretically: 
a (2,2,2,8) (3,6,8,10) linear

key space reduction: -1
-1: 100
-------------------------------------
==============================================
For the theoretical side: 
The following are the distribution: 
Key reduction: -3
7.186: 0.390625
7.285: 4.6875
7.385: 14.0625
7.392: 0.78125
7.492: 4.6875
7.599: 0.390625
9.508: 0.78125
9.607: 4.6875
9.714: 0.78125
10.093: 4.6875
10.192: 28.125
10.299: 4.6875
11.093: 0.78125
11.192: 4.6875
11.299: 0.78125
11.83: 0.390625
12.415: 4.6875
13: 14.0625
13.415: 0.78125
14: 4.6875
15: 0.390625
==============================================
----------------------------------------------
Computing the following experimentally:
8 (0,1,20,80) (0,b,20,80) (0,e,40,4) (1,1,4,5) linear
8 (0,1,20,80) (1,5,80,2) linear
2 8 8 (1,0,80,2) (1,a,80,2) (0,1,20,80) (0,b,20,80) (1,d,0,0) (2,0,0,0) (2,a,2,8) (2,d,2,c) (3,0,4,6) nonlinear
2 8 8 (1,0,80,2) (1,a,80,2) (0,1,20,80) (0,b,20,80) (1,d,0,0) (2,0,0,0) (2,a,2,8) (3,c,8,10) nonlinear
8 (0,1,20,80) (0,b,20,80) (0,e,40,4) (1,1,4,5) (1,5,80,2) higher order
8 (2,0,0,0) (2,a,2,8) (2,d,2,c) (3,0,4,6) (3,c,8,10) higher order
0 (1,1,4,5) (2,5,2,8) linear
0 d (1,1,4,5) (0,6,20,90) (0,9,20,90) (1,b,0,0) (2,d,2,c) nonlinear
computing with 128 valid keys or 2^15 possible keys and 2^15 random plaintexts
computing with 128 valid keys or 2^15 possible keys and 2^15 random plaintexts
computing with 128 valid keys or 2^15 possible keys and 2^15 random plaintexts
computing with 128 valid keys or 2^15 possible keys and 2^15 random plaintexts
computing with 128 valid keys or 2^15 possible keys and 2^15 random plaintexts
computing with 128 valid keys or 2^15 possible keys and 2^15 random plaintexts
computing with 128 valid keys or 2^15 possible keys and 2^15 random plaintexts
computing with 128 valid keys or 2^15 possible keys and 2^15 random plaintexts
computing with 128 valid keys or 2^15 possible keys and 2^15 random plaintexts
computing with 128 valid keys or 2^15 possible keys and 2^15 random plaintexts
computing with 128 valid keys or 2^15 possible keys and 2^15 random plaintexts
computing with 128 valid keys or 2^15 possible keys and 2^15 random plaintexts
computing with 128 valid keys or 2^15 possible keys and 2^15 random plaintexts
computing with 128 valid keys or 2^15 possible keys and 2^15 random plaintexts
computing with 128 valid keys or 2^15 possible keys and 2^15 random plaintexts
computing with 128 valid keys or 2^15 possible keys and 2^15 random plaintexts
13.3927
13.4378
16.0931
14.9339
14.1545
14.6424
12.5162
16
14.2318
13.8811
13.5406
14.0575
13.3706
13.7521
13.5906
13.2721
15.2186
14.7712
14.2858
15.0693
11.793
14
15
13.4764
15.2996
14.6077
13.6077
14.6781
15.9125
14.7146
14.5906
13.5654
14.2721
15.3276
15.1671
15.142
13.9447
12.4378
14.7146
14.2451
13.3561
16.2996
16.1926
15.2451
13.5324
14.8707
14.3276
13.4764
15.0458
14.1545
14.625
15.1671
13.902
14.1545
13.3065
13.2252
15.7521
14.7521
14.4608
13.2252
13.2451
14.4301
14.9125
14.6962
16.1926
15.1174
13.4608
12.6871
14
15
15.5081
11.7857
13.4843
13.3065
14.0693
13.2996
13.4843
14.9776
13.2252
14.2858
13.2996
12.4113
13.5821
13.4843
15.0227
14.8915
15.8707
15.4764
13.2056
14.2056
14.8301
13.2252
13.4454
14.6781
12.3418
13.3634
14.0113
16.0931
14.7905
13.3706
14.0113
15.3561
12.7379
11.6624
13.3927
12.4264
13.3489
13.2585
15
12.3964
14.8301
13.5162
13.7712
15.2721
13.6424
14.9776
13.4454
16.2451
13.625
13.8301
14.5081
14.4454
14.8102
14.6424
13.5002
13.4608
13.2518
15.2996
14.9125
14.9339
12.7379
13.9888
13.5081
12.4416
12.6337
13.3927
12.4686
11.7568
15.0693
15.1671
15.2186
14.7712
13.6424
13.2926
14.3561
12.6691
14.2996
14.3418
15.7905
14.4454
14.8503
14.2056
13.1671
13.2789
12.7857
16.6077
13.5654
14.9776
14.0811
16
15.142
13.5324
16.3561
13.1735
14.6962
15.2451
14.2318
13.5243
14.9556
13.4531
14.9776
13.2789
14.2451
15.3276
12.4226
14.6077
14.3135
14.2996
11.8579
13.5737
15.3561
13.5991
13.5406
16.0931
13.5002
12.8301
15.1174
13.5081
12.6781
14.7332
15.1174
14.3561
12.7285
14.9556
15.0693
13.4843
13.4226
14.2585
13.4001
12.5365
13.3927
12.776
13.2384
13.5571
13.5906
16.3561
12.4764
14.3706
13.5821
13.5081
11.6917
16.415
13.4454
15.8707
16.3561
14.5243
13.4454
14.9125
15.8301
14.3853
13.3706
13.3418
12.4378
13.6424
14.1052
12.4038
12.5041
13.2056
15.1174
14.8102
13.4843
13.3634
14.6962
12.8052
14.8102
13.1735
12.3311
14.5906
15.2186
14.0458
15.2996
12.8003
14.9776
14.625
11.8401
13.9125
12.457
11.7356
15.6424
14.8503
14.5243
14.8503
15.142
11.8301
13.4301
11.7285
14.5737
11.8276
14.8707
14.9339
12.4843
13.8503
14.1052
14.9776
12.389
13.3634
13.3489
14.6424
14.0113
12.5002
13.9232
13.4226
13.4843
12.4454
12.3382
13.5002
14.9125
14.415
14.7146
15.0931
15.0931
13.5406
15
14.625
13.5488
15.0227
12.4113
14.8915
14.5081
12.8503
13.4686
14.5571
15.0227
14.8301
14.8301
11.8376
14.9125
14.8707
14.7712
14.1174
13.3418
14.142
13.8503
12.3525
14.3853
14.142
13.3634
15.1174
14.8102
13.3706
13.2451
16.2451
14.2996
14.5081
15.0227
12.6513
13.4001
14.2996
14.8301
14.0342
13.5002
11.8052
14.4764
15.1926
14.8102
15.3561
14.9125
13.3347
14.2858
14.8707
13.5821
15.5406
13.4454
13.4922
14.5243
15.2996
12.3743
12.4686
14.0931
14.625
14.2721
12.3276
14.3706
13.7521
14.9339
14.0113
14.9339
16.2451
13.3561
13.4686
13.4226
16.6781
13.5162
14.1296
14.9556
13.8915
14.8102
12.5041
14.1926
15.2186
11.6034
12.8151
13.2384
15.415
13.5406
15.1174
16.3561
12.8967
13.4764
13.5654
15.3561
14.5081
15.2996
14.1296
15.0931
13.1608
13.9556
14.5243
16.0458
11.7403
13.5324
13.5821
13.8401
14.7332
15.1671
12.8707
14.625
15.0693
14.3853
15.3853
14.9776
14.3561
14.5906
14.9776
13.5654
13.3927
15.6424
15.0931
15.2186
15.142
14.0811
13.3561
13.9232
12.9285
12.6557
13.2926
14.4608
16.2996
12.4647
11.8656
13.3706
12.8759
13.5654
14.4454
16
12.4804
16.3561
16.0931
14.3853
14.4301
13.6077
12.7521
14.415
15.1926
13.4843
14.3853
14.0931
13.4922
14.9556
14.9556
14.8503
13.4226
14.8301
14.0458
14.5081
13.3561
12.5529
14.8102
11.6691
13.2252
13.2585
14.3135
12.8052
14.2721
14.4454
14.3561
14.9125
15.0458
12.4001
16.1926
13.4922
14.8301
16.3561
14.7521
12.3205
12.457
14.1926
13.7239
11.7054
12.4339
16.142
13.415
14.6424
14.1545
13.6962
14.4001
15.6781
12.4922
14.5406
12.7146
15.7905
16.6077
13.9888
13.4378
16.6077
14.0458
13.2858
15.2721
12.7712
14.6424
13.3205
14.3418
13.5821
15.0458
16.1926
14.5081
13.415
15.0227
16.7521
14.9339
16.7521
12.6424
12.4647
15.0931
13.4454
12.3418
13.9125
15.0227
13.5002
15.9556
13.4531
14.2858
14.7905
13.1862
13.4608
13.8604
13.1545
14.9556
15.9125
16.1926
15.0931
14.8102
11.8003
14.2996
12.8052
14.9125
15.3276
13.4454
14.7332
15.0931
14.625
14.1174
16.0931
14.2858
14.5571
14.2056
13.8201
15.1174
15.0931
14.9776
15.3276
13.2653
13.5162
14.8915
12.3561
14.4764
14.0575
13.6691
16.5406
13.4764
15
13.6781
13.5162
11.8176
14.8503
13.8915
13.4608
14.3706
13.1991
15.1174
13.2252
14.9125
14.0113
14.1052
15
13.5002
13.8201
12.8251
13.9447
14.9776
13.4608
13.4301
13.415
13.4843
14.8301
14.6601
13.5821
16.0458
15.2186
13.3347
14.6601
13.3276
13.4843
13.2996
14.4001
15.0227
13.5081
14.5906
14.9776
15.142
11.8452
12.3525
16.1926
12.4493
14.5081
14.0693
13.5571
14.1052
14.6601
12.6513
12.7857
12.6601
12.415
15.3276
15.0931
15.0458
13.5324
12.3347
13.3135
13.4843
14.8503
13.5406
14.8915
12.5081
14.7332
14.625
14.8503
14.1545
14.0227
15.2451
14.5081
14.2721
13.9339
14.5906
13.4764
13.4922
12.4764
14.2318
12.4882
14.3135
11.8376
12.7146
13.4454
13.9339
13.9125
16.6781
12.7473
14.2721
14.0693
13.4075
13.1608
13.3706
13.4608
16.4764
13.4226
13.8707
13.3489
15.415
16.2451
14.7905
13.415
14.7712
11.7146
13.4764
13.4922
15.9125
14.7332
13.3276
14.6962
12.7426
13.5991
13.8604
13.3779
14.625
13.4454
12.6077
13.5571
15.2186
12.4843
15.0931
12.902
14.7712
14.1671
12.7808
13.4001
16.0931
14.1052
15.0227
13.5821
14.1545
12.3743
16.0458
14.3135
13.4226
15.3276
13.415
14.9776
15.0227
14.625
14.3706
12.2858
14.5081
16.4764
13.0227
13.1113
14.4608
11.8376
16.8301
14.0458
16.415
15.2186
13.5002
16.3561
14.8102
15.1174
15.9556
13.7905
15.2721
15.3276
15.2451
14.8707
12.8052
14.5906
16.7521
13.4001
13.5821
13.3065
14.4454
13.9666
15.0931
14.415
14.8301
13.3135
12.5041
14.9339
15.4454
14
13.4922
13.6163
13.6781
13.625
14.7905
14.415
14.0342
14
13.3418
13.3706
16.142
14.9125
14.5571
13.4531
12.5081
15.1671
14.3706
13.4378
12.5529
15.1671
13.3418
14.1296
14.625
14.3706
15.5081
14.8301
14.2996
12.8401
13.4922
11.7332
12.2996
13.5081
15.0931
13.9888
13.5324
13.4001
13.9776
12.6557
12.5991
12.4764
14.6781
12.6826
15.0693
12.3065
12.6381
12.6646
14.4454
13.4922
16.2451
14.9776
15.142
14.8301
16.3561
14.3706
12.7379
14.9125
13.5821
14.8301
14.3853
15.142
14.7521
15.2186
15.2721
14.5406
14.7146
15.1174
11.7473
15.9125
14.8503
13.4226
14.7146
12.3634
13.8102
14.7521
13.2789
13.6691
14.2721
14.2996
13.4843
13.4608
13.3276
11.6871
14.4454
13.3853
15.4764
14.9776
14.3853
14.7332
13.3135
15
14.7521
14.1052
15.0458
15.1926
13.2653
13.3706
14.2451
14.1174
12.5406
14.5081
16.3561
13.5991
12.3525
15.9125
13.6163
12.7379
14.3561
14.6601
12.6962
14.8915
14.1174
13.4608
14.2056
14.9125
13.3706
16.1926
12.4647
14.7332
15.2996
15.1671
13.2585
13.4922
16.6781
13.3561
15.0931
15.6781
13.1926
13.5737
11.7356
13.2451
14.0458
13.3489
11.7784
13.4686
14.3135
13.4075
13.9776
14.9776
13.3065
13.6163
16.415
14.2056
12.389
13.5081
12.5081
12.3743
13.7712
13.2926
12.4531
12.389
16.6077
13.4686
13.3706
13.3489
14.0113
15.0227
13.2451
13.9556
13.4922
14.1798
14.1545
13.625
12.7521
12.5821
13.6962
14.5243
14.4454
13.2996
14.8503
16.1926
14.4922
14.3276
16.1926
16.0931
14.8707
14.8301
13.7712
15.9125
14.3853
13.6601
14.4922
12.3598
14.6077
15.0458
15.142
16.415
13.4226
14.7146
16.6781
14.1926
13.4608
13.3634
16.6781
14.6781
15.0693
14.5906
13.6163
13.4226
14.9776
11.776
12.8102
14.4454
13.4001
13.7426
15.0931
13.3706
15.1671
14.3853
14.5571
12.8201
16.415
14.0342
15.2996
13.3561
12.4764
15.9556
13.4301
13.6871
13.4454
13.8915
14.8503
14.1296
13.6781
11.8427
14.3276
12.8707
13.8102
15.0693
13.6962
15.0931
16.1926
15.1174
12.7008
13.2384
14.6601
15.2186
14.4454
15.2186
13.4922
13.5324
12.4416
13.4922
13.5737
13.4001
11.6491
13.9125
14.7712
12.4416
16.4764
13.8003
11.8681
13.8503
12.4038
15.2996
15.3276
13.3205
15.1174
16.0458
12.3816
14.2056
12.5041
14.8915
15.2721
14.1926
14.5406
12.9285
14.7521
15.8707
13.5081
13.2996
13.8401
14.4764
14.1174
14.7521
12.5365
12.4454
16.2996
16
14.1798
11.9502
13.3065
16.5406
12.8915
12.4493
12.4608
15.2721
16.1926
14.7332
14.3853
14.6424
12.4764
13.2926
14.3561
14.1296
11.764
12.8967
15.3276
16.6077
15.9556
12.8401
12.8351
16.2996
12.776
14.1174
15.0693
12.3418
13.2384
13.2721
14.625
16.0931
14.9776
15.142
12.7521
16.3561
16.0931
14.1296
16.1926
15.1174
14.1545
13.4531
13.902
14.6077
12.8351
14.7332
15.4764
14.8915
13.3853
15.2721
12.902
14.7146
12.3634
16.142
14.4454
13.4686
14.0811
12.3927
14.415
12.3347
13.4686
13.5906
14.9125
12.6826
12.8201
13.1671
15.1926
13.9776
13.9776
12.7521
16.3561
11.7309
13.5571
14.0693
14.7712
13.3489
14.4001
12.7239
12.4416
15.3853
14.4301
14.6077
13.4075
15.4454
13.4301
16.142
16.1926
14.9776
13.2318
12.7332
15.0227
16.2996
11.863
12.6962
12.4264
13.5324
15.0458
14.2721
12.4001
13.5406
13.2996
14.3418
12.4226
13.2926
13.3205
14.8707
14.5081
14.6962
13.3779
14.3135
14.4764
14.8707
13.3779
14.7332
14.9776
13.9232
13.6601
13.4226
13.3853
14.1671
13.8503
13.6337
13.8811
16.415
13.6871
13.4608
15.1926
13.2789
14.4608
14.5243
14.1545
12.3135
13.4843
12.4113
13.9339
15.0693
14.3418
13.8707
16.2451
14.4301
12.5529
14.3418
12.2892
14.5737
16.0458
14.5243
15.0931
13.9232
13.7054
15.0931
16.0931
13.4226
13.6962
15.0227
13.3927
13.8201
13.9888
15.0931
13.8707
15.142
14.6962
11.8528
13.3634
12.4188
12.7857
16.4764
14.5243
12.8301
13.3634
13.6601
14.2318
14.8301
12.7664
14.2585
13.3489
13.3347
12.7616
15.3853
12.7712
12.2318
11.6163
13.5243
13.2318
11.8276
15.0458
14.415
14.9556
12.3382
15.2451
14.5737
14.9776
13.7054
13.5737
14.5081
13.4764
12.6034
14.8915
12.3418
14.7905
14.9556
12.4647
13.4531
14.6424
13.8003
11.8276
14.9339
12.8003
13.5488
12.3706
14.625
14.9125
13.9888
14.8503
14.0931
11.7309
14.4454
14.1671
14.5906
14.2186
15.2451
12.8707
14.7712
13.3135
13.8707
13.4843
15.0693
13.2653
14.8503
14.2186
16.6077
14.5406
13.7054
13.3561
13.3065
14.415
13.5406
12.7054
14.3276
12.7712
13.4843
13.3276
14.0342
14.625
14.8102
11.7426
16.142
15.1671
15.0931
15.142
12.4378
15.142
13.4378
14.4922
12.6917
14.8503
14.3418
14.5081
13.5081
13.2318
14.5906
14.8503
14.0342
14.2451
13.2926
16.3561
12.3454
14.4001
14.7905
12.7616
13.5162
15
14.7712
15.0227
14.2996
12.9666
14.1052
14.8503
12.4725
14.2056
11.7664
12.3964
13.5162
12.5906
12.5202
14.625
15.5737
12.7954
15.415
14.0931
14.7712
14.7332
14.9776
12.317
14.5737
13.6424
13.3706
12.8811
14.8707
13.3347
11.6803
14.9339
12.3779
13.4226
13.5991
14.625
15.3561
14.5737
14.0113
13.5991
13.3135
11.7833
14.415
13.3418
14.0342
14.8915
13.3634
14.9339
14.5906
12.2585
12.5202
14.7146
15.5081
15.1671
12.3311
14.3561
16.8301
16.0931
12.4725
15.1174
14.0575
13.9776
14.8707
13.5991
14.5906
12.4075
12.776
12.7008
13.8811
13.0113
15.4454
13.3561
14.0575
15.0693
12.7664
13.6513
13.4531
15.4454
14.2451
12.7008
15.8707
13.9666
11.6826
13.625
15.3276
16
15.1174
14.3853
14.0575
14.1174
13.5488
16.2996
12.7285
12.6871
16
12.8401
14.3706
14.7521
14.9776
12.6826
12.3779
14.8301
15.7905
13.3634
14.7712
14.3418
14.8503
13.2585
13.3276
14.7146
13.5081
16.0931
14.0113
15.2186
12.3779
14.0575
13.3853
14.3276
13.5002
13.8811
13.2858
14.9125
15.1671
13.8003
13.4531
14.142
14.8915
12.2926
16.2451
15.2186
13.5243
14.5906
14.6781
15.2996
12.8052
15.6424
12.4113
13.5002
16.0458
16.415
12.8201
12.8604
16.6781
16
12.6962
13.5488
13.3634
13.4531
14.4922
13.4075
15.9556
13.3561
13.4378
15.2186
15.4454
14.5243
15.5081
15
14.3853
13.3927
14.1798
13.6163
14.8707
16.415
14.625
11.745
13.3634
11.8993
13.902
13.5821
15.0693
12.776
14.5081
13.9339
15.0693
16.6077
15.0693
14.2318
13.3634
14.6781
13.2789
14.9556
14.9776
14.6424
13.3634
13.4686
15.2186
12.7521
13.7808
16.2996
14.6781
14.4454
14.7521
12.3205
12.4188
12.3489
15.142
14.8102
11.8176
13.4226
12.6736
13.6163
14.7712
13.2926
16.0931
13.2585
13.1113
12.776
12.4264
15.1174
14.5406
15.8707
15.2996
12.4226
14.1296
13.2926
13.5488
14.1296
16.6077
16.1926
12.4226
15.6077
13.7521
15.415
16.2451
12.8301
15.1671
12.3779
13.2996
15.0227
13.3347
13.7426
13.8604
13.5488
15.142
12.367
16.142
12.8811
16.1926
12.4339
14.9776
13.3489
15.3561
14.2858
14.9125
13.7521
13.5737
13.8915
15
14.6962
12.8759
12.7808
15.0458
15.1174
12.7285
16.2996
13.3561
14.2858
15.2451
13.2451
12.4416
14.8707
14.8707
13.4843
15.0693
14.3418
13.4226
14.1798
14.4301
16
15.9556
12.8915
11.6736
12.4454
15.2721
15.0227
16.0931
15.142
14.9339
13.415
13.4075
14.2451
14.5571
12.7332
14.4454
14.6424
12.3489
13.5571
13.4001
14.6781
14.4301
13.4454
14.4608
17
11.6713
14.4001
13.5571
12.4725
14.0931
16.2451
16.0458
14.8301
14.2721
15.1174
15.2996
12.8351
12.7192
13.5906
11.7285
14.8915
14.9125
14.1545
14.2056
12.6469
12.8604
13.4454
14.5081
15.1174
13.1991
13.9447
12.8401
13.3706
14.9556
14.6601
13.2451
13.017
15.2451
13.8503
13.5162
15.2996
15.7905
14.2721
12.457
13.4378
15.415
13.4226
13.1926
15.1926
15.0931
15.1174
15.1671
12.4843
14.9125
13.4378
12.7954
14.8503
16.0458
14.5081
14.4301
13.6163
13.6513
14.2858
12.7192
13.3853
13.3489
12.8052
14.5571
14.6601
12.303
13.4075
14.5081
15.0458
12.3779
14.0113
14.2186
12.6736
12.3634
11.7592
14.7712
13.4075
14.1671
12.4922
15.0693
14.0227
16.415
16.2996
16.3561
14.4454
14.9776
14.0227
13.5488
14.0458
13.4608
12.3964
12.4378
13.4608
15
14.7332
14.6601
14.8301
15.3276
15.1174
14.6424
14.5571
13.4531
12.9339
13.4686
14.4764
14.8301
13.3276
16.2996
14.2858
14.8915
15.6781
13.4531
12.7808
14.0342
14.5081
12.7146
14.625
12.8401
14.625
12.8604
15.142
14.5406
15.9125
12.6646
13.4454
15.9125
12.8351
12.8003
12.6601
14.4454
16.8301
12.4804
15
14.2996
15.0227
14.9776
16
14.5571
13.2451
16.6077
13.3489
14.3276
12.6917
13.2252
15.0458
14.0342
13.6513
14.4301
13.3418
13.3418
13.5162
12.7568
13.9447
12.5406
15.1926
13.3853
13.4531
13.9125
13.6962
15.142
12.8052
14.3418
13.1926
13.9125
13.3418
14.6962
13.5081
15.0693
14.5571
13.4764
12.8707
13.7808
13.9776
13.1235
16.5406
13.3706
13.3135
14.3418
12.7616
14.4454
13.415
13.3065
13.3634
15
14.8503
14.6781
12.3927
16.9125
15.142
13.3927
16.2451
15.6781
14.6601
12.4226
14.5243
15.1926
15.0931
14.2186
13.4226
14.9776
13.5324
13.4764
13.4226
13.5488
14.7905
13.4764
11.7616
14.5243
12.4339
16
14.1545
13.2858
13.5162
14.142
13.6424
15
13.9556
14.4454
14.6781
12.4608
12.4001
16.2451
13.9888
13.2996
14.2056
16.8301
14.8102
12.8656
15.0931
14.415
15.0458
12.5529
14.9125
14.8707
15.0693
14.6077
15.0458
17
12.4113
12.9072
13.8201
15
14.2858
15.3276
13.3853
14.2996
12.4882
13.5906
13.3706
12.367
13.5324
13.415
16.2451
11.7833
14.7332
12.3706
13.3276
16.5406
15.3276
13.9556
14.0113
13.5991
16
14.3706
14.6781
16.3561
13.4686
12.3418
14.4922
14.2056
15.0227
14.7146
13.9556
13.3065
12.4416
12.2418
16.2996
15.2451
13.8707
12.6646
12.4764
14.5243
14.8301
14.5081
13.9125
14.6077
15.9556
14.4764
14.5243
15.1926
15.0458
15.1671
15.2186
14.8503
15.7905
14.4764
15.142
16.0931
13.1862
12.5906
13.2858
14.3135
12.4804
11.8604
13.5243
13.3706
15.1671
13.3634
16
12.8553
13.4378
13.3706
15.3561
14.5243
12.5695
15.1926
13.4454
14.8102
12.9072
15.0227
12.3454
15.2996
12.4339
15.142
13.5324
13.3853
14.4608
14.7905
13.9888
13.5737
15.7905
15.2451
13.9125
14.5906
12.5002
15.9125
13.4686
15.1174
16.4764
13.3205
13.9666
14.9556
13.9556
16.142
11.776
16.0931
13.415
14.7712
12.902
13.4226
13.3779
16.2451
12.9339
12.3525
13.5571
13.6077
15
14.2186
14.1296
14.8915
14.8915
14.5906
13.3347
15.0458
14.5081
15.5737
14.4922
15.142
11.7881
13.6691
14.1545
13.8401
14
13.2926
11.7262
14.9339
13.4075
13.6781
13.4378
12.7808
12.7239
15.8301
12.7008
16.5406
14.415
13.5243
15.1926
11.6579
12.3964
16.4764
12.6646
13.8301
16.1926
11.7568
11.7808
13.3347
13.625
14.1296
13.3205
15.0227
15.0458
13.2384
14.2721
13.9447
14.3853
14.7905
13.5737
12.3525
14.9556
15.1926
14.5906
12.7379
12.4301
16.2996
13.2789
14.3135
12.7954
12.4339
14.415
13.2858
12.6337
14.0227
14.5243
14.9339
13.4001
15.1671
14.9339
15.3276
13.2318
12.7239
15.1671
14.7905
14.5081
16.6077
13.3561
12.2721
12.4922
13.5406
15.0693
16.2996
15.142
15
12.7905
13.8401
16.4764
15.3276
13.4001
16.6077
14.7712
13.3205
13.3561
13.415
13.3853
11.8503
12.8863
14.3853
15.2451
12.5864
14
13.8811
15.0458
14.0227
14.4922
13.4686
15.2451
12.7332
11.8028
16.5406
12.8052
12.7192
13.4608
14.9776
14.3135
13.5654
14.5906
14.5571
14.7521
13.5002
14.8102
14.1174
13.5406
16.4764
11.6849
14.4608
15.142
14.5081
15.0693
14.142
12.31
12.389
14.1052
key space reduction: -1.41363
prob, dist: 
11.6034 0.0488281
11.7687 3.125
12.4204 8.1543
12.7779 7.17773
13.4333 24.2676
14.1606 17.8711
14.5242 3.17383
14.6358 3.85742
14.7625 3.51562
14.8563 3.22266
14.9475 3.56445
15.0343 3.56445
15.1168 3.27148
15.2098 3.17383
15.4053 3.22266
16.0486 4.98047
16.4833 3.66211
16.9708 0.146484
----------------------------------------------
Computing the following experimentally:
c 5 (2,4,2,8) (1,6,80,2) (1,9,80,2) (2,b,0,0) (3,9,8,10) nonlinear
computing with 128 valid keys or 2^8 possible keys and 2^10 random plaintexts
computing with 128 valid keys or 2^8 possible keys and 2^10 random plaintexts
computing with 128 valid keys or 2^8 possible keys and 2^10 random plaintexts
computing with 128 valid keys or 2^8 possible keys and 2^10 random plaintexts
computing with 128 valid keys or 2^8 possible keys and 2^10 random plaintexts
computing with 128 valid keys or 2^8 possible keys and 2^10 random plaintexts
computing with 128 valid keys or 2^8 possible keys and 2^10 random plaintexts
computing with 128 valid keys or 2^8 possible keys and 2^10 random plaintexts
computing with 128 valid keys or 2^8 possible keys and 2^10 random plaintexts
computing with 128 valid keys or 2^8 possible keys and 2^10 random plaintexts
computing with 128 valid keys or 2^8 possible keys and 2^10 random plaintexts
computing with 128 valid keys or 2^8 possible keys and 2^10 random plaintexts
computing with 128 valid keys or 2^8 possible keys and 2^10 random plaintexts
computing with 128 valid keys or 2^8 possible keys and 2^10 random plaintexts
computing with 128 valid keys or 2^8 possible keys and 2^10 random plaintexts
computing with 128 valid keys or 2^8 possible keys and 2^10 random plaintexts
1.65328
1.61886
2.4827
2.47521
1.64534
1.64672
1.64458
2.48442
2.49891
1.64761
2.46655
1.6501
2.51744
2.46582
2.48159
2.51053
1.64492
1.65279
2.4554
2.46521
2.46521
2.48122
1.63463
1.65224
2.46242
1.64637
2.49233
2.47717
1.64479
1.63778
1.64934
2.47106
2.49891
1.64032
1.65508
2.46801
2.47142
2.46972
2.46764
2.46278
2.47411
1.63908
1.64169
1.64217
1.63552
1.63361
2.50252
1.63682
2.49307
2.50315
2.49978
2.5074
2.47216
1.64685
2.46533
2.46655
1.6397
2.47179
1.63081
1.63299
1.63587
1.64954
1.64837
1.62489
1.65501
1.65335
1.63388
1.62747
1.65238
2.47069
1.64046
2.4735
1.6432
1.64727
1.64341
2.48356
1.64747
2.48319
1.64107
2.4702
2.46764
2.4702
1.64101
2.48
1.65952
1.63943
2.5014
2.48184
2.45987
2.46618
1.6304
2.49171
1.64685
1.65024
2.49258
1.6461
2.48012
1.6395
2.50352
2.47228
1.63463
2.47387
2.46327
1.64025
1.62055
2.49605
2.47277
2.47008
2.47485
1.63511
1.64032
2.47828
2.44134
1.64272
1.64534
2.48073
2.48467
1.6452
2.46631
2.48911
2.49295
2.47779
2.46582
1.63751
2.47375
1.63765
2.45359
1.64782
1.64162
2.46302
2.48504
1.63628
2.48061
2.50915
1.65106
2.4811
2.46339
1.62795
1.63621
2.4811
1.64424
2.4843
2.47681
2.48159
2.47216
2.46862
1.62897
2.47864
1.64135
1.64865
2.48147
2.4968
2.48973
2.47742
2.47864
1.636
1.64169
1.65779
1.64582
1.6334
1.65487
2.45034
1.63922
1.65494
2.48652
2.46242
2.49295
1.63129
2.44421
2.47252
1.6347
2.48664
1.65024
2.47681
1.63457
2.48356
2.44781
1.64348
1.64637
1.63744
2.49456
2.45564
2.45951
2.48788
2.48467
2.49084
1.64803
2.4507
1.63723
1.636
2.48492
1.64259
1.64094
2.46959
1.64155
1.63306
2.47045
2.48036
2.49146
2.4757
1.65342
2.48504
2.4757
2.47987
1.63669
1.64582
1.63484
2.46728
2.48233
1.63429
1.6474
2.49543
1.63136
2.48073
1.64293
1.65217
1.64293
2.47632
1.64982
2.47754
1.62911
2.4795
1.63231
1.64362
1.64968
1.65536
1.65897
2.46972
1.64039
1.65141
1.65446
2.47411
2.47265
2.4713
1.65688
1.62598
1.64975
2.48887
1.64128
2.46108
2.48122
2.47632
2.46631
1.63984
2.48504
2.48
2.47791
1.65425
2.47717
1.63998
1.63634
1.65876
1.64699
2.46181
1.6421
2.49816
2.48221
1.64004
1.66273
1.64644
2.45238
2.48221
1.65342
1.64259
1.64259
2.48775
2.46728
1.63826
1.64101
1.65543
1.65189
2.48973
1.62863
1.6332
2.48405
2.47362
1.65439
1.6461
1.65744
2.4795
2.47705
2.48196
1.65793
1.64417
2.49121
1.64458
2.50414
1.63984
1.63867
1.65162
1.63532
2.47118
2.47118
2.49344
2.4735
2.47791
2.47045
1.66294
1.6285
2.47436
1.64527
1.64996
1.63723
1.64052
2.49717
2.48258
1.63689
2.48566
1.64417
1.62816
2.47742
2.46911
2.49208
1.64066
1.63888
2.45166
2.49692
1.62931
1.63696
2.46984
2.47057
1.63833
1.64596
2.47681
1.65681
1.64548
1.63545
1.63956
2.47705
2.4795
2.47497
2.48356
2.4827
2.47828
2.46096
2.45407
1.6386
1.63334
1.63388
1.63655
2.48061
1.66657
2.4927
1.64823
2.47975
1.6441
1.6373
1.65591
2.47693
1.65744
1.62557
2.4735
2.47766
2.47081
2.49431
2.47338
1.64499
2.49431
1.65688
2.45661
2.47069
2.47301
2.48172
1.63525
1.64087
2.47423
2.4724
2.47069
2.44457
2.46472
2.47828
1.63833
2.47375
1.63826
2.47534
2.47656
2.47583
1.63368
2.49307
1.63956
1.64479
1.66036
1.63771
1.63033
2.45673
1.62605
1.63047
1.6521
2.49109
2.46133
1.62911
1.63908
2.46764
2.49717
2.48098
2.48615
1.64245
2.47791
2.47338
1.64768
1.64906
2.47914
2.4811
2.46315
1.6564
2.47521
2.47191
1.6557
1.65952
2.47742
2.46084
1.63812
1.65661
1.63874
1.66482
1.6452
1.65563
1.64341
1.63703
2.5029
1.64382
1.63532
2.46789
2.4735
1.65314
1.64004
2.45939
2.46777
1.64121
2.49966
1.66099
1.60654
2.4757
2.48689
1.6539
2.4702
2.46424
2.49456
1.65272
2.46424
1.643
2.47607
2.48172
1.64382
1.63559
1.6483
2.45902
1.64858
2.49419
2.47057
2.49655
1.62713
1.63607
2.44505
2.47338
2.46375
2.48049
2.45564
1.63511
2.47534
1.63675
2.48788
2.47081
2.46315
1.64052
2.47828
2.46764
1.63491
1.63943
2.456
2.48738
1.64906
2.46947
2.48098
2.49816
1.63641
1.63956
1.65508
1.64403
2.4843
2.46242
1.65404
2.47277
1.64713
2.47387
1.65307
1.62503
1.62544
2.47595
1.6319
1.64011
1.64706
1.63765
1.63122
1.63792
2.50527
2.48615
1.64927
2.48479
2.50028
2.5024
2.48455
2.49022
1.64472
2.47277
1.64554
2.46594
1.64437
1.65189
1.64245
2.47644
2.48381
2.46679
1.64417
2.45685
1.63033
2.48172
2.48689
1.64575
2.45528
2.48985
1.63218
2.46837
2.48615
2.49047
1.65113
1.65709
2.45963
1.65203
1.62313
1.62802
2.48677
2.48405
2.4735
1.65141
1.65674
2.48393
1.64451
2.47277
2.46424
1.64754
2.48578
1.64616
2.50078
1.63669
1.63963
1.65051
2.46169
2.49568
2.48677
1.63723
1.64775
1.64678
2.48516
1.62904
2.49121
2.46521
2.48012
2.46351
1.63593
2.48405
2.46594
1.63765
2.49022
2.47081
2.45648
2.49258
2.4646
1.64961
1.64004
1.62802
1.63388
2.47045
1.64369
1.64644
2.48874
1.63334
1.63491
1.63491
2.48418
2.48196
1.63013
2.4583
1.63354
1.63402
1.64699
2.48529
2.44361
2.48344
1.63696
2.48012
2.49493
2.47607
2.48652
2.5084
2.49159
1.64554
1.6397
1.6492
2.46947
1.64224
2.49208
2.47191
2.45552
2.49816
1.63443
2.48652
1.64403
1.65737
1.64437
1.63812
2.46813
2.47045
1.6463
2.47877
1.65376
2.4927
1.64706
1.63806
1.65024
2.45552
2.46935
1.63936
2.49307
2.49468
2.48086
2.46448
1.64334
2.4927
2.48356
1.64259
2.4784
2.48332
1.64892
2.47252
2.47693
1.64417
1.64899
2.43847
1.65716
1.63922
1.63744
1.64941
2.48
1.65321
2.46825
2.47265
2.48098
2.46412
2.488
2.47228
2.48221
2.45491
1.63771
1.63682
2.48714
2.48726
1.62286
1.64375
1.64011
1.64527
1.63929
1.65162
2.47595
1.63867
2.4757
1.65688
1.65044
1.63559
1.64279
1.62986
1.63375
1.64472
1.64899
2.45987
2.47252
2.48233
2.47265
2.47717
2.46898
1.64121
1.63915
2.47938
2.45951
1.63443
2.46375
2.4843
2.48788
1.61778
1.63689
1.64458
2.47191
1.62693
2.48122
2.45927
1.6421
1.64568
2.46825
1.6573
1.64272
2.46789
2.48837
1.64486
1.66008
1.64499
2.47375
1.64162
1.63758
2.48985
1.63409
2.4784
1.63211
1.6419
2.49555
2.4963
1.64341
2.47399
1.65543
2.48393
2.49171
2.47717
1.63204
2.47472
1.64272
2.46509
2.48541
2.45359
2.45721
2.44985
1.65591
1.64899
1.63429
1.64073
1.65286
2.48196
2.46436
2.48455
2.46266
1.6386
1.65196
2.47008
1.6521
1.65058
1.64761
1.63068
2.44661
2.46996
2.45975
2.45963
2.47106
1.64355
2.47106
1.64025
2.44553
2.48086
2.44625
1.63429
2.50065
2.47436
2.47094
1.65911
1.63108
2.46825
2.47693
2.44517
1.64527
1.65508
1.65626
1.65037
2.48442
2.47889
1.64872
1.65647
2.47155
2.46339
1.63129
1.64554
2.49047
1.65647
2.4784
1.64541
1.63204
2.46424
1.6386
2.49109
1.66426
1.64982
2.44817
1.64272
2.49903
1.64658
2.48677
2.48849
2.48862
1.64479
2.46923
2.47754
1.64899
1.65369
1.64637
2.49667
2.48086
1.64499
1.64651
2.4513
1.6345
2.45491
2.48541
1.63204
2.46716
1.62401
2.46984
1.64444
2.46764
2.46011
2.45975
2.45963
1.62924
1.62571
2.49767
1.66915
2.48295
1.63758
2.47008
2.48529
1.65681
1.64823
2.46594
2.48874
1.62489
1.64844
1.65196
2.46606
1.64548
2.49208
2.44469
2.48738
2.4702
1.65404
2.5009
2.47497
1.63122
1.64348
1.65003
2.48504
2.50152
1.65584
2.46363
1.65321
2.48961
2.48356
1.65799
2.46813
2.48553
2.50577
1.65238
2.47423
2.50227
2.47436
1.64568
2.46278
2.4501
1.64816
1.65633
1.65162
2.48233
2.49332
1.63778
2.48627
1.64121
2.5004
2.46412
1.63518
1.63792
2.48627
1.63737
2.47118
1.63224
2.47216
2.46923
1.66419
1.63902
1.6421
1.6358
2.48295
1.64314
2.47106
2.48442
2.48541
1.64025
2.46667
2.47142
2.4724
2.49344
2.46874
2.47914
1.64142
2.49357
1.63573
1.63669
1.63991
1.64941
2.48122
2.48073
2.46448
2.48332
2.47803
1.64245
2.45564
2.46996
1.63518
1.63771
1.63231
2.49382
2.47326
2.4746
1.63655
2.47742
1.64699
1.64355
1.64878
1.64706
2.48455
2.48455
2.49245
2.47717
1.63409
2.48961
1.6358
2.48258
2.45491
2.44625
1.65058
1.63819
1.62666
1.63874
2.488
2.47607
1.64472
2.47362
1.64073
2.46545
1.63422
2.47277
2.46874
2.46704
1.63395
2.46594
1.64197
1.63737
2.46898
2.48049
2.47534
2.4827
2.48936
1.65183
1.66978
1.64637
1.63238
2.47289
2.47975
1.63908
1.63758
1.66043
2.47766
1.63265
1.65681
2.47877
1.63607
1.65155
2.49245
2.46096
1.64314
1.62931
2.48973
2.47338
2.4629
1.65674
2.49357
1.63915
2.50028
1.65404
1.64087
1.6564
2.46789
2.46704
2.47595
2.46655
2.47399
1.64259
1.64692
1.64259
2.44661
1.63799
1.6512
1.6441
2.49233
1.64796
1.64872
2.48603
1.64554
2.46011
2.49991
2.48529
2.48196
2.47779
2.49295
1.63573
1.63943
2.45709
2.46545
1.64954
1.65224
2.46959
2.47497
2.45854
1.64341
1.63888
2.46801
1.64018
1.64637
1.64479
2.49742
2.49258
2.46764
2.46145
2.46133
1.64437
2.46874
2.49468
2.47106
2.48184
1.64851
2.48998
1.64341
2.4525
2.46145
2.48036
1.64713
2.47742
1.63648
1.62625
2.45733
2.45673
1.6441
2.48492
2.47766
2.48948
2.47987
2.50552
2.48553
1.65897
2.47399
2.43716
2.4859
1.64665
1.62972
1.63183
2.48122
1.6408
1.64603
1.64554
2.45878
1.64018
1.63881
2.47815
1.64878
1.65911
2.50003
1.65584
1.63819
2.47277
1.64637
1.63874
1.6421
1.64458
2.46363
1.64809
1.63648
1.66231
1.63375
2.47766
2.47815
1.62578
1.63381
1.63812
1.63183
2.46375
1.65189
1.63991
1.6289
1.62924
2.4583
1.62979
1.64878
2.46935
2.48332
2.47705
2.48024
1.63812
2.46935
2.48405
1.636
2.49307
2.48418
2.47987
1.63259
2.48221
1.64623
1.64334
2.48393
1.63354
1.64596
2.49221
1.651
2.45915
1.64658
1.62931
1.66308
1.65466
1.64561
2.46424
1.63559
1.63641
2.45999
1.6358
1.63395
1.64816
1.64761
1.64644
2.49754
1.62761
2.48098
1.63607
2.45818
1.64644
1.63566
1.64389
1.6194
2.49493
2.47607
1.63347
1.65293
1.64362
1.64417
1.65674
1.64492
2.47595
1.64424
2.47521
1.64272
1.64761
2.46716
2.48874
2.5014
2.48911
1.65293
1.64499
1.64823
1.65051
2.48553
2.46911
1.64941
1.65079
1.64046
1.64996
2.48012
2.48405
1.64713
2.47411
1.65169
2.47963
2.49159
1.64382
2.47803
2.48073
2.47791
2.46497
2.46133
1.64314
2.48862
1.63888
1.6334
1.6472
2.48985
1.64231
1.6548
1.65619
1.62639
1.64348
2.47705
1.63675
1.65266
2.46181
1.64087
1.63998
2.46096
2.4612
2.48479
2.4773
2.50177
1.65626
1.63723
2.45769
1.63771
2.46777
1.63977
1.6419
2.48172
1.64066
2.47472
2.43657
1.65003
1.64424
1.65093
1.63833
2.4623
1.65932
1.63525
1.63477
1.6386
2.45806
2.49171
2.49035
2.48899
1.65557
2.46436
1.65335
1.64858
1.63902
2.48553
2.49506
2.4827
2.48874
1.64651
2.47216
1.64803
2.49245
2.48603
1.63395
2.47362
2.46448
1.64121
2.47033
2.48196
1.64424
2.45902
2.49369
1.64699
1.63108
2.47338
2.46217
2.4606
1.63792
1.65328
2.44577
2.47362
2.48924
2.4859
2.48282
2.49431
1.63943
2.49655
2.47289
2.46631
2.47754
2.49084
1.6492
1.64279
2.47815
1.6334
2.47155
1.63027
1.63607
1.64265
2.47326
2.47265
1.64775
1.64651
1.65266
2.47094
1.64479
1.63929
2.45612
1.64004
1.65362
2.47914
2.43657
1.64217
2.44469
2.50502
2.46485
1.64135
1.65196
2.48036
1.64245
2.49966
2.47914
1.64389
2.46716
1.64286
1.63559
2.47791
1.64906
1.63429
1.653
2.49233
1.62408
1.64369
2.46582
2.49357
1.64948
2.48911
2.48948
1.6317
2.49282
1.6345
2.48726
1.65945
1.6358
1.64479
1.64018
1.6472
2.47975
2.49369
1.63717
2.46387
2.46266
1.66252
2.47754
2.46448
1.63074
1.64844
1.63744
2.49097
2.47106
2.4746
2.47607
2.50227
1.63956
2.45745
2.4629
1.6512
1.64851
1.63778
1.66092
2.48086
2.46959
2.47228
1.64554
1.63504
2.50752
2.48479
1.65793
1.63573
2.46728
1.6386
2.47803
2.47118
2.48393
2.47693
1.64713
1.64204
1.63299
2.46606
1.65272
1.65681
2.46363
1.63388
1.64775
2.47607
1.64761
2.47877
2.48714
1.63211
1.62679
1.63785
1.63902
1.63778
2.47509
1.64059
2.46375
2.45479
1.62986
1.63395
1.63409
1.63847
2.47595
1.6463
2.47975
2.46947
1.64775
1.62816
1.64286
1.63696
2.47534
2.48541
2.47975
1.62775
2.47057
2.47118
2.46205
2.47693
2.48122
2.49978
2.4507
1.64527
1.64699
2.46959
2.47705
2.48837
1.65432
1.63902
2.46631
2.46048
1.64032
1.64011
2.47914
1.63443
2.48899
2.48135
2.46813
2.44613
2.48086
1.63416
1.643
1.64699
2.48467
1.63669
2.48615
1.66321
1.64851
1.6421
1.64844
2.47338
2.49791
1.64658
1.63922
1.62938
2.48073
1.64747
1.64059
2.4864
2.47485
1.64699
2.50227
2.49196
1.64506
2.4623
1.6332
1.63491
1.65017
2.45769
2.45987
2.47265
2.47546
2.47681
1.64224
2.44613
2.48024
2.48578
1.64314
1.65744
2.46898
2.4724
1.64348
2.47033
2.49072
1.63429
2.46813
1.65259
2.46935
1.64403
2.48887
1.62904
1.6539
2.47265
2.46728
1.63491
1.63259
1.63819
2.48442
2.48689
2.47301
1.6463
1.64032
1.6345
1.65522
1.64623
1.64204
1.64568
2.47289
1.63484
2.50252
2.46704
1.63443
1.64245
1.6397
2.4713
2.45915
2.49109
1.64265
2.47252
1.64176
1.63245
2.48049
2.46813
2.47534
2.4501
2.49444
2.46837
1.64906
2.46157
2.48135
1.63422
2.4906
1.63806
2.46048
2.48295
1.64899
1.63279
1.64465
2.48998
1.63648
2.46704
2.48479
2.45612
1.63422
1.63525
2.48233
2.48726
1.64066
2.46679
2.49928
2.47534
2.50489
2.46157
1.6408
1.65883
1.65584
2.4864
2.48615
1.64575
1.63224
2.47203
1.62476
1.63388
1.62503
1.66517
2.4623
2.46302
2.45455
1.64403
1.64327
2.45359
1.64486
1.64913
2.46145
2.47583
2.48208
2.47534
1.6441
1.6332
1.64885
1.64699
1.63799
2.45504
2.4724
1.63511
2.47595
1.64059
2.45745
1.63047
1.63758
2.47926
2.49617
2.47387
2.46813
1.65051
1.63545
1.63874
2.48024
1.64761
2.49531
2.49928
1.65072
1.66356
1.63765
1.65487
1.64885
1.64018
1.63197
2.464
2.49841
1.64265
1.64369
1.64713
1.6304
2.45806
2.49171
2.49419
1.64238
1.64568
1.64596
1.64279
2.47926
1.64355
2.46825
2.46728
2.45987
2.48319
1.62741
2.4623
1.64039
2.46837
2.46217
1.63231
2.47975
1.64162
2.45794
2.47142
1.65674
1.6397
1.64872
1.6432
2.4657
2.48282
2.4795
1.62965
2.48393
1.62795
2.48073
2.47815
1.63566
1.64906
1.653
1.65376
1.64616
2.47791
1.64437
2.47277
2.46728
2.48061
1.63183
1.62435
2.4724
2.47521
2.4525
1.62469
1.65127
1.6373
1.63662
1.63525
2.4927
1.64046
1.63539
1.64018
1.65702
2.44781
1.62734
2.48677
1.64417
1.63778
1.64885
2.48689
2.46242
1.64948
1.63929
1.64066
2.47265
2.47362
1.62306
2.47938
2.48738
1.6432
1.64149
1.64052
1.63265
2.45866
2.48763
2.4646
2.47656
1.64183
1.65827
2.45323
2.46133
1.6408
1.64492
2.47252
1.66224
2.48135
1.65744
1.64217
1.64011
1.64878
2.47681
1.63744
2.47472
2.46363
1.64865
2.46874
2.49966
1.65335
1.64844
2.47485
2.48233
2.48701
1.6397
1.62462
2.49841
1.65848
2.49245
1.63806
1.6452
1.62618
1.62049
1.65945
2.49295
1.64844
2.47094
1.64623
1.63115
1.65848
1.64541
2.47975
1.64066
2.47779
2.4674
2.46837
1.63703
1.64369
2.48726
1.63381
1.65037
2.45769
1.62788
1.64334
2.46911
2.46801
2.46315
1.6432
2.49282
1.62795
1.65772
2.49084
1.64506
1.63826
1.643
1.64823
2.46716
1.64032
2.46448
1.63902
2.48479
2.47387
1.64568
2.49134
1.63847
1.63231
2.47265
1.63854
1.636
1.64011
1.65834
2.47852
2.48159
1.64183
2.48418
1.64437
1.63922
2.47228
2.46351
2.46923
2.48442
1.64665
2.49035
2.45588
1.6345
1.65065
2.46984
2.47595
2.4724
1.64913
1.64032
2.45661
1.64554
1.63293
2.46594
1.6432
1.6408
1.64486
1.636
2.48973
1.63854
2.45987
1.63806
2.47938
1.6443
2.46157
2.48887
2.49891
1.64527
2.49729
1.62856
2.45975
2.45915
2.46217
1.63504
2.47191
2.49332
2.46679
2.49344
1.63902
2.48381
1.64472
1.6564
1.64176
1.64816
2.47118
2.48172
2.47742
2.47033
2.47179
2.464
1.63998
1.63867
1.6441
2.48541
2.46497
1.64768
2.46923
1.64554
2.49518
2.46363
2.46777
2.47889
1.65141
2.49829
1.65238
1.63792
1.65307
1.63895
1.64458
1.63669
1.64272
1.64844
1.64094
1.66643
2.48677
2.48073
2.47828
1.6384
2.49966
2.45709
1.65141
1.63799
2.47644
2.44601
2.47558
2.456
1.6345
1.64727
2.48862
1.64073
2.4724
1.62952
2.49035
2.49121
1.6397
2.49258
2.47521
1.65425
1.6441
1.63799
1.63402
2.48196
1.65065
1.64101
1.66064
2.47877
1.64782
1.64094
1.65134
2.47008
2.45311
1.64101
2.48245
2.48393
2.47889
1.63299
1.63334
2.47338
2.45576
1.64554
2.46339
2.47681
1.63511
2.48998
1.64362
2.47008
2.48086
2.48036
2.4724
1.64149
2.47179
2.47094
2.45552
1.63429
1.63218
1.6472
2.47877
2.47338
2.48874
2.4674
2.47313
2.47216
2.46558
2.47901
1.64327
1.64982
1.64369
2.4901
1.63443
1.6347
1.6255
1.64816
2.45939
1.63402
2.50103
1.6452
2.48381
2.49593
2.47877
1.64548
2.49431
2.47436
2.46691
1.64032
2.45697
2.48936
2.49146
2.47681
1.6503
2.48012
1.62911
1.63977
1.64568
1.62924
2.47815
1.64142
2.48381
1.63662
1.65051
2.48061
2.44445
2.46096
1.65217
2.48368
1.6347
1.66119
2.48714
1.6408
1.64142
1.64644
2.49568
1.6332
1.64623
1.63552
2.48245
1.64548
1.62646
1.64424
1.66001
1.64582
2.47742
1.6419
2.4735
2.4657
2.4906
2.47472
2.48936
1.64259
1.65106
2.48504
2.48208
2.46631
2.48862
2.46582
2.46618
2.46911
2.46339
1.64899
1.6461
2.47069
1.62788
2.48553
1.64011
2.47815
1.65238
2.46558
1.64217
2.47277
1.63518
2.47901
2.48578
1.63943
1.6317
2.46072
2.4864
1.63033
1.63819
1.62822
2.47963
1.65217
1.63347
2.47338
2.47008
2.48627
1.65425
1.63614
2.48516
1.64892
2.45733
1.64155
2.48098
2.50315
2.49642
1.63881
1.64252
1.63436
1.63429
2.48196
1.6304
1.65189
1.64231
1.62171
2.47656
1.64059
1.63204
1.62503
1.6397
1.64678
2.49307
1.63634
2.5009
2.46036
2.47008
1.64754
key space reduction: -0
prob, dist: 
1.6425 49.5117
2.47571 50.4883
==============================================
Overall: 
The following is the probability distribution: 
Key reduction: -1.58637
64.432: 9.44361e-05
64.531: 0.00113323
64.597: 0.00604391
64.631: 0.0033997
64.638: 0.000188872
64.696: 0.0725269
64.738: 0.00113323
64.796: 0.217581
64.803: 0.0120878
64.845: 9.44361e-05
64.903: 0.0725269
65.01: 0.00604391
65.249: 0.0157708
65.265: 9.62988e-05
65.348: 0.18925
65.364: 0.00115559
65.43: 0.00616312
65.448: 0.56775
65.455: 0.0315417
65.464: 0.00346676
65.471: 0.000192598
65.53: 0.0739574
65.555: 0.18925
65.571: 0.00115559
65.606: 0.0138821
65.629: 0.221872
65.637: 0.0123262
65.662: 0.0157708
65.678: 9.62988e-05
65.706: 0.166585
65.736: 0.0739574
65.805: 0.499756
65.813: 0.0277642
65.843: 0.00616312
65.912: 0.166585
66.019: 0.0138821
66.082: 0.0160819
66.181: 0.192983
66.262: 0.0469347
66.281: 0.578948
66.288: 0.0321638
66.361: 0.563217
66.388: 0.192983
66.439: 0.0141559
66.461: 1.68965
66.468: 0.0938695
66.495: 0.0160819
66.539: 0.169871
66.568: 0.563217
66.638: 0.509613
66.646: 0.0283118
66.674: 0.0469347
66.745: 0.169871
66.754: 0.000188872
66.852: 0.0141559
66.853: 0.00113323
66.919: 0.0120878
66.96: 0.000188872
66.989: 0.0345636
67.018: 0.0725269
67.088: 0.414763
67.095: 0.0478605
67.125: 0.0120878
67.188: 1.24429
67.194: 0.574326
67.195: 0.0691272
67.294: 1.72298
67.295: 0.414763
67.301: 0.095721
67.339: 0.00113323
67.352: 0.00613835
67.401: 0.574326
67.402: 0.0345636
67.438: 0.0067994
67.452: 0.0736602
67.464: 0.00746045
67.504: 0.0725269
67.508: 0.0478605
67.545: 0.00113323
67.552: 0.22098
67.559: 0.0122767
67.564: 0.0895254
67.571: 0.0315417
67.587: 0.000192598
67.591: 0.0067994
67.603: 0.435162
67.658: 0.0736602
67.663: 0.268576
67.67: 0.204171
67.685: 0.00623278
67.686: 0.00115559
67.69: 0.0815928
67.71: 0.0725269
67.752: 0.0123262
67.765: 0.00613835
67.77: 0.0895254
67.776: 0.00689384
67.777: 0.0315417
67.784: 0.0747934
67.79: 0.244778
67.793: 0.000192598
67.797: 0.0135988
67.822: 0.0352453
67.852: 0.0739574
67.863: 0.00689384
67.875: 0.082726
67.877: 0.00746045
67.884: 0.22438
67.891: 0.0124656
67.897: 0.0815928
67.922: 0.422944
67.928: 0.0277642
67.945: 0.00632722
67.958: 0.0123262
67.962: 0.082726
67.975: 0.248178
67.982: 0.0137877
67.991: 0.0747934
68.004: 0.0067994
68.021: 1.26883
68.028: 0.237076
68.038: 0.00613835
68.045: 0.0759266
68.062: 0.248178
68.069: 0.0137877
68.082: 0.082726
68.097: 0.00623278
68.128: 0.422944
68.134: 0.0277642
68.138: 0.0736602
68.144: 0.22778
68.151: 0.0126544
68.156: 0.18925
68.169: 0.082726
68.172: 0.00115559
68.186: 0.00625942
68.189: 0.00689384
68.234: 0.00623278
68.235: 0.0352453
68.237: 0.22098
68.244: 0.0122767
68.251: 0.0759266
68.255: 1.1355
68.271: 0.00693351
68.275: 0.00689384
68.285: 0.075113
68.297: 0.0076076
68.333: 0.0747934
68.337: 0.0739574
68.339: 0.000188872
68.344: 0.0736602
68.358: 0.00632722
68.362: 0.18925
68.378: 0.00115559
68.385: 0.225339
68.392: 0.0125188
68.397: 0.0912912
68.404: 0.0321638
68.424: 0.00693351
68.433: 0.22438
68.437: 0.443745
68.438: 0.00113323
68.44: 0.0124656
68.451: 0.00613835
68.492: 0.075113
68.496: 0.273874
68.503: 0.192983
68.504: 0.027303
68.513: 0.166585
68.518: 0.00635572
68.523: 0.0832021
68.54: 0.0747934
68.543: 0.0739574
68.545: 0.000188872
68.583: 0.0938695
68.599: 0.00625942
68.603: 0.163818
68.609: 0.00702981
68.61: 0.0321638
68.613: 0.999512
68.617: 0.0762686
68.623: 0.249606
68.63: 0.013867
68.646: 0.00623278
68.683: 0.563217
68.696: 0.00702981
68.708: 0.0843577
68.71: 0.0196954
68.717: 0.228806
68.719: 0.166585
68.724: 0.0127114
68.73: 0.0832021
68.761: 0.0283118
68.778: 0.00645202
68.79: 0.0938695
68.795: 0.0843577
68.808: 0.253073
68.815: 0.0140596
68.824: 0.0762686
68.837: 0.00693351
68.861: 0.169871
68.871: 0.00625942
68.877: 0.00963248
68.878: 0.0774242
68.895: 0.253073
68.902: 0.0140596
68.915: 0.0843577
68.931: 0.00635572
68.968: 0.0283118
68.971: 0.075113
68.976: 0.11559
68.977: 0.232273
68.985: 0.012904
68.989: 0.192983
69.002: 0.0843577
69.022: 0.00702981
69.067: 0.00635572
69.07: 0.225339
69.075: 9.44361e-05
69.076: 0.346769
69.078: 0.0125188
69.083: 0.019265
69.084: 0.0774242
69.088: 1.1579
69.109: 0.00702981
69.156: 0.0315417
69.166: 0.0762686
69.168: 0.563217
69.172: 0.000192598
69.177: 0.075113
69.183: 0.11559
69.191: 0.00645202
69.195: 0.192983
69.241: 0.00604391
69.255: 0.18925
69.266: 0.228806
69.268: 3.3793
69.271: 0.00115559
69.273: 0.0127114
69.284: 0.00625942
69.29: 0.00963248
69.311: 0.0762099
69.337: 0.0123262
69.346: 0.169871
69.362: 0.0315417
69.373: 0.0762686
69.375: 0.563217
69.378: 0.000192598
69.41: 0.414763
69.411: 0.0849925
69.417: 0.095721
69.437: 0.0739574
69.446: 1.01923
69.48: 0.00635572
69.511: 0.254977
69.513: 0.0277642
69.516: 0.574326
69.517: 0.0691272
69.518: 0.0141654
69.543: 0.0123262
69.553: 0.169871
69.613: 0.166585
69.617: 0.0849925
69.623: 0.095721
69.66: 0.00113323
69.674: 0.0122767
69.71: 0.00982247
69.719: 0.0277642
69.724: 0.00708271
69.774: 0.0736602
69.786: 0.0149209
69.799: 0.000283308
69.81: 0.11787
69.826: 0.0725269
69.881: 0.0122767
69.885: 0.0895254
69.893: 0.0157708
69.896: 0.414763
69.899: 0.0033997
69.909: 0.353705
69.913: 0.0135988
69.917: 0.0196449
69.989: 0.0321638
69.992: 0.0149209
69.995: 2.48858
69.998: 0.0101991
70.002: 0.574326
70.005: 0.000566617
70.006: 0.0124656
70.012: 0.0815928
70.016: 0.11787
70.074: 0.00616312
70.088: 0.192983
70.098: 0.0137877
70.101: 3.44595
70.102: 0.414763
70.105: 0.0033997
70.106: 0.0747934
70.119: 0.0135988
70.123: 0.00982247
70.144: 0.0704907
70.145: 0.00722241
70.168: 0.0938695
70.184: 0.0137877
70.195: 0.0321638
70.197: 0.082726
70.208: 0.574326
70.212: 0.000283308
70.213: 0.0124656
70.244: 0.509613
70.245: 0.0033997
70.25: 0.0138821
70.259: 0.0736602
70.267: 0.0126544
70.268: 0.563217
70.284: 0.082726
70.304: 0.0137877
70.344: 0.260007
70.346: 0.0283118
70.35: 0.0704907
70.351: 0.0144448
70.359: 0.441961
70.36: 0.0122767
70.366: 0.0759266
70.371: 0.0895254
70.375: 0.0938695
70.391: 0.0137877
70.411: 0.217581
70.446: 0.169871
70.451: 0.0866689
70.459: 0.0736602
70.466: 0.0736602
70.47: 0.537153
70.473: 0.0126544
70.477: 0.18925
70.494: 0.00115559
70.498: 0.0815928
70.508: 0.0125188
70.553: 0.0283118
70.555: 0.0124656
70.558: 0.00722241
70.566: 0.0122767
70.577: 0.0895254
70.591: 0.0747934
70.597: 0.489557
70.607: 0.075113
70.619: 0.0152152
70.632: 0.000288896
70.655: 0.0747934
70.659: 0.0739574
70.66: 0.000188872
70.683: 0.082726
70.691: 0.44876
70.704: 0.0815928
70.714: 0.0125188
70.719: 0.0912912
70.726: 0.0160819
70.729: 0.422944
70.732: 0.00346676
70.746: 0.013867
70.762: 0.0124656
70.769: 0.082726
70.782: 0.496356
70.798: 0.0747934
70.826: 0.027303
70.828: 2.53766
70.831: 0.0104003
70.835: 0.166585
70.839: 0.000577793
70.84: 0.0127114
70.845: 0.0832021
70.852: 0.0759266
70.869: 0.496356
70.889: 0.082726
70.896: 0.0691272
70.905: 0.0469347
70.931: 0.0140596
70.935: 0.422944
70.938: 0.00346676
70.939: 0.0762686
70.945: 0.0736602
70.951: 0.45556
70.952: 0.013867
70.976: 0.082726
70.995: 0.414763
71.002: 0.095721
71.018: 0.0140596
71.03: 0.0843577
71.044: 0.441961
71.045: 0.000288896
71.046: 0.0127114
71.058: 0.0759266
71.062: 0.56775
71.079: 0.00346676
71.083: 0.0141559
71.093: 0.075113
71.1: 0.012904
71.101: 0.574326
71.102: 0.0691272
71.117: 0.0843577
71.137: 0.0140596
71.14: 0.0747934
71.151: 0.0736602
71.192: 0.450678
71.193: 0.0125188
71.199: 0.019265
71.2: 0.0774242
71.204: 0.0912912
71.208: 0.095721
71.224: 0.0140596
71.24: 0.44876
71.244: 0.221872
71.245: 0.00113323
71.259: 0.0122767
71.293: 0.075113
71.298: 0.11559
71.299: 0.075113
71.304: 0.547747
71.307: 0.012904
71.311: 0.192983
71.331: 0.0832021
71.347: 0.0747934
71.359: 0.0736602
71.371: 0.0149209
71.389: 0.0127114
71.4: 0.0125188
71.405: 0.019265
71.411: 0.163818
71.42: 0.499756
71.425: 0.0762686
71.43: 0.499213
71.466: 0.0122767
71.47: 0.0895254
71.477: 0.0315417
71.488: 0.0762686
71.49: 0.563217
71.494: 0.000192598
71.498: 0.0135988
71.516: 0.0843577
71.524: 0.457612
71.537: 0.0832021
71.577: 0.0149209
71.591: 0.0124656
71.595: 0.0127114
71.597: 0.0815928
71.603: 0.0843577
71.615: 0.506146
71.631: 0.0762686
71.633: 0.048729
71.659: 0.0123262
71.668: 0.169871
71.683: 0.0137877
71.685: 0.0774242
71.691: 0.0747934
71.702: 0.506146
71.704: 0.0135988
71.722: 0.0843577
71.729: 0.0704907
71.733: 0.0849925
71.739: 0.0478605
71.769: 0.0137877
71.778: 0.075113
71.782: 0.082726
71.784: 0.11559
71.785: 0.464545
71.798: 0.0124656
71.809: 0.0843577
71.828: 0.422944
71.835: 0.0277642
71.84: 0.0141654
71.852: 0.0126544
71.869: 0.082726
71.878: 0.450678
71.883: 0.693539
71.889: 0.0137877
71.892: 0.0774242
71.896: 0.578948
71.935: 0.0704907
71.945: 0.0122767
71.951: 0.0759266
71.974: 0.0762686
71.976: 0.0137877
71.985: 0.075113
71.99: 0.11559
71.996: 0.00613835
72.032: 0.0196449
72.044: 0.0736602
72.058: 0.0126544
72.062: 0.18925
72.073: 0.457612
72.075: 1.68965
72.079: 0.00115559
72.093: 0.0125188
72.108: 0.00746045
72.121: 0.000566617
72.132: 0.11787
72.14: 0.0124656
72.151: 0.0122767
72.18: 0.0762686
72.192: 0.075113
72.204: 0.0152152
72.218: 0.499756
72.221: 0.0033997
72.235: 0.0067994
72.238: 0.0196449
72.24: 0.0747934
72.244: 0.0739574
72.245: 9.44361e-05
72.253: 0.509613
72.299: 0.0125188
72.304: 0.0912912
72.311: 0.0321638
72.318: 0.509955
72.324: 0.574326
72.327: 0.000566617
72.328: 0.00623278
72.331: 0.013867
72.347: 0.0124656
72.411: 0.0212591
72.42: 0.173479
72.425: 0.0977039
72.43: 0.0832021
72.466: 0.0352453
72.467: 0.0144448
72.49: 0.0938695
72.506: 0.00689384
72.516: 0.0140596
72.524: 0.0762686
72.537: 0.013867
72.566: 0.0866689
72.581: 0.0736602
72.589: 0.00632722
72.603: 0.0140596
72.615: 0.0843577
72.617: 0.11787
72.631: 0.0127114
72.668: 0.0283118
72.673: 0.0144448
72.682: 0.00613835
72.685: 0.012904
72.693: 0.0895254
72.702: 0.0843577
72.706: 0.0033997
72.716: 0.707218
72.722: 0.0140596
72.778: 0.0125188
72.784: 0.019265
72.785: 0.0774242
72.803: 1.24429
72.805: 0.0203982
72.809: 0.0140596
72.82: 0.0815928
72.823: 0.11787
72.829: 0.00625942
72.877: 0.00623278
72.878: 0.075113
72.883: 0.11559
72.892: 0.012904
72.896: 0.192983
72.909: 1.72298
72.912: 0.0033997
72.913: 0.0747934
72.941: 0.0076076
72.954: 0.000577793
72.974: 0.0127114
72.985: 0.0125188
72.99: 0.019265
73.005: 0.082726
73.051: 0.422944
73.052: 0.0866689
73.054: 0.00346676
73.062: 0.0157708
73.068: 0.00693351
73.073: 0.0762686
73.075: 0.563217
73.079: 9.62988e-05
73.091: 0.082726
73.151: 0.520013
73.161: 0.000577793
73.162: 0.00635572
73.166: 0.22098
73.174: 0.0759266
73.18: 0.0127114
73.218: 0.0832926
73.244: 0.00616312
73.253: 0.176901
73.258: 0.0866689
73.267: 0.0736602
73.278: 0.268576
73.318: 0.0849925
73.324: 0.095721
73.34: 0.00702981
73.405: 0.244778
73.414: 0.075113
73.42: 0.0138821
73.422: 0.00645202
73.425: 0.0141654
73.462: 0.0747934
73.498: 0.22438
73.515: 0.00625942
73.521: 0.00963248
73.526: 0.0912912
73.539: 0.00346676
73.581: 0.0122767
73.589: 0.248178
73.617: 0.0196449
73.636: 1.26883
73.639: 0.0208005
73.653: 0.0832021
73.676: 0.248178
73.693: 0.0149209
73.706: 0.000566617
73.711: 0.00635572
73.716: 0.11787
73.746: 0.00346676
73.747: 0.0762686
73.759: 0.22778
73.803: 0.414763
73.805: 0.0033997
73.82: 0.0135988
73.823: 0.0196449
73.838: 0.0843577
73.852: 0.22098
73.896: 0.0160819
73.909: 0.574326
73.912: 0.000566617
73.913: 0.0124656
73.925: 0.0843577
73.955: 0.00708271
73.999: 0.225339
74.005: 0.0137877
74.007: 0.0774242
74.047: 0.22438
74.051: 0.0704907
74.052: 0.0144448
74.075: 0.0469347
74.091: 0.0137877
74.1: 0.075113
74.106: 0.11559
74.111: 0.273874
74.151: 0.0866689
74.166: 0.0736602
74.174: 0.0126544
74.238: 0.249606
74.253: 0.0141559
74.258: 0.0144448
74.267: 0.0122767
74.278: 0.0895254
74.296: 0.0762686
74.332: 0.228806
74.354: 0.00982247
74.405: 0.0815928
74.414: 0.0125188
74.423: 0.253073
74.443: 0.000283308
74.462: 0.0124656
74.498: 0.0747934
74.51: 0.253073
74.526: 0.0152152
74.539: 0.000577793
74.54: 0.0849925
74.589: 0.082726
74.592: 0.232273
74.636: 0.422944
74.639: 0.00346676
74.653: 0.013867
74.676: 0.082726
74.685: 0.225339
74.691: 0.346769
74.746: 0.000577793
74.747: 0.0127114
74.759: 0.0759266
74.789: 0.00722241
74.803: 0.0345636
74.838: 0.0140596
74.852: 0.0736602
74.881: 0.228806
74.909: 0.0478605
74.925: 0.0140596
74.939: 0.11787
74.999: 0.075113
75.007: 0.012904
75.028: 0.0033997
75.047: 0.0747934
75.1: 0.0125188
75.106: 0.019265
75.111: 0.0912912
75.125: 0.254977
75.166: 0.00613835
75.238: 0.0832021
75.276: 0.000288896
75.278: 0.00746045
75.296: 0.0127114
75.332: 0.0762686
75.374: 0.0866689
75.405: 0.0067994
75.423: 0.0843577
75.498: 0.00623278
75.51: 0.0843577
75.524: 0.353609
75.54: 0.0141654
75.589: 0.00689384
75.592: 0.0774242
75.613: 0.0101991
75.636: 0.0352453
75.676: 0.00689384
75.685: 0.075113
75.691: 0.11559
75.759: 0.00632722
75.852: 0.00613835
75.861: 0.00346676
75.881: 0.0762686
75.939: 0.0196449
75.958: 0.260007
75.999: 0.00625942
76.028: 0.000566617
76.047: 0.00623278
76.111: 0.0076076
76.125: 0.0849925
76.238: 0.00693351
76.332: 0.00635572
76.374: 0.0144448
76.423: 0.00702981
76.446: 0.0104003
76.51: 0.00702981
76.524: 0.11787
76.592: 0.00645202
76.613: 0.0033997
76.685: 0.00625942
76.691: 0.00963248
76.861: 0.000577793
76.881: 0.00635572
76.958: 0.0866689
77.125: 0.00708271
77.446: 0.00346676
77.524: 0.00982247
77.613: 0.000283308
77.958: 0.00722241
78.446: 0.000288896
==============================================
