original prob: 187
probability if we exclude those that are not involved in any constraints: 187
00,00,00,00, 00,00,00,00, 00,00,00,00, 00,00,00,00, 10,00,00,00,
00,00,00,00, 00,00,00,00, 00,00,00,00, 00,00,00,00, 00,00,00,00,
00,00,00,00, 00,00,00,00, 00,00,00,00, 00,00,00,00, 00,00,00,00,
00,08,00,00, 00,10,00,00, 00,10,00,00, 10,00,00,00, 00,00,00,00,

00,00,00,00, 00,00,00,00, 00,00,00,00, 00,00,00,00, 00,00,00,00,
00,00,00,00, 00,00,00,00, 00,00,00,00, 00,00,00,00, 00,00,00,00,
00,00,00,00, 00,00,00,00, 00,00,00,00, 00,00,00,00, 00,00,00,00,
00,00,00,00, 00,01,00,00, 00,01,00,00, 01,00,00,00, 00,00,00,00,

-------------------------------------------------------
10,00,00,00, 40,00,00,00, 00,00,00,00, 00,00,00,00, 00,00,00,00,
00,00,00,00, 00,00,00,00, 00,00,00,00, 00,00,00,00, 00,00,00,00,
00,00,00,00, 00,00,00,00, 00,00,00,00, 00,00,00,00, 00,00,00,00,
00,00,00,00, 00,00,00,00, 00,00,00,00, 00,00,00,00, 00,00,00,00,

00,00,00,00, 01,00,00,00, 01,00,00,00, 01,00,00,00, 00,00,00,00,
00,00,00,00, 00,00,00,00, 00,00,00,00, 00,00,00,00, 01,00,00,00,
00,00,00,00, 00,00,00,00, 00,00,00,00, 00,00,00,00, 00,00,00,00,
00,00,00,00, 00,00,00,00, 00,00,00,00, 00,00,00,00, 00,00,00,00,

-------------------------------------------------------
00,00,00,00, 00,00,00,00, 00,00,00,00, 00,00,00,00, 00,00,00,00,
00,00,00,00, 00,00,00,00, 00,00,00,00, 00,00,00,00, 00,00,00,00,
00,00,00,00, 00,00,00,00, 00,00,00,00, 00,00,00,00, 00,00,00,00,
00,00,00,00, 00,00,00,00, 00,00,00,00, 00,00,00,00, 00,00,00,00,

00,00,00,00, 00,00,00,00, 00,00,00,00, 00,00,00,00, 00,00,00,00,
01,00,00,00, 01,00,00,00, 01,00,00,00, 00,01,00,00, 00,00,00,00,
00,00,00,00, 00,00,00,00, 00,00,00,00, 00,00,00,00, 00,00,00,00,
00,00,00,00, 00,00,00,00, 00,00,00,00, 00,00,00,00, 00,00,00,00,

-------------------------------------------------------
00,00,00,00, 00,00,00,00, 00,00,00,00, 00,00,00,00, 00,00,00,00,
00,00,00,00, 00,00,00,00, 00,00,00,00, 00,00,00,00, 00,00,00,00,
00,00,00,00, 00,00,00,00, 00,00,00,00, 00,00,00,00, 00,00,00,00,
00,00,00,00, 00,00,00,00, 00,00,00,00, 00,00,00,00, 00,00,00,00,

00,00,00,00, 00,00,00,00, 00,00,00,00, 00,00,00,00, 00,00,00,00,
00,00,00,00, 00,00,00,00, 00,00,00,00, 00,00,00,00, 00,00,00,00,
00,00,00,00, 00,00,00,00, 00,00,00,00, 00,00,00,00, 00,00,00,00,
00,00,00,00, 00,00,00,00, 00,00,00,00, 00,00,00,00, 00,00,00,00,

-------------------------------------------------------
00,00,00,00, 00,00,00,00, 00,00,00,00, 00,00,00,00, 00,00,00,00,
00,00,00,00, 00,00,00,00, 00,00,00,00, 00,00,00,00, 00,00,00,00,
00,00,00,00, 00,00,00,00, 00,00,00,00, 00,00,00,00, 00,00,00,00,
00,00,00,00, 00,00,00,00, 00,00,00,00, 00,00,00,00, 00,00,00,00,

00,00,00,00, 00,00,00,00, 00,00,00,00, 00,00,00,00, 00,00,00,00,
00,00,00,00, 00,00,00,00, 00,00,00,00, 00,00,00,00, 00,00,00,00,
00,00,00,00, 00,00,00,00, 00,00,00,00, 00,00,00,00, 00,00,00,00,
00,00,00,00, 00,00,00,00, 00,00,00,00, 00,00,00,00, 00,00,00,00,

-------------------------------------------------------
00,00,00,00, 00,00,00,00, 00,00,00,00, 00,00,00,00, 00,00,00,00,
00,00,00,00, 00,00,00,00, 00,00,00,00, 00,00,00,00, 00,00,00,00,
00,00,00,00, 00,00,00,00, 00,00,00,00, 00,00,00,00, 00,00,00,00,
00,00,00,00, 00,00,00,00, 00,00,00,00, 00,00,00,00, 00,00,00,00,

00,00,00,00, 00,00,00,00, 00,00,00,00, 00,00,00,00, 00,00,00,00,
00,00,00,00, 00,00,00,00, 00,00,00,00, 00,00,00,00, 00,00,00,00,
00,00,00,00, 00,00,00,00, 00,00,00,00, 00,00,00,00, 00,00,00,00,
00,00,00,00, 00,00,00,00, 00,00,00,00, 00,00,00,00, 00,00,00,00,

-------------------------------------------------------
00,00,00,00, 00,00,00,00, 00,00,00,00, 00,00,00,00, 00,00,00,00,
00,00,00,00, 00,00,00,00, 00,00,00,00, 00,00,00,00, 00,00,00,00,
00,00,00,00, 00,00,00,00, 00,00,00,00, 00,00,00,00, 00,00,00,00,
00,00,00,00, 00,00,00,00, 00,00,00,00, 00,00,00,00, 00,00,00,00,

00,00,00,00, 00,00,00,00, 00,00,00,00, 00,00,00,00, 00,00,00,00,
00,00,00,00, 00,00,00,00, 00,00,00,00, 00,00,00,00, 00,00,00,00,
00,00,00,00, 00,00,00,00, 00,00,00,00, 00,00,00,00, 00,00,00,00,
00,00,00,00, 00,00,00,00, 00,00,00,00, 00,00,00,00, 00,00,00,00,

-------------------------------------------------------
00,00,00,00, 00,00,00,00, 00,00,00,00, 00,00,00,00, 00,00,00,00,
00,00,00,00, 00,00,00,00, 00,00,40,00, 00,00,00,40, 00,00,00,00,
00,00,00,00, 00,00,00,00, 00,00,00,00, 00,00,00,00, 00,00,00,40,
00,00,00,00, 00,00,00,00, 00,00,00,00, 00,00,00,00, 00,00,00,00,

00,00,00,00, 00,00,00,00, 00,00,00,00, 00,00,00,00, 00,00,00,00,
00,00,00,00, 00,00,00,00, 00,00,00,00, 00,00,00,00, 00,00,00,00,
00,00,00,00, 00,00,00,00, 00,00,00,00, 00,00,00,00, 00,00,00,00,
00,00,00,00, 00,00,00,00, 00,00,00,00, 00,00,00,00, 00,00,00,00,

-------------------------------------------------------
00,00,00,00, 00,00,00,00, 00,00,00,00, 00,00,00,00, 00,c4,00,00,
00,00,00,00, 00,00,00,00, 00,00,00,00, 00,00,00,00, 00,00,00,00,
00,00,00,40, 00,00,00,c4, 00,00,00,c4, 00,c4,00,00, 00,c4,00,00,
00,00,00,00, 00,00,00,00, 00,00,00,00, 00,00,00,00, 00,c4,00,00,

00,00,00,00, 00,00,00,00, 00,00,00,00, 00,00,00,00, 00,00,00,00,
00,00,00,00, 00,00,00,00, 00,00,00,00, 00,00,00,00, 00,00,00,00,
00,00,00,00, 00,00,00,01, 00,00,00,01, 00,01,00,00, 00,00,00,00,
00,00,00,00, 00,00,00,00, 00,00,00,00, 00,00,00,00, 00,00,00,00,

-------------------------------------------------------
00,c4,00,00, 00,07,00,00, 00,07,00,00, 00,07,00,00, 05,07,00,02,
00,00,00,00, 00,00,00,00, 00,60,00,00, 00,00,60,00, 00,07,00,00,
00,c4,00,00, 00,02,00,00, 00,02,00,00, 00,00,00,02, 00,00,60,02,
00,c4,00,00, 00,05,00,00, 00,05,00,00, 05,00,00,00, 00,07,00,02,

00,00,00,00, 00,01,00,00, 00,01,00,00, 00,01,00,00, 00,00,00,00,
00,00,00,00, 00,00,00,00, 00,00,00,00, 00,00,00,00, 00,01,00,00,
00,00,00,00, 00,01,00,00, 00,01,00,00, 00,00,00,01, 00,00,00,00,
00,00,00,00, 00,01,00,00, 00,01,00,00, 01,00,00,00, 00,00,00,00,

-------------------------------------------------------
05,07,00,02, 01,0d,00,08, 01,0d,00,08, 01,0d,00,08, 28,05,08,08,
00,07,00,00, 00,28,00,00, 00,28,00,00, 00,00,28,00, 01,0d,00,08,
00,00,60,02, 00,00,94,08, 00,00,94,08, 94,08,00,00, 94,08,28,00,
00,07,00,02, 00,bd,00,08, 00,bd,00,08, bd,00,08,00, 95,05,00,08,

00,00,00,00, 01,01,00,01, 01,01,00,01, 01,01,00,01, 01,00,00,00,
00,01,00,00, 00,01,00,00, 00,01,00,00, 00,00,01,00, 01,01,00,01,
00,00,00,00, 00,00,01,01, 00,00,01,01, 01,01,00,00, 00,00,00,00,
00,00,00,00, 00,01,00,01, 00,01,00,01, 01,00,01,00, 01,01,00,00,

-------------------------------------------------------
28,05,08,08, 30,01,30,38, 30,01,30,49, 30,01,30,49, 05,01,02,50,
01,0d,00,08, 20,1e,00,10, 20,1e,00,10, 10,20,1e,00, 30,01,30,49,
94,08,28,00, 2a,a8,30,00, 2a,a8,30,00, 30,00,2a,a8, 20,20,34,a8,
95,05,00,08, b1,05,00,18, b1,05,00,18, 05,00,18,b1, 00,01,1a,e1,

01,00,00,00, 01,01,01,01, 01,01,01,01, 01,01,01,01, 01,00,01,01,
01,01,00,01, 01,01,00,01, 01,01,00,01, 01,01,01,00, 01,01,01,01,
00,00,00,00, 01,01,01,00, 01,01,01,00, 01,00,01,01, 01,00,01,00,
01,01,00,00, 01,01,00,01, 01,01,00,01, 01,00,01,01, 01,00,01,01,

-------------------------------------------------------
05,01,02,50, 01,20,0c,04, 01,20,0c,04, 01,20,0c,04, 60,c9,28,84,
30,01,30,49, d0,ba,40,14, d0,ba,40,14, 14,d0,ba,40, 01,20,0c,04,
20,20,34,a8, 80,80,41,b0, 80,80,41,b0, 41,b0,80,80, 55,60,3a,c0,
00,01,1a,e1, 00,20,59,a4, 00,20,59,a4, 20,59,a4,00, 40,90,8c,84,

01,00,01,01, 01,01,01,01, 01,01,01,01, 01,01,01,01, 01,01,01,01,
01,01,01,01, 01,01,01,01, 01,01,01,01, 01,01,01,01, 01,01,01,01,
01,00,01,00, 01,01,01,01, 01,01,01,01, 01,01,01,01, 01,01,01,01,
01,00,01,01, 01,01,01,01, 01,01,01,01, 01,01,01,01, 01,01,01,01,

-------------------------------------------------------
60,c9,28,84, 44,ad,30,03, 44,ad,30,03, 44,ad,30,03, 06,ba,f2,41,
01,20,0c,04, b8,80,11,28, b8,80,11,d3, d3,b8,80,11, 44,ad,30,03,
55,60,3a,c0, c1,84,40,04, c1,84,40,04, 40,04,c1,84, 93,bc,41,95,
40,90,8c,84, c6,02,13,03, c6,02,13,03, 02,13,03,c6, 04,a9,f1,87,

01,01,01,01, 01,01,01,01, 01,01,01,01, 01,01,01,01, 01,01,01,01,
01,01,01,01, 01,01,01,01, 01,01,01,01, 01,01,01,01, 01,01,01,01,
01,01,01,01, 01,01,01,01, 01,01,01,01, 01,01,01,01, 01,01,01,01,
01,01,01,01, 01,01,01,01, 01,01,01,01, 01,01,01,01, 01,01,01,01,

-------------------------------------------------------
The constraints are (in the form of (round, position, input_diff, output_diff)
The number infront of each constraint corresponds to the grouping that each constraint falls under.
Each group is treated as independent in this computation
Some constraints may have more than one group identity. These groups have to be considered together
2 (9,1,c4,7) (a,5,7,28) linear
a (a,0,5,1) (a,a,60,94) (a,d,7,bd) (b,0,28,30) linear
a (a,0,5,1) (b,4,1,20) linear
8 (a,1,7,d) (b,5,d,1e) linear
f (a,3,2,8) (b,7,8,10) linear
a (a,0,5,1) (a,a,60,94) (b,c,95,b1) linear
8 (a,1,7,d) (a,b,2,8) (b,d,5,5) linear
2 (b,0,28,30) (b,a,28,30) (b,d,5,5) (c,0,5,1) linear
4 (b,2,8,30) (b,8,94,2a) (b,f,8,18) (c,2,2,c) linear
7 (b,3,8,38) (b,9,8,a8) (b,c,95,b1) (c,3,50,4) linear
2 (b,0,28,30) (c,4,30,d0) linear
0 (b,1,5,1) (c,5,1,ba) linear
4 (b,2,8,30) (c,6,30,40) linear
7 (b,3,8,38) (c,7,49,14) linear
1 (b,7,8,10) (b,a,28,30) (c,8,20,80) linear
3 (b,5,d,1e) (b,8,94,2a) (c,a,34,41) linear
4 (b,2,8,30) (b,8,94,2a) (c,e,1a,59) linear
7 (b,3,8,38) (b,9,8,a8) (c,f,e1,a4) linear
8 (c,0,5,1) (c,a,34,41) (c,d,1,20) (d,0,60,44) linear
9 (c,1,1,20) (c,b,a8,b0) (c,e,1a,59) (d,1,c9,ad) linear
a (c,2,2,c) (c,8,20,80) (c,f,e1,a4) (d,2,28,30) linear
b 2 (c,3,50,4) (c,9,20,80) (b,0,28,30) (b,a,28,30) (c,c,0,0) (d,3,84,3) nonlinear
8 (c,0,5,1) (d,4,1,b8) linear
9 (c,1,1,20) (d,5,20,80) linear
a (c,2,2,c) (d,6,c,11) linear
b (c,3,50,4) (d,7,4,28) linear
f (c,7,49,14) (c,a,34,41) (d,8,55,c1) linear
c (c,4,30,d0) (c,b,a8,b0) (d,9,60,84) linear
d (c,5,1,ba) (c,8,20,80) (d,a,3a,40) linear
e (c,6,30,40) (c,9,20,80) (d,b,c0,4) linear
8 (c,0,5,1) (c,a,34,41) (d,c,40,c6) linear
9 (c,1,1,20) (c,b,a8,b0) (d,d,90,2) linear
a (c,2,2,c) (c,8,20,80) (d,e,8c,13) linear
b (c,3,50,4) (c,9,20,80) (d,f,84,3) linear
(a,d,7,bd) (a,a,60,94) (b,4,1,20) (b,0,28,30)  higher-order linear
(a,d,7,bd) (b,c,95,b1) (b,0,28,30)  higher-order linear
(a,a,60,94) (b,c,95,b1) (b,4,1,20)  higher-order linear
a (a,d,7,bd) (a,0,5,1) (b,c,95,b1) (b,4,1,20) (b,0,28,30)  higher-order linear
(a,b,2,8) (b,d,5,5) (b,5,d,1e)  higher-order linear
(b,d,5,5) (b,a,28,30) (c,4,30,d0) (c,0,5,1)  higher-order linear
1 2 (b,d,5,5) (b,7,8,10) (b,0,28,30) (c,8,20,80) (c,0,5,1)  higher-order linear
1 2 (b,a,28,30) (b,7,8,10) (b,0,28,30) (c,8,20,80) (c,4,30,d0)  higher-order linear
1 (b,d,5,5) (b,a,28,30) (b,7,8,10) (c,8,20,80) (c,4,30,d0) (c,0,5,1)  higher-order linear
6 0 (b,4,1,20) (b,1,5,1) (c,d,1,20) (c,9,20,80)  higher-order linear
6 (b,4,1,20) (c,d,1,20) (c,9,20,80) (c,5,1,ba)  higher-order linear
(b,f,8,18) (b,8,94,2a) (c,6,30,40) (c,2,2,c)  higher-order linear
3 4 (b,f,8,18) (b,5,d,1e) (b,2,8,30) (c,a,34,41) (c,2,2,c)  higher-order linear
(b,f,8,18) (c,e,1a,59) (c,2,2,c)  higher-order linear
3 4 (b,8,94,2a) (b,5,d,1e) (b,2,8,30) (c,a,34,41) (c,6,30,40)  higher-order linear
(b,8,94,2a) (c,e,1a,59) (c,6,30,40)  higher-order linear
3 4 (b,5,d,1e) (b,2,8,30) (c,e,1a,59) (c,a,34,41)  higher-order linear
3 (b,f,8,18) (b,8,94,2a) (b,5,d,1e) (c,a,34,41) (c,6,30,40) (c,2,2,c)  higher-order linear
4 (b,f,8,18) (b,2,8,30) (c,e,1a,59) (c,6,30,40) (c,2,2,c)  higher-order linear
3 (b,f,8,18) (b,8,94,2a) (b,5,d,1e) (c,e,1a,59) (c,a,34,41) (c,2,2,c)  higher-order linear
3 (b,5,d,1e) (c,e,1a,59) (c,a,34,41) (c,6,30,40)  higher-order linear
3 4 (b,f,8,18) (b,8,94,2a) (b,5,d,1e) (b,2,8,30) (c,e,1a,59) (c,a,34,41) (c,6,30,40) (c,2,2,c)  higher-order linear
(b,c,95,b1) (b,9,8,a8) (c,7,49,14) (c,3,50,4)  higher-order linear
(b,c,95,b1) (c,f,e1,a4) (c,3,50,4)  higher-order linear
(b,9,8,a8) (c,f,e1,a4) (c,7,49,14)  higher-order linear
7 (b,c,95,b1) (b,3,8,38) (c,f,e1,a4) (c,7,49,14) (c,3,50,4)  higher-order linear
(c,d,1,20) (c,a,34,41) (d,4,1,b8) (d,0,60,44)  higher-order linear
f 8 (c,d,1,20) (c,7,49,14) (c,0,5,1) (d,8,55,c1) (d,0,60,44)  higher-order linear
(c,d,1,20) (d,c,40,c6) (d,0,60,44)  higher-order linear
f 8 (c,a,34,41) (c,7,49,14) (c,0,5,1) (d,8,55,c1) (d,4,1,b8)  higher-order linear
(c,a,34,41) (d,c,40,c6) (d,4,1,b8)  higher-order linear
f 8 (c,7,49,14) (c,0,5,1) (d,c,40,c6) (d,8,55,c1)  higher-order linear
f (c,d,1,20) (c,a,34,41) (c,7,49,14) (d,8,55,c1) (d,4,1,b8) (d,0,60,44)  higher-order linear
8 (c,d,1,20) (c,0,5,1) (d,c,40,c6) (d,4,1,b8) (d,0,60,44)  higher-order linear
f (c,d,1,20) (c,a,34,41) (c,7,49,14) (d,c,40,c6) (d,8,55,c1) (d,0,60,44)  higher-order linear
f (c,7,49,14) (d,c,40,c6) (d,8,55,c1) (d,4,1,b8)  higher-order linear
f 8 (c,d,1,20) (c,a,34,41) (c,7,49,14) (c,0,5,1) (d,c,40,c6) (d,8,55,c1) (d,4,1,b8) (d,0,60,44)  higher-order linear
(c,e,1a,59) (c,b,a8,b0) (d,5,20,80) (d,1,c9,ad)  higher-order linear
c 9 (c,e,1a,59) (c,4,30,d0) (c,1,1,20) (d,9,60,84) (d,1,c9,ad)  higher-order linear
(c,e,1a,59) (d,d,90,2) (d,1,c9,ad)  higher-order linear
c 9 (c,b,a8,b0) (c,4,30,d0) (c,1,1,20) (d,9,60,84) (d,5,20,80)  higher-order linear
(c,b,a8,b0) (d,d,90,2) (d,5,20,80)  higher-order linear
c 9 (c,4,30,d0) (c,1,1,20) (d,d,90,2) (d,9,60,84)  higher-order linear
c (c,e,1a,59) (c,b,a8,b0) (c,4,30,d0) (d,9,60,84) (d,5,20,80) (d,1,c9,ad)  higher-order linear
9 (c,e,1a,59) (c,1,1,20) (d,d,90,2) (d,5,20,80) (d,1,c9,ad)  higher-order linear
c (c,e,1a,59) (c,b,a8,b0) (c,4,30,d0) (d,d,90,2) (d,9,60,84) (d,1,c9,ad)  higher-order linear
c (c,4,30,d0) (d,d,90,2) (d,9,60,84) (d,5,20,80)  higher-order linear
c 9 (c,e,1a,59) (c,b,a8,b0) (c,4,30,d0) (c,1,1,20) (d,d,90,2) (d,9,60,84) (d,5,20,80) (d,1,c9,ad)  higher-order linear
(c,f,e1,a4) (c,8,20,80) (d,6,c,11) (d,2,28,30)  higher-order linear
d a (c,f,e1,a4) (c,5,1,ba) (c,2,2,c) (d,a,3a,40) (d,2,28,30)  higher-order linear
(c,f,e1,a4) (d,e,8c,13) (d,2,28,30)  higher-order linear
d a (c,8,20,80) (c,5,1,ba) (c,2,2,c) (d,a,3a,40) (d,6,c,11)  higher-order linear
(c,8,20,80) (d,e,8c,13) (d,6,c,11)  higher-order linear
d a (c,5,1,ba) (c,2,2,c) (d,e,8c,13) (d,a,3a,40)  higher-order linear
d (c,f,e1,a4) (c,8,20,80) (c,5,1,ba) (d,a,3a,40) (d,6,c,11) (d,2,28,30)  higher-order linear
a (c,f,e1,a4) (c,2,2,c) (d,e,8c,13) (d,6,c,11) (d,2,28,30)  higher-order linear
d (c,f,e1,a4) (c,8,20,80) (c,5,1,ba) (d,e,8c,13) (d,a,3a,40) (d,2,28,30)  higher-order linear
d (c,5,1,ba) (d,e,8c,13) (d,a,3a,40) (d,6,c,11)  higher-order linear
d a (c,f,e1,a4) (c,8,20,80) (c,5,1,ba) (c,2,2,c) (d,e,8c,13) (d,a,3a,40) (d,6,c,11) (d,2,28,30)  higher-order linear
e b (c,9,20,80) (c,6,30,40) (c,3,50,4) (d,b,c0,4) (d,7,4,28)  higher-order linear
(c,9,20,80) (d,f,84,3) (d,7,4,28)  higher-order linear
e b (c,6,30,40) (c,3,50,4) (d,f,84,3) (d,b,c0,4)  higher-order linear
e (c,6,30,40) (d,f,84,3) (d,b,c0,4) (d,7,4,28)  higher-order linear


This characteristic is not possible due to the following constraint.
(a,b,2,8) (b,d,5,5) (b,5,d,1e) 
