original prob: 202.338
probability if we exclude those that are not involved in any constraints: 202.338
00,11,00,00, 00,60,00,00, 00,00,00,00, 00,00,00,00, 00,00,00,00,
02,00,00,00, 08,00,00,00, 08,00,00,00, 00,08,00,00, 00,00,00,00,
00,00,00,02, 00,00,00,08, 00,00,00,08, 00,08,00,00, 00,00,00,00,
00,00,02,00, 00,00,08,00, 00,00,08,00, 00,08,00,00, 00,08,00,00,

00,00,00,00, 00,01,00,00, 00,01,00,00, 00,01,00,00, 00,01,00,00,
00,00,00,00, 01,00,00,00, 01,00,00,00, 00,01,00,00, 00,01,00,00,
00,00,00,00, 00,00,00,01, 00,00,00,01, 00,01,00,00, 00,01,00,00,
00,00,00,00, 00,00,01,00, 00,00,01,00, 00,01,00,00, 00,01,00,00,

-------------------------------------------------------
00,00,00,00, 00,00,00,00, 00,00,00,00, 00,00,00,00, 10,00,00,00,
00,00,00,00, 00,00,00,00, 00,00,00,00, 00,00,00,00, 00,00,00,00,
00,00,00,00, 00,00,00,00, 00,00,00,00, 00,00,00,00, 00,00,00,00,
00,08,00,00, 00,10,00,00, 00,10,00,00, 10,00,00,00, 00,00,00,00,

00,01,00,00, 00,01,00,00, 00,01,00,00, 00,01,00,00, 00,00,00,00,
00,01,00,00, 00,01,00,00, 00,01,00,00, 00,00,01,00, 00,01,00,00,
00,01,00,00, 00,01,00,00, 00,01,00,00, 00,00,00,01, 00,00,00,00,
00,01,00,00, 00,01,00,00, 00,01,00,00, 01,00,00,00, 00,00,00,00,

-------------------------------------------------------
10,00,00,00, 40,00,00,00, 00,00,00,00, 00,00,00,00, 00,00,00,00,
00,00,00,00, 00,00,00,00, 00,00,00,00, 00,00,00,00, 00,00,00,00,
00,00,00,00, 00,00,00,00, 00,00,00,00, 00,00,00,00, 00,00,00,00,
00,00,00,00, 00,00,00,00, 00,00,00,00, 00,00,00,00, 00,00,00,00,

00,00,00,00, 01,00,00,00, 01,00,00,00, 01,00,00,00, 00,00,00,00,
00,01,00,00, 00,01,00,00, 00,01,00,00, 00,00,01,00, 01,00,00,00,
00,00,00,00, 00,00,00,00, 00,00,00,00, 00,00,00,00, 00,00,00,00,
00,00,00,00, 00,00,00,00, 00,00,00,00, 00,00,00,00, 00,00,00,00,

-------------------------------------------------------
00,00,00,00, 00,00,00,00, 00,00,00,00, 00,00,00,00, 00,00,00,00,
00,00,00,00, 00,00,00,00, 00,00,00,00, 00,00,00,00, 00,00,00,00,
00,00,00,00, 00,00,00,00, 00,00,00,00, 00,00,00,00, 00,00,00,00,
00,00,00,00, 00,00,00,00, 00,00,00,00, 00,00,00,00, 00,00,00,00,

00,00,00,00, 00,00,00,00, 00,00,00,00, 00,00,00,00, 00,00,00,00,
01,00,00,00, 01,00,00,00, 01,00,00,00, 00,01,00,00, 00,00,00,00,
00,00,00,00, 00,00,00,00, 00,00,00,00, 00,00,00,00, 00,00,00,00,
00,00,00,00, 00,00,00,00, 00,00,00,00, 00,00,00,00, 00,00,00,00,

-------------------------------------------------------
00,00,00,00, 00,00,00,00, 00,00,00,00, 00,00,00,00, 00,00,00,00,
00,00,00,00, 00,00,00,00, 00,00,00,00, 00,00,00,00, 00,00,00,00,
00,00,00,00, 00,00,00,00, 00,00,00,00, 00,00,00,00, 00,00,00,00,
00,00,00,00, 00,00,00,00, 00,00,00,00, 00,00,00,00, 00,00,00,00,

00,00,00,00, 00,00,00,00, 00,00,00,00, 00,00,00,00, 00,00,00,00,
00,00,00,00, 00,00,00,00, 00,00,00,00, 00,00,00,00, 00,00,00,00,
00,00,00,00, 00,00,00,00, 00,00,00,00, 00,00,00,00, 00,00,00,00,
00,00,00,00, 00,00,00,00, 00,00,00,00, 00,00,00,00, 00,00,00,00,

-------------------------------------------------------
00,00,00,00, 00,00,00,00, 00,00,00,00, 00,00,00,00, 00,00,00,00,
00,00,00,00, 00,00,00,00, 00,00,00,00, 00,00,00,00, 00,00,00,00,
00,00,00,00, 00,00,00,00, 00,00,00,00, 00,00,00,00, 00,00,00,00,
00,00,00,00, 00,00,00,00, 00,00,00,00, 00,00,00,00, 00,00,00,00,

00,00,00,00, 00,00,00,00, 00,00,00,00, 00,00,00,00, 00,00,00,00,
00,00,00,00, 00,00,00,00, 00,00,00,00, 00,00,00,00, 00,00,00,00,
00,00,00,00, 00,00,00,00, 00,00,00,00, 00,00,00,00, 00,00,00,00,
00,00,00,00, 00,00,00,00, 00,00,00,00, 00,00,00,00, 00,00,00,00,

-------------------------------------------------------
00,00,00,00, 00,00,00,00, 00,00,00,00, 00,00,00,00, 00,00,00,00,
00,00,00,00, 00,00,00,00, 00,00,00,00, 00,00,00,00, 00,00,00,00,
00,00,00,00, 00,00,00,00, 00,00,00,00, 00,00,00,00, 00,00,00,00,
00,00,00,00, 00,00,00,00, 00,00,00,00, 00,00,00,00, 00,00,00,00,

00,00,00,00, 00,00,00,00, 00,00,00,00, 00,00,00,00, 00,00,00,00,
00,00,00,00, 00,00,00,00, 00,00,00,00, 00,00,00,00, 00,00,00,00,
00,00,00,00, 00,00,00,00, 00,00,00,00, 00,00,00,00, 00,00,00,00,
00,00,00,00, 00,00,00,00, 00,00,00,00, 00,00,00,00, 00,00,00,00,

-------------------------------------------------------
00,00,00,00, 00,00,00,00, 00,00,00,00, 00,00,00,00, 00,00,00,00,
00,00,00,00, 00,00,00,00, 00,00,00,00, 00,00,00,00, 00,00,00,00,
00,00,00,00, 00,00,00,00, 00,00,00,00, 00,00,00,00, 00,00,00,00,
00,00,00,00, 00,00,00,00, 00,00,00,00, 00,00,00,00, 00,00,00,00,

00,00,00,00, 00,00,00,00, 00,00,00,00, 00,00,00,00, 00,00,00,00,
00,00,00,00, 00,00,00,00, 00,00,00,00, 00,00,00,00, 00,00,00,00,
00,00,00,00, 00,00,00,00, 00,00,00,00, 00,00,00,00, 00,00,00,00,
00,00,00,00, 00,00,00,00, 00,00,00,00, 00,00,00,00, 00,00,00,00,

-------------------------------------------------------
00,00,00,00, 00,00,00,00, 00,00,00,00, 00,00,00,00, 00,00,00,00,
00,00,00,00, 00,00,00,00, 00,00,40,00, 00,00,00,40, 00,00,00,00,
00,00,00,00, 00,00,00,00, 00,00,00,00, 00,00,00,00, 00,00,00,40,
00,00,00,00, 00,00,00,00, 00,00,00,00, 00,00,00,00, 00,00,00,00,

00,00,00,00, 00,00,00,00, 00,00,00,00, 00,00,00,00, 00,00,00,00,
00,00,00,00, 00,00,00,00, 00,00,00,00, 00,00,00,00, 00,00,00,00,
00,00,00,00, 00,00,00,00, 00,00,00,00, 00,00,00,00, 00,00,00,00,
00,00,00,00, 00,00,00,00, 00,00,00,00, 00,00,00,00, 00,00,00,00,

-------------------------------------------------------
00,00,00,00, 00,00,00,00, 00,00,00,00, 00,00,00,00, 00,07,00,00,
00,00,00,00, 00,00,00,00, 00,00,00,00, 00,00,00,00, 00,00,00,00,
00,00,00,40, 00,00,00,07, 00,00,00,07, 00,07,00,00, 00,07,00,00,
00,00,00,00, 00,00,00,00, 00,00,00,00, 00,00,00,00, 00,07,00,00,

00,00,00,00, 00,00,00,00, 00,00,00,00, 00,00,00,00, 00,00,00,00,
00,00,00,00, 00,00,00,00, 00,00,00,00, 00,00,00,00, 00,00,00,00,
00,00,00,00, 00,00,00,01, 00,00,00,01, 00,01,00,00, 00,00,00,00,
00,00,00,00, 00,00,00,00, 00,00,00,00, 00,00,00,00, 00,00,00,00,

-------------------------------------------------------
00,07,00,00, 00,08,00,00, 00,08,00,00, 00,08,00,00, 0c,08,00,28,
00,00,00,00, 00,00,00,00, 00,60,00,00, 00,00,60,00, 00,08,00,00,
00,07,00,00, 00,28,00,00, 00,28,00,00, 00,00,00,28, 00,00,60,28,
00,07,00,00, 00,0c,00,00, 00,0c,00,00, 0c,00,00,00, 00,08,00,28,

00,00,00,00, 00,01,00,00, 00,01,00,00, 00,01,00,00, 00,00,00,00,
00,00,00,00, 00,00,00,00, 00,00,00,00, 00,00,00,00, 00,01,00,00,
00,00,00,00, 00,01,00,00, 00,01,00,00, 00,00,00,01, 00,00,00,00,
00,00,00,00, 00,01,00,00, 00,01,00,00, 01,00,00,00, 00,00,00,00,

-------------------------------------------------------
0c,08,00,28, ad,30,00,89, ad,30,00,89, ad,30,00,89, 2a,00,30,89,
00,08,00,00, 00,18,00,00, 00,18,00,00, 00,00,18,00, ad,30,00,89,
00,00,60,28, 00,00,97,30, 00,00,97,30, 97,30,00,00, 97,30,18,00,
00,08,00,28, 00,10,00,30, 00,10,00,30, 10,00,30,00, 3a,00,00,89,

00,00,00,00, 01,01,00,01, 01,01,00,01, 01,01,00,01, 01,00,00,00,
00,01,00,00, 00,01,00,00, 00,01,00,00, 00,00,01,00, 01,01,00,01,
00,00,00,00, 00,00,01,01, 00,00,01,01, 01,01,00,00, 00,00,00,00,
00,00,00,00, 00,01,00,01, 00,01,00,01, 01,00,01,00, 01,01,00,00,

-------------------------------------------------------
2a,00,30,89, b4,00,50,1b, b4,00,50,6a, b4,00,50,6a, 56,00,40,6a,
ad,30,00,89, 4c,50,00,f8, 4c,50,00,f8, f8,4c,50,00, b4,00,50,6a,
97,30,18,00, 0b,40,e2,00, 0b,40,e2,00, e2,00,0b,40, 1a,4c,5b,40,
3a,00,00,89, 40,00,00,1b, 40,00,00,1b, 00,00,1b,40, 56,00,5b,2a,

01,00,00,00, 01,00,01,01, 01,00,01,01, 01,00,01,01, 01,00,01,01,
01,01,00,01, 01,01,00,01, 01,01,00,01, 01,01,01,00, 01,00,01,01,
00,00,00,00, 01,01,01,00, 01,01,01,00, 01,00,01,01, 01,00,01,00,
01,01,00,00, 01,01,00,01, 01,01,00,01, 01,00,01,01, 01,00,01,01,

-------------------------------------------------------
56,00,40,6a, f2,00,04,30, f2,00,04,30, f2,00,04,30, e2,54,5c,00,
b4,00,50,6a, 81,00,04,54, 81,00,04,54, 54,81,00,04, f2,00,04,30,
1a,4c,5b,40, c2,38,10,44, c2,38,10,44, 10,44,c2,38, 44,c5,c2,3c,
56,00,5b,2a, 08,00,10,9a, 08,00,10,9a, 00,10,9a,08, e2,44,c6,08,

01,00,01,01, 01,00,01,01, 01,00,01,01, 01,00,01,01, 00,00,01,01,
01,00,01,01, 01,00,01,01, 01,00,01,01, 01,01,00,01, 01,00,01,01,
01,00,01,00, 01,01,01,01, 01,01,01,01, 01,01,01,01, 01,01,00,01,
01,00,01,01, 01,00,01,01, 01,00,01,01, 00,01,01,01, 01,00,01,01,

-------------------------------------------------------
e2,54,5c,00, 8d,01,38,00, 8d,01,38,00, 8d,01,38,00, 82,42,69,8e,
f2,00,04,30, 8b,00,01,40, 8b,00,01,bb, bb,8b,00,01, 8d,01,38,00,
44,c5,c2,3c, 41,03,0a,48, 41,03,0a,48, 0a,48,41,03, b1,c3,41,02,
e2,44,c6,08, 8d,05,0b,10, 8d,05,0b,10, 05,0b,10,8d, 87,49,79,03,

00,00,01,01, 01,01,01,01, 01,01,01,01, 01,01,01,01, 01,01,01,01,
01,00,01,01, 01,00,01,01, 01,00,01,01, 01,01,00,01, 01,01,01,01,
01,01,00,01, 01,01,01,01, 01,01,01,01, 01,01,01,01, 01,01,00,01,
01,00,01,01, 01,01,01,01, 01,01,01,01, 01,01,01,01, 01,01,01,01,

-------------------------------------------------------
The constraints are (in the form of (round, position, input_diff, output_diff)
The number infront of each constraint corresponds to the grouping that each constraint falls under.
Each group is treated as independent in this computation
Some constraints may have more than one group identity. These groups have to be considered together
7 (0,1,11,60) (0,b,2,8) (1,d,8,10) linear
2 (a,1,7,8) (b,5,8,18) linear
a (b,0,c,ad) (b,a,60,97) (b,d,8,10) (c,0,2a,b4) linear
a (b,0,c,ad) (c,4,ad,4c) linear
8 (b,1,8,30) (c,5,30,50) linear
f (b,3,28,89) (c,7,89,f8) linear
a (b,0,c,ad) (b,a,60,97) (c,c,3a,40) linear
2 8 (c,0,2a,b4) (c,a,18,e2) (b,1,8,30) (b,b,28,30) (c,d,0,0) (d,0,56,f2) nonlinear
4 (c,2,30,50) (c,8,97,b) (c,f,89,1b) (d,2,40,4) linear
7 (c,3,89,1b) (c,9,30,40) (c,c,3a,40) (d,3,6a,30) linear
2 (c,0,2a,b4) (d,4,b4,81) linear
4 (c,2,30,50) (d,6,50,4) linear
7 (c,3,89,1b) (d,7,6a,54) linear
1 (c,7,89,f8) (c,a,18,e2) (d,8,1a,c2) linear
3 (c,5,30,50) (c,8,97,b) (d,a,5b,10) linear
2 (c,0,2a,b4) (c,a,18,e2) (d,c,56,8) linear
4 (c,2,30,50) (c,8,97,b) (d,e,5b,10) linear
7 (c,3,89,1b) (c,9,30,40) (d,f,2a,9a) linear
a (d,2,40,4) (d,8,1a,c2) (d,f,2a,9a) (e,2,5c,38) linear
8 (d,0,56,f2) (e,4,f2,8b) linear
a (d,2,40,4) (e,6,4,1) linear
b (d,3,6a,30) (e,7,30,40) linear
f (d,7,6a,54) (d,a,5b,10) (e,8,44,41) linear
c (d,4,b4,81) (d,b,40,44) (e,9,c5,3) linear
e (d,6,50,4) (d,9,4c,38) (e,b,3c,48) linear
8 (d,0,56,f2) (d,a,5b,10) (e,c,e2,8d) linear
a (d,2,40,4) (d,8,1a,c2) (e,e,c6,b) linear
b (d,3,6a,30) (d,9,4c,38) (e,f,8,10) linear
(b,d,8,10) (b,a,60,97) (c,4,ad,4c) (c,0,2a,b4)  higher-order linear
(b,d,8,10) (c,c,3a,40) (c,0,2a,b4)  higher-order linear
(b,a,60,97) (c,c,3a,40) (c,4,ad,4c)  higher-order linear
a (b,d,8,10) (b,0,c,ad) (c,c,3a,40) (c,4,ad,4c) (c,0,2a,b4)  higher-order linear
1 2 (c,a,18,e2) (c,7,89,f8) (c,0,2a,b4) (d,8,1a,c2) (d,4,b4,81)  higher-order linear
(c,a,18,e2) (d,c,56,8) (d,4,b4,81)  higher-order linear
1 2 (c,7,89,f8) (c,0,2a,b4) (d,c,56,8) (d,8,1a,c2)  higher-order linear
1 (c,7,89,f8) (d,c,56,8) (d,8,1a,c2) (d,4,b4,81)  higher-order linear
(c,f,89,1b) (c,8,97,b) (d,6,50,4) (d,2,40,4)  higher-order linear
3 4 (c,f,89,1b) (c,5,30,50) (c,2,30,50) (d,a,5b,10) (d,2,40,4)  higher-order linear
(c,f,89,1b) (d,e,5b,10) (d,2,40,4)  higher-order linear
3 4 (c,8,97,b) (c,5,30,50) (c,2,30,50) (d,a,5b,10) (d,6,50,4)  higher-order linear
(c,8,97,b) (d,e,5b,10) (d,6,50,4)  higher-order linear
3 4 (c,5,30,50) (c,2,30,50) (d,e,5b,10) (d,a,5b,10)  higher-order linear
3 (c,f,89,1b) (c,8,97,b) (c,5,30,50) (d,a,5b,10) (d,6,50,4) (d,2,40,4)  higher-order linear
4 (c,f,89,1b) (c,2,30,50) (d,e,5b,10) (d,6,50,4) (d,2,40,4)  higher-order linear
3 (c,f,89,1b) (c,8,97,b) (c,5,30,50) (d,e,5b,10) (d,a,5b,10) (d,2,40,4)  higher-order linear
3 (c,5,30,50) (d,e,5b,10) (d,a,5b,10) (d,6,50,4)  higher-order linear
3 4 (c,f,89,1b) (c,8,97,b) (c,5,30,50) (c,2,30,50) (d,e,5b,10) (d,a,5b,10) (d,6,50,4) (d,2,40,4)  higher-order linear
(c,c,3a,40) (c,9,30,40) (d,7,6a,54) (d,3,6a,30)  higher-order linear
(c,c,3a,40) (d,f,2a,9a) (d,3,6a,30)  higher-order linear
(c,9,30,40) (d,f,2a,9a) (d,7,6a,54)  higher-order linear
7 (c,c,3a,40) (c,3,89,1b) (d,f,2a,9a) (d,7,6a,54) (d,3,6a,30)  higher-order linear
f 8 (d,a,5b,10) (d,7,6a,54) (d,0,56,f2) (e,8,44,41) (e,4,f2,8b)  higher-order linear
(d,a,5b,10) (e,c,e2,8d) (e,4,f2,8b)  higher-order linear
f 8 (d,7,6a,54) (d,0,56,f2) (e,c,e2,8d) (e,8,44,41)  higher-order linear
f (d,7,6a,54) (e,c,e2,8d) (e,8,44,41) (e,4,f2,8b)  higher-order linear
(d,e,5b,10) (e,d,44,5) (e,1,54,1)  higher-order linear
c (d,e,5b,10) (d,b,40,44) (d,4,b4,81) (e,d,44,5) (e,9,c5,3) (e,1,54,1)  higher-order linear
(d,f,2a,9a) (d,8,1a,c2) (e,6,4,1) (e,2,5c,38)  higher-order linear
(d,f,2a,9a) (e,e,c6,b) (e,2,5c,38)  higher-order linear
(d,8,1a,c2) (e,e,c6,b) (e,6,4,1)  higher-order linear
a (d,f,2a,9a) (d,2,40,4) (e,e,c6,b) (e,6,4,1) (e,2,5c,38)  higher-order linear
e b (d,9,4c,38) (d,6,50,4) (d,3,6a,30) (e,b,3c,48) (e,7,30,40)  higher-order linear
(d,9,4c,38) (e,f,8,10) (e,7,30,40)  higher-order linear
e b (d,6,50,4) (d,3,6a,30) (e,f,8,10) (e,b,3c,48)  higher-order linear
e (d,6,50,4) (e,f,8,10) (e,b,3c,48) (e,7,30,40)  higher-order linear


This characteristic is not possible due to the following constraint.
(c,a,18,e2) (d,c,56,8) (d,4,b4,81) 
