original prob: 209.608
probability if we exclude those that are not involved in any constraints: 209.608
04,00,00,00, 01,00,00,00, 01,00,00,00, 01,00,00,00, 00,20,00,00,
00,04,04,04, 00,01,01,01, 00,01,01,01, 01,00,01,01, 01,00,00,00,
04,00,04,00, 01,00,01,00, 01,00,01,00, 01,00,01,00, 00,00,00,01,
00,00,01,04, 00,00,20,01, 00,00,20,01, 00,20,01,00, 00,00,01,00,

00,00,00,00, 01,00,00,00, 01,00,00,00, 01,00,00,00, 00,00,00,00,
00,00,00,00, 00,01,01,01, 00,01,01,01, 01,00,01,01, 01,00,00,00,
00,00,00,00, 01,00,01,00, 01,00,01,00, 01,00,01,00, 01,00,01,00,
00,00,00,00, 00,00,01,01, 00,00,01,01, 00,01,01,00, 01,00,00,00,

-------------------------------------------------------
00,20,00,00, 00,82,00,00, 00,00,00,00, 00,00,00,00, 00,00,00,00,
01,00,00,00, 20,00,00,00, 20,00,00,00, 00,20,00,00, 00,00,00,00,
00,00,00,01, 00,00,00,20, 00,00,00,20, 00,20,00,00, 00,00,00,00,
00,00,01,00, 00,00,20,00, 00,00,20,00, 00,20,00,00, 00,20,00,00,

00,00,00,00, 00,01,00,00, 00,01,00,00, 00,01,00,00, 00,01,00,00,
01,00,00,00, 01,00,00,00, 01,00,00,00, 00,01,00,00, 00,01,00,00,
01,00,01,00, 01,00,01,01, 01,00,01,01, 01,01,01,00, 00,01,00,00,
01,00,00,00, 01,00,01,00, 01,00,01,00, 00,01,00,01, 00,01,00,00,

-------------------------------------------------------
00,00,00,00, 00,00,00,00, 00,00,00,00, 00,00,00,00, 80,00,00,00,
00,00,00,00, 00,00,00,00, 00,00,00,00, 00,00,00,00, 00,00,00,00,
00,00,00,00, 00,00,00,00, 00,00,00,00, 00,00,00,00, 00,00,00,00,
00,20,00,00, 00,80,00,00, 00,80,00,00, 80,00,00,00, 00,00,00,00,

00,01,00,00, 00,01,00,00, 00,01,00,00, 00,01,00,00, 00,00,00,00,
00,01,00,00, 00,01,00,00, 00,01,00,00, 00,00,01,00, 00,01,00,00,
00,01,00,00, 00,01,00,00, 00,01,00,00, 00,00,00,01, 00,00,00,00,
00,01,00,00, 00,01,00,00, 00,01,00,00, 01,00,00,00, 00,00,00,00,

-------------------------------------------------------
80,00,00,00, 03,00,00,00, 00,00,00,00, 00,00,00,00, 00,00,00,00,
00,00,00,00, 00,00,00,00, 00,00,00,00, 00,00,00,00, 00,00,00,00,
00,00,00,00, 00,00,00,00, 00,00,00,00, 00,00,00,00, 00,00,00,00,
00,00,00,00, 00,00,00,00, 00,00,00,00, 00,00,00,00, 00,00,00,00,

00,00,00,00, 01,00,00,00, 01,00,00,00, 01,00,00,00, 00,00,00,00,
00,01,00,00, 00,01,00,00, 00,01,00,00, 00,00,01,00, 01,00,00,00,
00,00,00,00, 00,00,00,00, 00,00,00,00, 00,00,00,00, 00,00,00,00,
00,00,00,00, 00,00,00,00, 00,00,00,00, 00,00,00,00, 00,00,00,00,

-------------------------------------------------------
00,00,00,00, 00,00,00,00, 00,00,00,00, 00,00,00,00, 00,00,00,00,
00,00,00,00, 00,00,00,00, 00,00,00,00, 00,00,00,00, 00,00,00,00,
00,00,00,00, 00,00,00,00, 00,00,00,00, 00,00,00,00, 00,00,00,00,
00,00,00,00, 00,00,00,00, 00,00,00,00, 00,00,00,00, 00,00,00,00,

00,00,00,00, 00,00,00,00, 00,00,00,00, 00,00,00,00, 00,00,00,00,
01,00,00,00, 01,00,00,00, 01,00,00,00, 00,01,00,00, 00,00,00,00,
00,00,00,00, 00,00,00,00, 00,00,00,00, 00,00,00,00, 00,00,00,00,
00,00,00,00, 00,00,00,00, 00,00,00,00, 00,00,00,00, 00,00,00,00,

-------------------------------------------------------
00,00,00,00, 00,00,00,00, 00,00,00,00, 00,00,00,00, 00,00,00,00,
00,00,00,00, 00,00,00,00, 00,00,00,00, 00,00,00,00, 00,00,00,00,
00,00,00,00, 00,00,00,00, 00,00,00,00, 00,00,00,00, 00,00,00,00,
00,00,00,00, 00,00,00,00, 00,00,00,00, 00,00,00,00, 00,00,00,00,

00,00,00,00, 00,00,00,00, 00,00,00,00, 00,00,00,00, 00,00,00,00,
00,00,00,00, 00,00,00,00, 00,00,00,00, 00,00,00,00, 00,00,00,00,
00,00,00,00, 00,00,00,00, 00,00,00,00, 00,00,00,00, 00,00,00,00,
00,00,00,00, 00,00,00,00, 00,00,00,00, 00,00,00,00, 00,00,00,00,

-------------------------------------------------------
00,00,00,00, 00,00,00,00, 00,00,00,00, 00,00,00,00, 00,00,00,00,
00,00,00,00, 00,00,00,00, 00,00,00,00, 00,00,00,00, 00,00,00,00,
00,00,00,00, 00,00,00,00, 00,00,00,00, 00,00,00,00, 00,00,00,00,
00,00,00,00, 00,00,00,00, 00,00,00,00, 00,00,00,00, 00,00,00,00,

00,00,00,00, 00,00,00,00, 00,00,00,00, 00,00,00,00, 00,00,00,00,
00,00,00,00, 00,00,00,00, 00,00,00,00, 00,00,00,00, 00,00,00,00,
00,00,00,00, 00,00,00,00, 00,00,00,00, 00,00,00,00, 00,00,00,00,
00,00,00,00, 00,00,00,00, 00,00,00,00, 00,00,00,00, 00,00,00,00,

-------------------------------------------------------
00,00,00,00, 00,00,00,00, 00,00,00,00, 00,00,00,00, 00,00,00,00,
00,00,00,00, 00,00,00,00, 06,00,00,00, 00,06,00,00, 00,00,00,00,
00,00,00,00, 00,00,00,00, 00,00,00,00, 00,00,00,00, 00,06,00,00,
00,00,00,00, 00,00,00,00, 00,00,00,00, 00,00,00,00, 00,00,00,00,

00,00,00,00, 00,00,00,00, 00,00,00,00, 00,00,00,00, 00,00,00,00,
00,00,00,00, 00,00,00,00, 00,00,00,00, 00,00,00,00, 00,00,00,00,
00,00,00,00, 00,00,00,00, 00,00,00,00, 00,00,00,00, 00,00,00,00,
00,00,00,00, 00,00,00,00, 00,00,00,00, 00,00,00,00, 00,00,00,00,

-------------------------------------------------------
00,00,00,00, 00,00,00,00, 00,00,00,00, 00,00,00,00, 00,00,00,09,
00,00,00,00, 00,00,00,00, 00,00,00,00, 00,00,00,00, 00,00,00,00,
00,06,00,00, 00,09,00,00, 00,09,00,00, 00,00,00,09, 00,00,00,09,
00,00,00,00, 00,00,00,00, 00,00,00,00, 00,00,00,00, 00,00,00,09,

00,00,00,00, 00,00,00,00, 00,00,00,00, 00,00,00,00, 00,00,00,00,
00,00,00,00, 00,00,00,00, 00,00,00,00, 00,00,00,00, 00,00,00,00,
00,00,00,00, 00,01,00,00, 00,01,00,00, 00,00,00,01, 00,00,00,00,
00,00,00,00, 00,00,00,00, 00,00,00,00, 00,00,00,00, 00,00,00,00,

-------------------------------------------------------
00,00,00,09, 00,00,00,10, 00,00,00,10, 00,00,00,10, 00,38,10,10,
00,00,00,00, 00,00,00,00, 00,00,0a,00, 00,00,00,0a, 00,00,00,10,
00,00,00,09, 00,00,00,38, 00,00,00,38, 00,38,00,00, 00,38,00,0a,
00,00,00,09, 00,00,00,10, 00,00,00,10, 00,00,10,00, 00,38,00,10,

00,00,00,00, 00,00,00,01, 00,00,00,01, 00,00,00,01, 00,00,00,00,
00,00,00,00, 00,00,00,00, 00,00,00,00, 00,00,00,00, 00,00,00,01,
00,00,00,00, 00,00,00,01, 00,00,00,01, 00,01,00,00, 00,00,00,00,
00,00,00,00, 00,00,00,01, 00,00,00,01, 00,00,01,00, 00,00,00,00,

-------------------------------------------------------
00,38,10,10, 00,d0,40,50, 00,d0,40,50, 00,d0,40,50, c2,c0,82,30,
00,00,00,10, 00,00,00,d0, 00,00,00,d0, d0,00,00,00, 00,d0,40,50,
00,38,00,0a, 00,60,00,10, 00,60,00,10, 00,10,00,60, d0,10,00,60,
00,38,00,10, 00,c2,00,c2, 00,c2,00,c2, c2,00,c2,00, 00,c0,40,30,

00,00,00,00, 00,01,01,01, 00,01,01,01, 00,01,01,01, 00,00,00,00,
00,00,00,01, 00,00,00,01, 00,00,00,01, 01,00,00,00, 00,01,01,01,
00,00,00,00, 00,01,00,01, 00,01,00,01, 00,01,00,01, 00,00,00,00,
00,00,00,00, 00,01,00,01, 00,01,00,01, 01,00,01,00, 00,01,00,01,

-------------------------------------------------------
c2,c0,82,30, 4e,07,0a,40, 4e,07,0a,40, 4e,07,0a,40, 08,87,8f,00,
00,d0,40,50, 00,54,44,04, 00,46,44,04, 04,00,46,44, 4e,07,0a,40,
d0,10,00,60, 46,40,00,84, 46,40,00,84, 00,84,46,40, 04,84,00,04,
00,c0,40,30, 00,46,04,c3, 00,46,04,c3, 46,04,c3,00, 4e,83,4c,00,

00,00,00,00, 01,01,01,01, 01,01,01,01, 01,01,01,01, 00,01,01,00,
00,01,01,01, 00,01,01,01, 00,01,01,01, 01,00,01,01, 01,01,01,01,
00,00,00,00, 01,01,00,01, 01,01,00,01, 00,01,01,01, 00,00,01,01,
00,01,00,01, 00,01,01,01, 00,01,01,01, 01,01,01,00, 00,01,01,01,

-------------------------------------------------------
08,87,8f,00, 30,0a,12,00, 30,0a,12,00, 30,0a,12,00, 44,a0,13,1a,
4e,07,0a,40, 11,09,10,06, 11,09,10,06, 06,11,09,10, 30,0a,12,00,
04,84,00,04, 01,03,00,bd, 01,03,00,bd, 00,bd,01,03, 06,ac,08,13,
4e,83,4c,00, 19,74,17,00, 19,74,17,00, 74,17,00,19, 30,b7,13,03,

00,01,01,00, 01,01,01,00, 01,01,01,00, 01,01,01,00, 01,01,01,00,
01,01,01,01, 01,01,01,01, 01,01,01,01, 01,01,01,01, 01,01,01,00,
00,00,01,01, 01,01,01,01, 01,01,01,01, 01,01,01,01, 01,01,01,01,
00,01,01,01, 01,01,01,01, 01,01,01,01, 01,01,01,01, 01,01,01,00,

-------------------------------------------------------
44,a0,13,1a, 01,82,60,c0, 01,82,60,e2, 01,82,60,e2, 21,00,40,21,
30,0a,12,00, 40,10,49,00, 40,10,49,00, 00,40,10,49, 01,82,60,e2,
06,ac,08,13, 08,83,a8,60, 08,83,a8,60, a8,60,08,83, a8,20,18,ca,
30,b7,13,03, 40,88,e2,28, 40,88,e2,28, 88,e2,28,40, a9,e2,68,61,

01,01,01,00, 01,01,01,01, 01,01,01,01, 01,01,01,01, 01,01,01,01,
01,01,01,00, 01,01,01,00, 01,01,01,00, 00,01,01,01, 01,01,01,01,
01,01,01,01, 01,01,01,01, 01,01,01,01, 01,01,01,01, 00,01,01,01,
01,01,01,00, 01,01,01,01, 01,01,01,01, 01,01,01,01, 01,01,01,01,

-------------------------------------------------------
The constraints are (in the form of (round, position, input_diff, output_diff)
The number infront of each constraint corresponds to the grouping that each constraint falls under.
Each group is treated as independent in this computation
Some constraints may have more than one group identity. These groups have to be considered together
f (0,0,4,1) (1,4,1,20) linear
3 (1,1,20,82) (1,b,1,20) (2,d,20,80) linear
1 (9,3,9,10) (a,7,10,d0) linear
8 (a,1,38,d0) (b,5,d0,54) linear
c (a,2,10,40) (b,6,40,44) linear
f (a,3,10,50) (b,7,50,4) linear
8 (a,1,38,d0) (a,b,a,10) (b,d,c0,46) linear
f (a,3,10,50) (a,9,38,60) (b,f,30,c3) linear
0 (b,1,c0,7) (b,b,60,84) (b,e,40,4) (c,1,87,a) linear
4 (b,2,82,a) (b,8,d0,46) (b,f,30,c3) (c,2,8f,12) linear
2 (b,0,c2,4e) (c,4,4e,11) linear
0 (b,1,c0,7) (c,5,7,9) linear
4 (b,2,82,a) (c,6,a,10) linear
7 (b,3,30,40) (c,7,40,6) linear
5 (b,6,40,44) (b,9,10,40) (c,b,4,bd) linear
0 (b,1,c0,7) (b,b,60,84) (c,d,83,74) linear
4 (b,2,82,a) (b,8,d0,46) (c,e,4c,17) linear
8 3 (c,0,8,30) (b,5,d0,54) (b,8,d0,46) (c,a,0,0) (c,d,83,74) (d,0,44,1) nonlinear
9 (c,1,87,a) (c,b,4,bd) (c,e,4c,17) (d,1,a0,82) linear
a 7 (c,2,8f,12) (c,8,4,1) (b,3,30,40) (b,9,10,40) (c,f,0,0) (d,2,13,60) nonlinear
8 (c,0,8,30) (d,4,30,40) linear
9 (c,1,87,a) (d,5,a,10) linear
a (c,2,8f,12) (d,6,12,49) linear
f 3 (c,7,40,6) (b,5,d0,54) (b,8,d0,46) (c,a,0,0) (d,8,6,8) nonlinear
c (c,4,4e,11) (c,b,4,bd) (d,9,ac,83) linear
d (c,5,7,9) (c,8,4,1) (d,a,8,a8) linear
e (c,6,a,10) (c,9,84,3) (d,b,13,60) linear
8 3 (c,0,8,30) (b,5,d0,54) (b,8,d0,46) (c,a,0,0) (d,c,30,40) nonlinear
9 (c,1,87,a) (c,b,4,bd) (d,d,b7,88) linear
a (c,2,8f,12) (c,8,4,1) (d,e,13,e2) linear
(a,b,a,10) (b,d,c0,46) (b,5,d0,54)  higher-order linear
(a,f,10,c2) (b,e,40,4) (b,2,82,a)  higher-order linear
c (a,f,10,c2) (a,2,10,40) (b,e,40,4) (b,6,40,44) (b,2,82,a)  higher-order linear
(a,9,38,60) (b,f,30,c3) (b,7,50,4)  higher-order linear
1 2 (b,d,c0,46) (b,7,50,4) (b,0,c2,4e) (c,8,4,1) (c,0,8,30)  higher-order linear
(b,d,c0,46) (c,c,4e,19) (c,0,8,30)  higher-order linear
1 2 (b,7,50,4) (b,0,c2,4e) (c,c,4e,19) (c,8,4,1)  higher-order linear
2 (b,d,c0,46) (b,0,c2,4e) (c,c,4e,19) (c,4,4e,11) (c,0,8,30)  higher-order linear
1 (b,7,50,4) (c,c,4e,19) (c,8,4,1) (c,4,4e,11)  higher-order linear
(b,e,40,4) (b,b,60,84) (c,5,7,9) (c,1,87,a)  higher-order linear
(b,e,40,4) (c,d,83,74) (c,1,87,a)  higher-order linear
(b,b,60,84) (c,d,83,74) (c,5,7,9)  higher-order linear
0 (b,e,40,4) (b,1,c0,7) (c,d,83,74) (c,5,7,9) (c,1,87,a)  higher-order linear
(b,f,30,c3) (b,8,d0,46) (c,6,a,10) (c,2,8f,12)  higher-order linear
(b,f,30,c3) (c,e,4c,17) (c,2,8f,12)  higher-order linear
(b,8,d0,46) (c,e,4c,17) (c,6,a,10)  higher-order linear
4 (b,f,30,c3) (b,2,82,a) (c,e,4c,17) (c,6,a,10) (c,2,8f,12)  higher-order linear
5 7 (b,9,10,40) (b,6,40,44) (b,3,30,40) (c,b,4,bd) (c,7,40,6)  higher-order linear
f 8 (c,d,83,74) (c,7,40,6) (c,0,8,30) (d,8,6,8) (d,0,44,1)  higher-order linear
(c,d,83,74) (d,c,30,40) (d,0,44,1)  higher-order linear
f 8 (c,7,40,6) (c,0,8,30) (d,c,30,40) (d,8,6,8)  higher-order linear
8 (c,d,83,74) (c,0,8,30) (d,c,30,40) (d,4,30,40) (d,0,44,1)  higher-order linear
f (c,7,40,6) (d,c,30,40) (d,8,6,8) (d,4,30,40)  higher-order linear
(c,e,4c,17) (c,b,4,bd) (d,5,a,10) (d,1,a0,82)  higher-order linear
c 9 (c,e,4c,17) (c,4,4e,11) (c,1,87,a) (d,9,ac,83) (d,1,a0,82)  higher-order linear
(c,e,4c,17) (d,d,b7,88) (d,1,a0,82)  higher-order linear
c 9 (c,b,4,bd) (c,4,4e,11) (c,1,87,a) (d,9,ac,83) (d,5,a,10)  higher-order linear
(c,b,4,bd) (d,d,b7,88) (d,5,a,10)  higher-order linear
c 9 (c,4,4e,11) (c,1,87,a) (d,d,b7,88) (d,9,ac,83)  higher-order linear
c (c,e,4c,17) (c,b,4,bd) (c,4,4e,11) (d,9,ac,83) (d,5,a,10) (d,1,a0,82)  higher-order linear
9 (c,e,4c,17) (c,1,87,a) (d,d,b7,88) (d,5,a,10) (d,1,a0,82)  higher-order linear
c (c,e,4c,17) (c,b,4,bd) (c,4,4e,11) (d,d,b7,88) (d,9,ac,83) (d,1,a0,82)  higher-order linear
c (c,4,4e,11) (d,d,b7,88) (d,9,ac,83) (d,5,a,10)  higher-order linear
c 9 (c,e,4c,17) (c,b,4,bd) (c,4,4e,11) (c,1,87,a) (d,d,b7,88) (d,9,ac,83) (d,5,a,10) (d,1,a0,82)  higher-order linear
d a (c,8,4,1) (c,5,7,9) (c,2,8f,12) (d,a,8,a8) (d,6,12,49)  higher-order linear
(c,8,4,1) (d,e,13,e2) (d,6,12,49)  higher-order linear
d a (c,5,7,9) (c,2,8f,12) (d,e,13,e2) (d,a,8,a8)  higher-order linear
d (c,5,7,9) (d,e,13,e2) (d,a,8,a8) (d,6,12,49)  higher-order linear
(c,c,4e,19) (d,f,3,28) (d,3,1a,c0)  higher-order linear
e (c,c,4e,19) (c,9,84,3) (c,6,a,10) (d,f,3,28) (d,b,13,60) (d,3,1a,c0)  higher-order linear


This characteristic is not possible due to the following constraint.
(a,b,a,10) (b,d,c0,46) (b,5,d0,54) 
