original prob: 97
probability if we exclude those that are not involved in any constraints: 97
10,00,00,25, 40,00,00,25, 40,00,00,25, 40,00,00,25, 00,40,04,40,
10,00,00,04, 40,00,00,05, 40,00,00,05, 05,40,00,00, 40,00,00,25,
00,50,00,10, 00,04,00,40, 00,04,00,40, 00,40,00,04, 05,00,00,04,
15,10,00,50, 61,40,00,04, 61,40,00,04, 40,00,04,61, 40,40,00,21,

00,00,00,00, 01,00,00,01, 01,00,00,01, 01,00,00,01, 00,00,00,01,
00,00,00,00, 01,00,00,01, 01,00,00,01, 01,01,00,00, 01,00,00,01,
00,00,00,00, 00,01,00,01, 00,01,00,01, 00,01,00,01, 00,01,00,00,
00,00,00,00, 01,01,00,01, 01,01,00,01, 01,00,01,01, 00,00,00,01,

-------------------------------------------------------
00,40,04,40, 00,06,06,06, 00,06,06,06, 00,06,06,06, 06,00,00,00,
40,00,00,25, 06,00,00,a5, 06,00,00,26, 26,06,00,00, 00,06,06,06,
05,00,00,04, 26,00,00,06, 26,00,00,06, 00,06,26,00, 26,00,26,00,
40,40,00,21, 06,06,00,20, 06,06,00,20, 06,00,20,06, 00,00,20,06,

00,00,00,01, 00,01,01,01, 00,01,01,01, 00,01,01,01, 00,00,01,01,
01,00,00,01, 01,00,00,01, 01,00,00,01, 01,01,00,00, 00,01,01,01,
00,01,00,00, 01,01,00,01, 01,01,00,01, 00,01,01,01, 00,01,00,00,
00,00,00,01, 01,01,00,01, 01,01,00,01, 01,00,01,01, 00,01,01,01,

-------------------------------------------------------
06,00,00,00, 21,00,00,00, 21,00,00,00, 21,00,00,00, 00,90,00,00,
00,06,06,06, 00,21,21,21, 00,21,21,21, 21,00,21,21, 21,00,00,00,
26,00,26,00, 21,00,21,00, 21,00,21,00, 21,00,21,00, 00,00,00,21,
00,00,20,06, 00,00,90,21, 00,00,90,21, 00,90,21,00, 00,00,21,00,

00,00,01,01, 01,00,01,01, 01,00,01,01, 01,00,01,01, 01,00,01,00,
00,01,01,01, 00,01,01,01, 00,01,01,01, 01,00,01,01, 01,00,01,01,
00,01,00,00, 01,01,01,00, 01,01,01,00, 01,00,01,01, 01,00,01,01,
00,01,01,01, 00,01,01,01, 00,01,01,01, 01,01,01,00, 01,00,01,01,

-------------------------------------------------------
00,90,00,00, 00,03,00,00, 00,00,00,00, 00,00,00,00, 00,00,00,00,
21,00,00,00, 20,00,00,00, 20,00,00,00, 00,20,00,00, 00,00,00,00,
00,00,00,21, 00,00,00,20, 00,00,00,20, 00,20,00,00, 00,00,00,00,
00,00,21,00, 00,00,20,00, 00,00,20,00, 00,20,00,00, 00,20,00,00,

01,00,01,00, 01,01,01,00, 01,01,01,00, 01,01,01,00, 00,01,01,00,
01,00,01,01, 01,00,01,01, 01,00,01,01, 01,01,00,01, 01,01,01,00,
01,00,01,01, 01,00,01,01, 01,00,01,01, 01,01,01,00, 01,01,00,00,
01,00,01,01, 01,00,01,01, 01,00,01,01, 00,01,01,01, 01,01,01,00,

-------------------------------------------------------
00,00,00,00, 00,00,00,00, 00,00,00,00, 00,00,00,00, 90,00,00,00,
00,00,00,00, 00,00,00,00, 00,00,00,00, 00,00,00,00, 00,00,00,00,
00,00,00,00, 00,00,00,00, 00,00,00,00, 00,00,00,00, 00,00,00,00,
00,20,00,00, 00,90,00,00, 00,90,00,00, 90,00,00,00, 00,00,00,00,

00,01,01,00, 00,01,01,00, 00,01,01,00, 00,01,01,00, 00,00,00,00,
01,01,01,00, 01,01,01,00, 01,01,01,00, 00,01,01,01, 00,01,01,00,
01,01,00,00, 01,01,00,00, 01,01,00,00, 00,00,01,01, 00,00,01,01,
01,01,01,00, 01,01,01,00, 01,01,01,00, 01,01,00,01, 00,00,01,00,

-------------------------------------------------------
90,00,00,00, 02,00,00,00, 00,00,00,00, 00,00,00,00, 00,00,00,00,
00,00,00,00, 00,00,00,00, 00,00,00,00, 00,00,00,00, 00,00,00,00,
00,00,00,00, 00,00,00,00, 00,00,00,00, 00,00,00,00, 00,00,00,00,
00,00,00,00, 00,00,00,00, 00,00,00,00, 00,00,00,00, 00,00,00,00,

00,00,00,00, 01,00,00,00, 01,00,00,00, 01,00,00,00, 00,00,00,00,
00,01,01,00, 00,01,01,00, 00,01,01,00, 00,00,01,01, 01,00,00,00,
00,00,01,01, 00,00,01,01, 00,00,01,01, 01,01,00,00, 00,00,00,00,
00,00,01,00, 00,00,01,00, 00,00,01,00, 00,01,00,00, 01,00,00,00,

-------------------------------------------------------
00,00,00,00, 00,00,00,00, 00,00,00,00, 00,00,00,00, 00,00,00,00,
00,00,00,00, 00,00,00,00, 00,00,00,00, 00,00,00,00, 00,00,00,00,
00,00,00,00, 00,00,00,00, 00,00,00,00, 00,00,00,00, 00,00,00,00,
00,00,00,00, 00,00,00,00, 00,00,00,00, 00,00,00,00, 00,00,00,00,

00,00,00,00, 00,00,00,00, 00,00,00,00, 00,00,00,00, 00,00,00,00,
01,00,00,00, 01,00,00,00, 01,00,00,00, 00,01,00,00, 00,00,00,00,
00,00,00,00, 00,00,00,00, 00,00,00,00, 00,00,00,00, 00,00,00,00,
01,00,00,00, 01,00,00,00, 01,00,00,00, 00,00,00,01, 00,00,00,00,

-------------------------------------------------------
00,00,00,00, 00,00,00,00, 00,00,00,00, 00,00,00,00, 00,00,00,00,
00,00,00,00, 00,00,00,00, 00,00,00,00, 00,00,00,00, 00,00,00,00,
00,00,00,00, 00,00,00,00, 00,00,00,00, 00,00,00,00, 00,00,00,00,
00,00,00,00, 00,00,00,00, 00,00,00,00, 00,00,00,00, 00,00,00,00,

00,00,00,00, 00,00,00,00, 00,00,00,00, 00,00,00,00, 00,00,00,00,
00,00,00,00, 00,00,00,00, 00,00,00,00, 00,00,00,00, 00,00,00,00,
00,00,00,00, 00,00,00,00, 00,00,00,00, 00,00,00,00, 00,00,00,00,
00,00,00,00, 00,00,00,00, 00,00,00,00, 00,00,00,00, 00,00,00,00,

-------------------------------------------------------
00,00,00,00, 00,00,00,00, 00,00,00,00, 00,00,00,00, 00,00,00,00,
00,00,00,00, 00,00,00,00, 00,00,00,00, 00,00,00,00, 00,00,00,00,
00,00,00,00, 00,00,00,00, 00,00,00,00, 00,00,00,00, 00,00,00,00,
00,00,00,00, 00,00,00,00, 00,00,00,00, 00,00,00,00, 00,00,00,00,

00,00,00,00, 00,00,00,00, 00,00,00,00, 00,00,00,00, 00,00,00,00,
00,00,00,00, 00,00,00,00, 00,00,00,00, 00,00,00,00, 00,00,00,00,
00,00,00,00, 00,00,00,00, 00,00,00,00, 00,00,00,00, 00,00,00,00,
00,00,00,00, 00,00,00,00, 00,00,00,00, 00,00,00,00, 00,00,00,00,

-------------------------------------------------------
00,00,00,00, 00,00,00,00, 00,00,00,00, 00,00,00,00, 00,00,00,00,
00,00,00,00, 00,00,00,00, 04,00,00,00, 00,04,00,00, 00,00,00,00,
00,00,00,00, 00,00,00,00, 00,00,00,00, 00,00,00,00, 00,04,00,00,
00,00,00,00, 00,00,00,00, 00,00,00,00, 00,00,00,00, 00,00,00,00,

00,00,00,00, 00,00,00,00, 00,00,00,00, 00,00,00,00, 00,00,00,00,
00,00,00,00, 00,00,00,00, 00,00,00,00, 00,00,00,00, 00,00,00,00,
00,00,00,00, 00,00,00,00, 00,00,00,00, 00,00,00,00, 00,00,00,00,
00,00,00,00, 00,00,00,00, 00,00,00,00, 00,00,00,00, 00,00,00,00,

-------------------------------------------------------
00,00,00,00, 00,00,00,00, 00,00,00,00, 00,00,00,00, 00,00,00,01,
00,00,00,00, 00,00,00,00, 00,00,00,00, 00,00,00,00, 00,00,00,00,
00,04,00,00, 00,01,00,00, 00,01,00,00, 00,00,00,01, 00,00,00,01,
00,00,00,00, 00,00,00,00, 00,00,00,00, 00,00,00,00, 00,00,00,01,

00,00,00,00, 00,00,00,00, 00,00,00,00, 00,00,00,00, 00,00,00,00,
00,00,00,00, 00,00,00,00, 00,00,00,00, 00,00,00,00, 00,00,00,00,
00,00,00,00, 00,01,00,00, 00,01,00,00, 00,00,00,01, 00,00,00,00,
00,00,00,00, 00,00,00,00, 00,00,00,00, 00,00,00,00, 00,00,00,00,

-------------------------------------------------------
00,00,00,01, 00,00,00,20, 00,00,00,20, 00,00,00,20, 00,20,20,20,
00,00,00,00, 00,00,00,00, 00,00,0c,00, 00,00,00,0c, 00,00,00,20,
00,00,00,01, 00,00,00,20, 00,00,00,20, 00,20,00,00, 00,20,00,0c,
00,00,00,01, 00,00,00,20, 00,00,00,20, 00,00,20,00, 00,20,00,20,

00,00,00,00, 00,00,00,01, 00,00,00,01, 00,00,00,01, 00,00,00,00,
00,00,00,00, 00,00,00,00, 00,00,00,00, 00,00,00,00, 00,00,00,01,
00,00,00,00, 00,00,00,01, 00,00,00,01, 00,01,00,00, 00,00,00,00,
00,00,00,00, 00,00,00,01, 00,00,00,01, 00,00,01,00, 00,00,00,00,

-------------------------------------------------------
The constraints are (in the form of (round, position, input_diff, output_diff)
The number infront of each constraint corresponds to the grouping that each constraint falls under.
Each group is treated as independent in this computation
Some constraints may have more than one group identity. These groups have to be considered together
1 (0,3,25,25) (0,9,50,4) (0,c,15,61) (1,3,40,6) linear
4 (0,0,10,40) (1,4,40,6) linear
1 (0,3,25,25) (1,7,25,a5) linear
1 (0,3,25,25) (0,9,50,4) (1,f,21,20) linear
8 (1,1,40,6) (2,5,6,21) linear
c (1,2,4,6) (2,6,6,21) linear
f (1,3,40,6) (2,7,6,21) linear
c (1,2,4,6) (1,8,5,26) (2,e,20,90) linear
f 5 (1,3,40,6) (0,4,10,40) (0,b,10,40) (1,9,0,0) (2,f,6,21) nonlinear
2 (2,0,6,21) (3,4,21,20) linear
5 e (2,6,6,21) (1,4,40,6) (1,b,4,6) (2,9,0,0) (3,b,21,20) nonlinear
c 4 (1,2,4,6) (1,8,5,26) (1,f,21,20) (2,2,0,0) (2,8,26,21) (3,e,21,20) nonlinear
9 (3,1,90,3) (3,b,21,20) (4,d,20,90) linear
0 4 (0,7,4,5) (0,0,10,40) (1,c,40,6) (1,8,5,26)  higher-order linear
0 (0,7,4,5) (1,c,40,6) (1,8,5,26) (1,4,40,6)  higher-order linear
(0,c,15,61) (0,9,50,4) (1,7,25,a5) (1,3,40,6)  higher-order linear
(0,c,15,61) (1,f,21,20) (1,3,40,6)  higher-order linear
(0,9,50,4) (1,f,21,20) (1,7,25,a5)  higher-order linear
1 (0,c,15,61) (0,3,25,25) (1,f,21,20) (1,7,25,a5) (1,3,40,6)  higher-order linear
(1,8,5,26) (2,e,20,90) (2,6,6,21)  higher-order linear
Original prob: 97
Independent prob (prob ignoring the ones depend on keys): 56

These are the splits:
(0,3,25,25) (0,9,50,4) (0,c,15,61) (1,3,40,6) 
(0,3,25,25) (1,7,25,a5) 
(0,3,25,25) (0,9,50,4) (1,f,21,20) 
(0,3,25,25) (0,9,50,4) (0,c,15,61) (1,3,40,6) (1,7,25,a5) 
(0,3,25,25) (0,9,50,4) (0,c,15,61) (1,3,40,6) (1,f,21,20) 
(0,3,25,25) (0,9,50,4) (1,7,25,a5) (1,f,21,20) 
(0,3,25,25) (0,9,50,4) (0,c,15,61) (1,3,40,6) (1,7,25,a5) (1,f,21,20) 
-----------------------------------------------
(0,0,10,40) (1,4,40,6) 
(0,0,10,40) (0,7,4,5) (0,a,0,0) (1,8,5,26) (1,c,40,6) 
(0,0,10,40) (0,7,4,5) (0,a,0,0) (1,4,40,6) (1,8,5,26) (1,c,40,6) 
-----------------------------------------------
(1,1,40,6) (2,5,6,21) 
-----------------------------------------------
(1,2,4,6) (2,6,6,21) 
(1,2,4,6) (1,8,5,26) (2,e,20,90) 
(1,2,4,6) (1,8,5,26) (1,f,21,20) (2,2,0,0) (2,8,26,21) (3,e,21,20) 
(1,2,4,6) (1,8,5,26) (2,6,6,21) (2,e,20,90) 
-----------------------------------------------
(1,3,40,6) (2,7,6,21) 
(1,3,40,6) (0,4,10,40) (0,b,10,40) (1,9,0,0) (2,f,6,21) 
-----------------------------------------------
(2,0,6,21) (3,4,21,20) 
-----------------------------------------------
(2,6,6,21) (1,4,40,6) (1,b,4,6) (2,9,0,0) (3,b,21,20) 
-----------------------------------------------
(3,1,90,3) (3,b,21,20) (4,d,20,90) 
-----------------------------------------------
===============================================
Computing the following constraints theoretically: 
b (0,3,25,25) (0,9,50,4) (0,c,15,61) (1,3,40,6) linear
b (0,3,25,25) (1,7,25,a5) linear
b (0,3,25,25) (0,9,50,4) (1,f,21,20) linear
b (0,3,25,25) (0,9,50,4) (0,c,15,61) (1,3,40,6) (1,7,25,a5) higher order
b (0,3,25,25) (0,9,50,4) (0,c,15,61) (1,3,40,6) (1,f,21,20) higher order
b (0,3,25,25) (0,9,50,4) (1,7,25,a5) (1,f,21,20) higher order
b (0,3,25,25) (0,9,50,4) (0,c,15,61) (1,3,40,6) (1,7,25,a5) (1,f,21,20) higher order

key space reduction: -3
-6: 100
-------------------------------------
Computing the following constraints theoretically: 
8 (0,0,10,40) (1,4,40,6) linear
8 f (0,0,10,40) (0,7,4,5) (0,a,0,0) (1,8,5,26) (1,c,40,6) higher order
8 f (0,0,10,40) (0,7,4,5) (0,a,0,0) (1,4,40,6) (1,8,5,26) (1,c,40,6) higher order

key space reduction: -1
-10: 50
-8.41504: 50
-------------------------------------
Computing the following constraints theoretically: 
9 (1,1,40,6) (2,5,6,21) linear

key space reduction: -2
-1: 100
-------------------------------------
Computing the following constraints theoretically: 
8 (2,0,6,21) (3,4,21,20) linear

key space reduction: -0.415037
-2: 66.6667
-1: 33.3333
-------------------------------------
Computing the following constraints theoretically: 
9 (3,1,90,3) (3,b,21,20) (4,d,20,90) linear

key space reduction: 0
-2: 100
-------------------------------------
==============================================
For the theoretical side: 
The following are the distribution: 
Key reduction: -6.41504
18.415: 16.6667
19.415: 33.3333
20: 16.6667
21: 33.3333
==============================================
----------------------------------------------
Computing the following experimentally:
4 (1,2,4,6) (2,6,6,21) linear
4 (1,2,4,6) (1,8,5,26) (2,e,20,90) linear
4 a (1,2,4,6) (1,8,5,26) (1,f,21,20) (2,2,0,0) (2,8,26,21) (3,e,21,20) nonlinear
4 (1,2,4,6) (1,8,5,26) (2,6,6,21) (2,e,20,90) higher order
computing with 128 valid keys or 2^8 possible keys and 2^10 random plaintexts
computing with 128 valid keys or 2^8 possible keys and 2^10 random plaintexts
computing with 128 valid keys or 2^8 possible keys and 2^10 random plaintexts
computing with 128 valid keys or 2^8 possible keys and 2^10 random plaintexts
computing with 128 valid keys or 2^8 possible keys and 2^10 random plaintexts
computing with 128 valid keys or 2^8 possible keys and 2^10 random plaintexts
computing with 128 valid keys or 2^8 possible keys and 2^10 random plaintexts
computing with 128 valid keys or 2^8 possible keys and 2^10 random plaintexts
computing with 128 valid keys or 2^8 possible keys and 2^10 random plaintexts
computing with 128 valid keys or 2^8 possible keys and 2^10 random plaintexts
computing with 128 valid keys or 2^8 possible keys and 2^10 random plaintexts
computing with 128 valid keys or 2^8 possible keys and 2^10 random plaintexts
computing with 128 valid keys or 2^8 possible keys and 2^10 random plaintexts
computing with 128 valid keys or 2^8 possible keys and 2^10 random plaintexts
computing with 128 valid keys or 2^8 possible keys and 2^10 random plaintexts
computing with 128 valid keys or 2^8 possible keys and 2^10 random plaintexts
6.04145
6.07965
4.42021
5.95834
5.97348
4.4221
5.8954
4.38483
4.45407
6.01701
4.42304
4.44397
4.41175
6.03422
4.4349
4.41786
4.4188
5.96108
5.99017
4.41833
5.94743
4.42163
5.97625
4.43919
4.41222
6.01986
4.39452
4.41598
5.99438
4.35254
5.97486
6.07222
5.93122
6
5.96245
6.01843
4.40895
6.03133
4.43919
5.9366
5.92052
6.02272
4.41129
4.4349
6.00848
4.38345
4.39823
4.39267
6.02415
6.01986
4.45697
6.03422
5.99297
4.4141
6.03566
4.41974
6.09011
4.44589
4.39684
4.44158
4.44925
5.99718
6.0099
4.39591
5.95561
5.92318
5.95561
4.41598
4.3973
4.37703
6.0429
6.01701
5.98458
5.97625
6.03855
5.99718
4.46521
6.01274
4.39823
4.41833
4.43776
4.43062
5.96658
6.04145
4.44254
6.01701
4.38667
5.95971
5.9393
4.41504
6.00423
4.43157
6.02702
6.02702
6.02559
6.01986
4.42163
4.40102
6.09461
4.4273
6.0429
6.00565
4.37795
6.02272
6.02846
6.06779
5.97625
4.42683
6.06631
4.4273
4.456
6.11126
6.02702
4.38898
4.41363
4.41551
4.39128
6.03566
6.01132
5.96658
6.02846
5.94472
6.12042
5.95834
6.02559
5.96658
6.05309
6.10215
4.40195
4.45455
5.92318
4.4657
5.98598
5.97071
4.41222
6.03566
5.97209
5.94743
4.44397
4.40661
5.93795
4.38898
6.01416
5.99578
4.37932
5.97763
4.44014
4.45939
6.02559
5.98877
6.06042
6.02559
5.96108
4.46133
4.4141
5.95151
4.42304
6.01274
4.40288
6.0371
5.9366
4.4292
4.41035
5.90328
6.15294
6.00706
5.94201
4.45214
5.95834
4.40241
4.40009
4.39175
6.00706
4.42352
6.02846
6.04726
4.44925
4.40474
4.44397
6.00423
5.99438
6.09011
6.02272
4.43776
5.97763
6.02702
6.07519
4.42257
6.04872
4.40661
4.40241
6.01986
6.0099
4.40009
5.9652
6.0099
4.41833
5.96795
4.42257
6.00282
4.44589
6.05017
4.40941
6.01843
6.00141
4.41457
4.41692
5.94879
5.99859
4.4368
5.99017
4.40754
4.45359
6.04726
4.40334
4.38898
4.41457
4.40195
6.00141
4.36655
4.39545
5.99017
4.37475
4.44206
6.00282
4.42163
5.94743
5.96658
4.40334
6.07074
5.98041
4.41645
4.4368
6.01701
6.01843
5.99859
4.41129
4.39637
6.02272
4.41363
4.4657
4.42068
5.94743
5.96245
5.98041
4.43633
4.43157
6.03566
6.00565
5.99157
6
6.02129
6.05602
6.01132
4.44733
6.0371
6.03133
5.96933
5.97486
5.96383
5.99859
4.39823
4.39175
6.03566
4.44254
4.38805
6.04
5.94472
6.08561
6.03133
5.98458
5.98738
4.36746
6.07965
4.4188
5.99718
5.99017
5.95971
5.96383
5.98458
4.46278
4.40988
4.41739
4.38161
6.07074
4.45311
6.09612
6.01986
4.43967
6.00848
6.00848
4.39082
4.44014
4.41222
4.37566
5.91652
4.40895
5.99859
6.02846
6.05017
6.02846
4.39545
4.46959
6.02559
4.38529
4.39313
4.37978
4.43109
6.00848
4.39869
4.41786
5.99157
6.06779
4.40661
4.36519
4.41645
6.01986
5.93391
6.00565
6.01132
4.40708
6.0429
4.39637
4.44254
4.44637
4.38575
4.41082
6.03566
4.44925
6.08561
4.47938
4.34716
4.40428
5.95151
4.40895
5.97625
6.03422
4.41786
6.0371
4.46375
4.42446
6.06483
5.98598
6.00706
4.40195
5.94879
4.42825
4.3899
4.3973
5.98598
4.39128
5.99578
4.38621
4.41175
5.98877
6.03566
5.99578
4.40941
4.44254
4.43537
4.4349
4.39823
4.43967
6.01701
4.43347
4.3899
4.45794
5.98041
4.39684
5.94879
6.05017
4.44733
5.96245
6.02272
4.41692
4.40754
5.99718
4.42068
4.38898
4.41363
6.09913
5.98598
6.00706
4.44493
6.01274
4.40381
4.37292
4.44589
4.41598
4.38529
5.99578
5.99297
5.94879
4.42967
4.39684
5.99017
5.94743
6.0737
6.01416
4.43823
6.02559
6.05456
6.02989
4.42493
4.40102
4.41645
4.39406
4.36292
4.43537
6.06042
4.46084
4.39175
4.42635
5.99157
4.45842
6.02415
4.44014
4.48529
5.95424
4.4141
6.05163
6.00706
4.44158
5.92988
6.02129
6.08711
4.40848
4.42541
5.93122
4.40988
4.44397
4.39221
5.90592
6.01416
4.37247
5.99438
4.41316
4.42399
5.95424
6.06483
4.42352
4.40102
4.42257
4.4188
6.04145
4.42116
4.4589
4.40521
4.40568
4.43299
4.44445
4.41082
4.39591
6.09762
5.97348
6.06483
5.97209
4.38759
4.40895
5.99157
5.99859
4.42683
5.98598
4.40661
6.01986
6.02415
4.42683
4.4292
4.45311
5.97763
6.00423
4.42872
6.06483
4.41175
4.37429
4.43299
4.46181
6
6.10064
5.9818
6.02559
5.98458
4.41363
4.43109
6.02129
5.97625
6.01843
5.99859
5.88756
6.02702
5.98319
4.36746
4.41974
6.05017
5.97348
6.0099
4.42588
4.39313
5.99017
4.39036
6.04872
4.39545
4.43728
4.40895
5.96245
6.00141
5.95015
4.44206
5.99718
4.41457
5.89017
5.96658
4.44302
4.36292
6.02989
6.00848
4.44062
4.41833
4.40334
5.9393
5.9652
4.40055
4.3899
6.03277
6.01132
6.02702
5.93526
4.42399
4.40428
4.39406
5.95151
6.10367
5.9652
5.98877
4.38253
6.05309
5.87588
5.98458
4.40754
5.93391
6.02272
5.97348
4.40381
4.40895
4.41082
5.95834
4.39267
6.04872
6.04872
4.43157
6.06631
6.00848
4.44493
4.42446
4.42257
4.40241
6.00282
4.41082
5.99859
5.94336
6.04145
5.98041
4.41551
4.36882
4.36928
4.41551
4.38898
4.41974
5.99157
4.37703
5.93391
5.96383
5.95151
6.04872
4.4292
4.40381
6.0099
4.40801
6.0099
4.42588
6.01558
4.39823
5.99297
4.42635
6.04435
6.01274
5.96933
6.00423
5.97071
6.0429
6.06189
4.42399
4.43299
4.3973
4.40474
6.03277
5.99157
6.02129
4.46911
6.07222
4.44254
6.01416
4.42541
6.07519
4.39128
4.36292
4.42068
4.40754
6.02415
4.42872
4.45987
4.43157
4.37932
4.41927
5.92586
4.41739
5.99578
6.03277
6.00848
6.0458
4.4507
5.95834
6.09762
4.41786
4.41457
4.44397
4.36156
4.45118
6
4.47693
4.44062
4.42635
4.38667
5.9272
4.4188
6.03422
5.98041
4.43204
6.0099
4.39267
6.05163
5.99859
6.00848
5.9652
6.03855
6.01843
4.45794
4.46521
4.41363
4.39637
6.00141
4.38621
4.41175
4.4292
4.41974
6.03855
5.98319
6.02129
4.41129
4.44158
5.95971
4.45214
5.97209
5.97486
5.98877
4.49369
5.94879
4.3899
4.36973
4.40754
4.38116
4.43157
4.40148
6.03277
4.40988
4.40895
4.42163
4.4623
4.4349
5.9652
5.92185
6.03277
4.4292
4.41129
4.40848
6.01416
4.40614
6.11889
4.41269
4.43014
4.37658
6.00848
6.01558
5.99859
4.39313
4.37978
4.45504
6.05602
4.40754
6.05163
4.45214
6.00706
5.98598
5.91785
5.96383
6.00423
5.96795
4.39591
6.0429
4.40708
4.46959
4.41739
5.97486
4.41786
4.42163
6.00706
5.92185
4.39591
6.00282
4.46862
4.42399
6.04435
6.02415
4.41035
5.98877
4.41927
4.40801
4.40241
6.00141
6.02846
5.9818
4.39128
4.39637
4.42683
5.9818
4.42541
4.44877
4.37795
4.47693
4.40241
4.43585
5.98458
4.41504
4.38898
6.03566
5.99859
4.40941
4.41269
4.36338
4.35209
6.06483
4.42588
5.93391
4.37247
5.98738
4.40614
6.0371
5.99438
4.4411
4.39452
6.03422
6.02989
4.44349
4.44589
4.41598
5.94879
5.97071
4.40568
5.91785
5.99718
4.40614
4.47155
5.9393
6.05602
6.02702
4.43299
6.01132
4.41175
4.41175
4.38345
6.0099
4.4507
4.4273
5.99718
4.4273
4.37703
6.05749
5.98877
4.37703
4.41504
4.43585
6.01274
4.39869
4.44685
4.43062
4.38207
6.08561
5.94743
5.9818
6
6.05309
5.97625
5.99438
4.43299
5.94879
5.89148
4.40009
5.98041
5.99859
5.99578
5.98877
5.88886
5.96795
5.98877
5.99859
4.3711
4.40614
5.9366
4.38713
6.05017
5.99157
6.05017
4.43204
4.43062
5.92586
5.97486
5.99017
5.97209
4.39175
6.02702
4.41363
4.40895
5.95151
5.98877
6.02702
4.42446
5.97625
5.94336
6.06336
4.43062
6.04
4.41175
4.39823
6.03133
4.43157
4.45311
4.39777
5.96245
6.09461
5.96383
4.3899
4.40848
6.01416
5.99859
4.41035
4.40848
4.38483
6.04872
5.93257
4.40848
5.97486
4.39452
4.41222
6.06631
4.41786
5.97486
4.44445
4.46133
5.9652
4.40334
6.01558
5.99859
6.03855
4.4273
4.4349
4.46327
4.39869
4.42257
4.42872
4.36882
5.95971
6.06779
4.39267
6.04435
4.40148
4.41222
4.4368
5.99578
6.02989
5.92854
5.93122
4.38805
5.95971
4.38161
4.38529
4.43728
6.0099
5.98877
4.40708
5.91652
4.45214
6.01558
4.45552
4.39036
6.05895
6.06631
6.09011
4.42068
4.45552
6.01701
4.40102
6.07965
4.43062
4.38851
4.44589
4.4292
6.01843
6.00423
5.90989
4.43109
4.43062
6.06483
6.10064
6.02559
5.98738
6.00141
6.05017
4.43204
6.08263
4.38253
5.95697
6.03277
5.9818
4.40521
6
6.01986
6.02129
4.4349
6.02559
6.01274
4.40055
6.04145
4.40381
4.35885
6.04145
5.97209
6.00565
6.01558
4.4188
4.43585
5.96108
5.97348
4.44733
4.39916
5.98598
5.95971
4.44973
4.40568
4.41504
4.39406
6.06042
6.00423
4.45552
4.40661
5.98877
4.44254
5.99859
5.99859
5.96383
6.04
4.38621
4.45455
5.99017
4.44733
4.41645
4.40848
4.3711
4.4349
4.41457
4.45842
4.38437
4.45648
5.96795
6.00423
6.08711
6.03277
4.35659
4.43347
4.44254
4.43109
4.39406
6.02559
5.99017
4.41645
6.0371
4.42446
4.43109
4.42021
4.41551
4.39498
5.97625
4.38207
4.45648
5.9272
5.96795
5.96383
6.02272
4.42588
6
6.00706
4.43871
5.99157
4.41082
4.38483
4.40754
4.47155
4.45214
4.41598
4.4141
6.03566
5.92854
4.37019
4.45987
4.42399
5.97486
4.41551
4.39962
4.42116
5.99718
4.41927
4.43014
4.40055
4.40474
6
4.40102
5.97348
4.43728
6.06779
6.0371
5.97763
5.97209
4.41645
5.94066
4.39545
5.98458
6.00141
4.42257
6.05602
6.03855
4.44973
4.46278
4.44829
4.47252
4.38437
4.44158
6.01416
6.05309
5.96933
4.45987
4.40055
4.42116
6.0429
5.95834
4.39498
4.43395
4.39962
4.43157
4.44925
4.40102
6.03855
4.42116
6.06336
4.42777
4.43728
4.39452
4.41974
6
6.00848
4.37475
5.93795
6.12042
4.41175
4.37658
6.00141
4.39406
6.06631
6.0099
6.12656
6.01701
6.01558
6.00282
4.38299
4.38759
6.01986
4.40941
6.01986
5.99297
6.01416
4.44781
4.43442
6.03133
6.06631
5.92988
5.96108
6.00282
6.04726
4.43633
6.02272
4.41739
6.01132
5.96658
4.41363
6.02559
4.39777
6.01843
4.44973
4.39406
6.0371
5.92185
4.43967
4.40009
6.02559
4.4623
5.96245
5.93257
6.05017
5.98598
4.43299
5.99157
4.39823
5.97348
6.05749
5.98598
6.07074
6.02559
4.42825
4.41035
5.9272
4.45262
4.3899
5.9652
4.40614
5.9366
5.98458
5.97486
4.40801
4.41974
4.40381
4.45118
4.42116
4.36292
4.44877
5.94607
5.92318
4.40241
6.00565
6.06042
5.98598
4.38299
4.44781
4.45745
4.38805
4.39777
5.94201
6.01558
6.00141
4.3973
6.01986
5.98041
5.98738
6.07667
6.01416
5.87459
5.98458
6.00282
4.44014
6.01843
6.04872
4.43157
4.42304
5.99578
6.01274
5.95151
5.9652
4.47399
4.44014
5.96658
4.39962
4.41786
4.45794
5.97625
4.39359
4.43014
5.94201
5.97763
4.43871
6.09612
5.99157
4.40009
4.36202
4.43967
4.41222
4.40661
4.42116
4.42446
6.03422
6.09161
4.43299
6.00141
4.44014
4.51116
5.98458
6
4.43062
6.00565
4.4292
6.01274
6.08263
6.0099
6.02559
4.39313
4.37886
5.98738
4.4221
6.02415
4.42257
4.40009
6.00565
6.05017
4.40241
4.41786
5.98041
4.44973
6.05749
5.98877
4.40521
6.10064
4.48578
4.44158
4.37155
6.06042
6.07074
6.04
5.97763
5.98041
4.39823
4.39359
6.05895
6.0458
5.95015
4.40661
4.4273
4.43252
6.02989
4.41974
5.93257
6
6.01558
6.03133
5.95424
5.99718
4.43109
4.41833
4.43252
5.96383
4.40754
6.00565
4.40055
5.9818
4.38621
4.42399
5.96795
5.9272
5.98877
5.98041
4.42021
4.41504
4.40521
6.01274
5.95834
5.98319
4.38299
5.98041
6.04
4.34134
4.37932
6.0429
6.05749
4.44877
4.43919
4.41129
4.41974
6.02702
4.44829
5.99438
4.38437
4.38575
4.42967
5.99157
4.4141
5.9818
6.00706
5.96658
5.99017
5.92052
6.02272
4.43537
6.04
5.98738
4.42541
4.37338
4.44973
6.06926
4.38621
5.9393
4.41974
6.0099
4.44254
6.05602
4.41833
4.41739
4.45359
4.44349
6.04
6.01843
4.42683
6.06336
5.98319
4.39036
5.97071
4.41598
6.01274
6.01986
4.42872
6.02989
6.0737
6.08861
5.96108
5.98598
6.06483
5.96383
6.00423
4.46667
5.97763
5.9393
4.44206
4.40568
5.99859
5.98738
4.40381
4.40241
4.44973
4.39916
6.00706
5.97625
4.4411
4.38575
4.37978
4.43395
6.05163
4.41222
5.99438
4.42116
5.88366
4.47155
4.41175
4.4349
6.00565
4.3973
4.43347
5.99017
4.42304
5.96245
4.41129
4.45987
5.99859
6.05309
4.45504
6.05749
6.08412
4.40895
4.43252
5.98041
4.4221
4.38253
4.41457
6.00282
6.01701
6.01274
5.92452
4.40614
4.41175
4.40288
6.00565
4.41598
6.03277
6.02846
4.40568
5.99157
4.42967
4.44158
6.09311
5.97763
4.44014
6.04145
4.41551
6.05017
4.41551
5.99438
4.40661
6.04872
4.36156
5.95971
5.99297
5.99297
5.96658
5.97902
4.39684
4.41598
6.01986
4.4349
6.01274
6.02702
4.40941
4.41504
6.09311
5.99859
6.0429
6.06926
4.40988
6.00848
5.97902
6.00706
6.03422
4.41551
5.99718
4.42967
4.41786
4.36564
4.46813
4.40148
4.40988
5.97348
4.40381
6.02989
4.45214
5.99017
6.00565
6.06336
5.97348
6.10518
4.40661
6.01701
5.99297
4.40474
5.99017
6.01274
4.3807
5.95834
6.06779
6.08114
4.41269
5.95015
4.45648
6.07222
5.99578
6.01558
4.41363
5.97486
5.96658
6.09612
5.88236
6.05895
4.41551
6.01416
5.91386
6
6.17504
4.40474
4.38253
4.37612
4.39869
4.45987
6.0458
6.09913
4.43728
6.05017
6.07816
4.41316
4.36837
4.40334
4.46472
4.42635
6.06483
6.04435
4.39916
4.41269
6.05749
6.0099
4.4411
4.38345
4.44254
6.10822
4.39498
4.40708
5.95971
4.44493
5.98877
4.42068
5.97209
4.39359
4.40334
5.99718
6.04145
4.43347
4.42541
4.43537
6.00423
4.40895
6.04
5.99859
4.36746
4.41457
5.99297
5.95561
5.99859
6.07667
6.00423
4.40102
6.01132
6.05163
5.95561
4.43395
4.40288
4.43871
5.99578
6.00565
6.01558
4.42021
4.40288
4.44589
5.96245
6.00706
4.3973
4.43871
6.10367
4.42493
4.38437
4.44637
4.39221
4.40195
6.0737
4.39175
4.4349
5.98041
5.96245
4.44397
4.41598
5.98877
4.39916
6.01843
6.07965
4.43967
6.02272
6.00423
6.00565
4.3494
6.05163
6.09011
6.01274
4.39545
6.02415
4.40801
4.44254
4.4221
4.41316
4.38116
5.96658
4.46764
5.97902
6.07519
5.98041
4.41129
4.43585
6.08263
6.04
6.00848
6.03566
4.41927
5.98877
5.98319
6.00282
4.39406
6.01274
4.41739
5.97625
5.97763
4.42446
4.38759
6.00282
4.41504
6.09311
4.43347
5.94879
4.3807
5.95288
4.45359
4.42068
5.98738
4.46862
4.44158
4.42399
6.02559
4.38437
6.03566
4.41175
5.99297
4.42825
5.97902
6.02989
4.42635
4.40754
4.40381
5.98041
6.04145
6.06631
5.99578
4.38116
6.04872
4.39637
5.96933
5.97209
5.98458
5.97209
4.40988
4.37932
4.42399
4.3973
5.97209
6.03566
4.40288
6.07074
4.40474
4.4273
4.40895
4.40521
6.08711
4.41645
6.01416
6.00423
6.0458
5.99859
4.43299
4.38207
5.98458
4.43395
4.39684
4.40148
5.95288
4.4141
4.38621
5.97625
5.96795
4.39267
5.91519
4.40708
6.01558
5.91121
6.01416
4.44637
4.42635
4.38805
6.02559
5.9652
4.42257
4.41739
6.00706
5.97348
4.40148
4.39175
4.41598
6.05749
6.01558
4.41457
5.96658
5.92988
5.93257
5.98041
5.9818
6.07074
5.97486
6.08861
4.42116
4.37612
5.91386
4.46667
5.99578
6.00141
6.04145
5.99438
5.9272
6.03133
6.01986
5.98319
4.40148
6.0458
6.09612
4.42635
6.0458
6.01558
6.05602
4.39684
5.9818
4.43062
6.00141
5.89802
4.44062
4.43157
6.00282
4.43347
5.97625
6.04145
4.39962
6.00423
5.96933
6.04435
5.95288
4.43823
5.98041
6.00565
4.39036
4.41739
5.98598
4.43395
5.95151
6.00848
4.37019
4.41269
4.44829
4.41927
4.4932
5.99718
4.367
6.02989
4.39128
4.39267
5.98319
5.99157
4.45022
4.41927
6.01843
6
4.42683
6.05456
6.02702
4.43537
4.42399
4.40661
5.98738
4.3575
4.39777
4.40568
6.06631
6.03133
6.0458
6.0099
4.43062
4.38575
4.4141
5.95424
6.06483
5.92185
4.43395
6.00282
6.09612
4.44206
6.01986
4.39359
4.41645
4.40381
6
6.00141
4.43633
6.00423
4.43728
5.9818
6.01274
5.97902
6.03855
6.08114
5.94879
4.45118
4.40754
4.43299
4.39359
4.42541
4.43919
5.97071
4.40988
6.00282
4.38667
4.41457
5.90856
4.3973
4.40009
6.04
4.40195
4.40988
5.95971
4.42588
6.02989
4.43299
6
4.40102
4.42116
4.43014
4.41129
5.99017
4.38253
4.40988
4.40428
6.0099
4.43633
6.04
6.02415
4.41692
6.05749
4.40895
4.43347
5.98598
5.91652
5.97348
4.40102
6.05017
6.0099
6.02559
6.00141
5.93795
4.38253
5.91254
5.97348
4.37566
5.98319
6.01558
4.39591
5.98041
4.4141
5.95424
6.00565
4.42493
4.41927
5.96108
6.00565
5.99718
5.97071
4.44589
4.41504
5.95971
6.04435
4.47106
4.40241
4.4411
4.42493
4.36383
4.42021
5.94743
4.38483
4.41222
6.01986
5.94607
6.04145
6.00141
5.9366
6.1143
6.02272
5.91121
4.44254
4.41598
6.01986
4.45118
4.47791
4.39036
4.39128
5.99017
6.07074
6.01274
4.45022
4.45987
6.00141
5.99438
4.45262
5.99859
5.98041
4.38713
4.37429
6.01843
4.43776
6.02846
6
6.01558
5.98598
4.43442
4.43204
6.02272
5.97902
4.37429
6.04872
5.87459
5.96658
4.44397
4.41035
4.42257
6.02559
6.03422
4.3661
5.99859
4.40988
4.37886
6.04
4.40474
6.09311
6.04
5.8733
5.97902
5.98877
5.95834
4.41504
6.00565
6.01843
4.41222
5.98877
6.01132
4.35164
4.38207
4.39777
4.43062
5.97209
5.97209
6.0429
4.42541
6.00848
4.40334
5.95697
4.42588
6
4.42588
4.40009
4.48627
4.43062
4.43109
4.40895
4.4141
5.89671
4.41692
5.95834
4.44397
4.38851
5.99017
5.92854
4.42683
4.43728
6.09161
4.46472
5.9652
4.43014
5.97209
4.43442
6.02272
4.44637
4.44014
6.06483
5.94743
4.44541
6.08114
4.44637
4.40055
6.00848
4.42635
4.43871
5.99157
6.10822
4.37201
6.05017
4.39916
6.00282
4.42116
5.98738
4.43252
6.02846
4.40195
4.42163
4.38024
5.98738
5.99859
4.46813
5.97625
5.98738
5.98319
6.0737
4.43442
4.40988
4.40428
6.00848
4.43728
6.01132
6.00565
4.44445
5.98598
5.97902
6.01558
5.96245
4.42116
4.41598
6
5.97209
6.01701
4.3807
5.97209
5.99017
4.4735
4.37247
4.41598
5.95424
4.367
4.38575
4.40801
4.38391
4.40848
4.4368
6.01843
5.96383
6.02272
4.42777
4.42446
5.98458
4.41692
6.01843
4.43299
4.45407
6.01416
5.99859
4.43395
4.43014
5.94472
4.39406
4.3711
5.99157
6.07965
key space reduction: -2
prob, dist: 
4.41651 48.7305
6.00288 51.2695
----------------------------------------------
Computing the following experimentally:
b (1,3,40,6) (2,7,6,21) linear
b 6 (1,3,40,6) (0,4,10,40) (0,b,10,40) (1,9,0,0) (2,f,6,21) nonlinear
computing with 128 valid keys or 2^8 possible keys and 2^10 random plaintexts
computing with 128 valid keys or 2^8 possible keys and 2^10 random plaintexts
computing with 128 valid keys or 2^8 possible keys and 2^10 random plaintexts
computing with 128 valid keys or 2^8 possible keys and 2^10 random plaintexts
computing with 128 valid keys or 2^8 possible keys and 2^10 random plaintexts
computing with 128 valid keys or 2^8 possible keys and 2^10 random plaintexts
computing with 128 valid keys or 2^8 possible keys and 2^10 random plaintexts
computing with 128 valid keys or 2^8 possible keys and 2^10 random plaintexts
computing with 128 valid keys or 2^8 possible keys and 2^10 random plaintexts
computing with 128 valid keys or 2^8 possible keys and 2^10 random plaintexts
computing with 128 valid keys or 2^8 possible keys and 2^10 random plaintexts
computing with 128 valid keys or 2^8 possible keys and 2^10 random plaintexts
computing with 128 valid keys or 2^8 possible keys and 2^10 random plaintexts
computing with 128 valid keys or 2^8 possible keys and 2^10 random plaintexts
computing with 128 valid keys or 2^8 possible keys and 2^10 random plaintexts
computing with 128 valid keys or 2^8 possible keys and 2^10 random plaintexts
4.38161
3.65293
6.00141
6.01416
5.98458
5.96795
3.7071
3.18382
3.21373
3.17962
3.65793
5.97348
4.41129
4.39823
3.21128
3.18522
3.66796
3.17504
6.04726
3.19265
3.65044
4.41129
3.69451
5.99718
3.22954
3.6034
3.20518
5.99157
5.97071
6.05163
3.19446
3.19083
3.68089
5.99438
6.08114
5.92452
3.68259
4.41316
6.05456
4.44062
3.69593
5.98319
3.19144
6.03422
4.44014
4.44493
3.6965
6.02989
3.6521
3.67835
4.38898
6.00848
3.62959
3.17643
4.38805
4.40708
5.94201
4.3494
3.68797
3.67807
4.38299
4.456
4.43395
6.00423
3.2121
6.00282
6.05456
6.06042
3.66461
4.44877
4.42163
6.06483
4.35659
4.40474
3.1683
3.21455
3.6891
3.17982
3.68344
3.17962
6.04145
3.18122
3.66545
3.70222
3.22624
5.97071
3.67076
5.91785
3.18562
3.2064
3.68542
3.18102
3.18702
4.44158
3.22028
3.18802
6.04726
5.98319
3.66126
6.00141
4.37292
3.71142
5.9366
3.67498
3.21026
4.39313
3.2121
3.2068
3.20823
3.20193
4.44445
6.01274
5.95834
4.38345
3.65376
3.71431
3.1987
4.4273
3.66517
3.69965
4.45407
6.02272
5.9652
4.41692
4.38391
3.67385
3.2211
5.98738
4.49966
4.47301
3.17405
3.20173
3.65515
6.02272
3.18923
6.02989
4.43633
3.64135
3.14494
3.18402
4.39823
4.39082
4.37064
4.40568
3.17008
4.44925
3.66824
3.72388
4.47203
5.99438
3.20823
3.20295
4.42021
3.68033
4.35659
3.66433
4.41082
3.68854
3.19144
4.4292
5.94066
3.68967
3.17127
3.21885
5.97348
4.39777
3.66796
4.41175
4.43252
4.4273
3.66712
3.64025
4.43062
4.44973
3.63778
4.44302
3.17763
3.6857
3.21169
3.19063
4.4273
4.38161
3.68174
3.65044
4.41598
4.43967
4.38575
3.6891
5.99157
4.37064
3.19829
4.41786
3.19405
3.70165
3.68457
5.9818
3.19305
3.6874
5.96933
3.18242
6.01274
3.65543
3.67189
3.19627
4.41316
4.40195
3.18482
5.98041
5.9366
4.43299
4.39359
6.00141
6.06779
5.92586
3.7201
3.21128
3.66657
4.41035
3.17484
3.63696
4.40895
4.42116
4.41035
4.41082
3.18282
3.20721
3.67301
3.19587
3.69422
4.35885
3.70998
3.67864
3.6857
3.69251
3.64327
3.17902
3.20315
4.40521
3.67441
3.6874
3.69765
5.96795
4.4141
3.19769
3.20153
3.18863
3.1681
4.42304
3.19688
5.95697
3.20355
5.99297
4.40334
6.02415
5.95971
3.21905
3.66601
3.65709
3.21537
3.19285
5.9272
3.19124
6.02846
3.66321
4.44685
4.39498
3.18322
3.67582
3.7265
6.01132
5.98041
5.94336
5.99017
4.43204
4.3899
3.18622
4.40055
6.05309
4.44445
3.18842
4.39869
4.41129
3.69223
5.90989
3.68372
6.02272
3.6688
4.39175
4.44206
3.17663
4.36111
4.38345
3.17922
6.02272
4.42163
5.9393
4.37429
4.47448
4.38898
3.68174
4.41786
3.64989
5.97486
3.70998
3.18762
5.98738
3.66852
4.39962
4.39591
3.19991
6.01274
3.70022
3.19164
4.3973
3.17982
3.21006
3.19285
5.98458
3.17823
3.16988
3.67976
4.40895
5.90592
5.97763
3.19204
5.94066
3.20295
5.94201
4.38575
4.44541
4.43537
6.01416
4.43537
3.66936
3.65681
4.40708
6.02989
3.6674
3.64796
3.65459
4.42021
4.38575
3.67779
3.68967
3.69223
4.44733
3.2121
3.69109
3.18162
3.19506
3.65598
3.18242
6.03855
3.20214
3.19607
3.68033
4.41739
3.67835
5.99718
3.66377
3.68033
3.19587
3.19466
3.18782
3.18122
3.18682
3.67695
5.99017
3.18282
3.65404
3.19204
4.41129
3.1995
3.22172
3.70538
3.19305
4.36973
3.63641
3.18983
4.45166
3.20355
4.43347
5.97209
6.01132
5.99718
4.44014
4.44445
3.18802
3.17823
3.67245
6.03422
4.42967
3.65932
4.41786
5.9366
6.01843
4.43204
3.68712
3.17524
3.19446
6.08561
3.19003
6.00423
3.19063
4.39313
3.67751
6.00141
6.05602
4.44445
5.98458
5.98319
3.19789
5.9818
3.17743
4.39545
3.18142
3.17127
4.40895
4.41035
3.19365
3.6823
3.20518
3.6441
4.4349
5.99438
3.65598
4.46667
6.0371
3.70022
3.67245
6.05895
5.98598
4.37292
3.18963
3.70337
3.69593
3.70854
3.19506
3.1991
5.9652
3.18062
3.21332
3.68061
3.18562
4.43442
4.37886
6.02415
3.71633
4.40661
4.39313
3.1991
4.41645
4.3807
3.21885
4.41082
4.43585
3.20619
6.09461
4.43728
5.98041
5.97071
3.19748
4.41833
6.09913
3.70682
3.18262
3.68428
4.39359
4.38944
5.9818
4.40988
4.45552
3.18562
6.02415
3.19405
5.99578
3.67385
3.67638
3.66015
3.18562
3.68259
6.01416
6.01701
4.39175
3.65543
3.6688
3.69822
3.71431
4.40521
4.4188
5.98458
4.41035
4.42257
5.98738
6.0737
4.41269
4.41175
4.43823
4.44589
3.1987
4.37886
3.67048
3.19809
3.64989
5.97902
4.39962
6.00706
3.68372
3.19607
4.40009
3.66964
5.96933
5.93795
3.6688
4.41269
5.97902
3.67357
4.43204
3.6702
5.99438
3.68428
3.17286
3.68315
4.367
5.98458
3.19365
3.18122
3.684
3.65654
3.17862
6.03855
3.67245
3.66684
3.19587
4.38161
5.9818
3.18782
3.67273
3.69479
6.04145
3.17962
5.99438
4.39684
4.41974
3.19748
3.66768
5.93526
3.70682
3.18002
4.43776
3.18322
6.02272
5.91519
6.11736
3.67385
4.4141
3.2123
3.67666
3.21312
4.41551
3.69479
3.19345
4.43823
4.40614
4.41739
6.01843
5.94336
5.94201
6.04435
5.97625
3.66573
3.17982
4.43919
4.39452
3.71923
3.19647
5.99157
4.42588
5.97486
3.19023
5.97071
3.68061
3.1989
3.64906
4.36428
5.94879
3.17087
4.42588
3.67498
6.02702
3.68117
6.02989
3.18322
3.18542
4.43823
4.456
4.46764
6.00848
3.64465
4.40708
6.07519
5.95561
4.47155
3.17028
4.43633
3.19971
4.41786
3.19829
3.67189
6.01416
4.42257
3.19204
4.43395
3.64989
3.67948
4.42683
3.67892
3.67864
4.4188
6.05017
6.01416
4.43347
3.19104
6.05749
5.9652
3.71749
3.70022
3.19164
3.18762
3.67133
3.67048
3.69166
3.66768
3.18422
5.90328
4.42683
3.63477
4.4411
4.40334
4.42257
3.67104
3.18342
4.40614
6.06779
3.69251
3.19688
3.69109
5.99157
4.40941
4.38345
5.95561
3.68712
4.41457
5.97486
3.67892
6.02989
6.03855
6.04145
5.98319
3.69822
6.0458
4.44254
3.17823
3.64851
4.43252
4.43204
3.69451
4.40195
6.0429
3.19748
3.72883
4.40568
3.19063
3.17385
5.99718
3.68797
5.97209
3.18782
3.20945
3.69622
3.69793
3.63614
5.98598
3.22357
3.18322
4.38529
3.66349
4.44158
3.70051
3.69593
3.18903
4.3899
6.05017
3.6792
3.20315
6.00565
6.06926
5.94336
6.02272
4.38207
3.68627
3.71518
5.95971
4.42541
5.9652
4.44733
4.42825
6.00565
3.66405
6.05163
3.17723
3.6441
5.98458
3.66796
3.19063
4.41551
3.69109
6.03855
6.03422
6.02846
4.4273
5.96795
3.68598
3.6521
4.47938
4.46521
4.41082
3.20924
4.43919
3.67666
6.06042
4.43633
4.39591
3.66126
4.4589
3.18222
4.40941
4.42588
6.01274
4.44254
6.03277
3.18022
3.67807
4.42116
3.20254
3.66154
4.39916
5.98458
3.17882
3.6874
4.41316
5.95697
3.68882
5.97902
3.18242
4.47497
3.20133
4.46133
3.67357
4.42493
3.18662
5.94607
4.42021
3.69052
3.67638
3.6928
4.46618
4.39869
4.38575
6.03133
6.06042
3.17763
6.07222
4.39359
4.36202
6.00848
4.43919
4.44541
4.43585
4.42021
3.19405
3.66629
4.41786
3.67582
5.94743
5.95424
6.0371
5.98598
3.67864
4.40288
3.20274
5.99438
3.66461
5.96933
4.39545
4.34985
3.7028
3.69195
4.43823
4.36428
3.68485
3.20945
3.17843
4.44254
3.67217
3.71286
3.67189
4.43776
6.04872
4.44397
6.04726
3.16751
5.98598
3.18002
3.18642
4.39128
6.00141
6.07667
3.70394
3.20457
3.65044
3.6702
3.18342
3.65959
3.69908
3.21762
5.97071
3.68033
3.16612
4.45166
3.20092
5.95971
4.44062
3.6874
3.71749
4.42116
4.44733
3.18262
6.02989
3.20843
5.97348
3.19204
5.88626
4.39823
3.64768
3.69593
5.94201
3.19385
5.9652
3.21373
4.44349
3.65932
4.47155
5.9818
5.99859
3.68202
5.92988
3.20416
5.93526
3.69679
3.6452
3.18322
4.38391
6.01701
4.45794
6.13581
5.96795
3.15588
4.42872
6.01132
3.68967
4.38667
4.41974
4.40801
3.69936
5.99017
5.99438
5.93257
4.44829
3.19204
6.01132
3.67948
4.40661
5.99297
6.01558
3.7262
4.42399
5.92318
3.68372
5.93795
4.41175
4.3807
3.19365
3.69965
4.4368
3.65932
3.68485
3.17325
3.69052
6.01132
3.67807
3.21782
3.18322
3.67076
3.69793
3.17048
6.10367
3.66768
5.94743
4.42021
3.19789
3.20052
5.96245
6.06631
3.69508
3.18082
3.70079
6.03855
3.18162
4.46959
3.18442
3.7028
3.19991
3.1987
3.18883
6.01558
3.68117
4.35119
3.18482
3.2064
3.20904
3.6874
3.17385
4.43776
4.40568
5.95015
3.66936
3.68627
3.17246
3.6761
4.41457
4.43395
6.01701
4.44925
3.20477
3.6857
5.91386
5.99578
6.01558
3.64961
3.67469
3.23389
3.19466
3.18422
4.40241
4.44349
3.67161
3.70051
3.18402
3.62713
3.64685
5.99157
3.70509
5.95424
3.17325
4.43204
3.64575
4.43633
6.01843
4.39684
3.19043
6.02272
3.24637
4.39175
3.17365
4.40288
4.37795
3.62116
4.38299
4.44781
6.09461
5.97209
3.71142
4.41645
4.40055
6.09011
3.20904
3.18923
4.47546
4.40708
3.21721
5.93526
6.07519
3.17823
3.21169
5.96795
3.67385
3.22398
4.44254
3.66545
3.68033
4.43157
3.19405
5.98738
5.94743
6.0429
4.4589
6.07074
3.20052
6.02272
3.17564
3.66573
4.40661
3.20619
3.67864
3.68854
5.93526
3.68174
5.99438
3.20376
3.67189
3.19265
3.19486
5.9652
3.67835
4.38713
3.16375
3.67161
4.39916
4.40848
3.65709
3.19244
5.99859
4.45166
4.43823
3.22439
3.21169
4.36973
4.42825
3.6792
3.20477
4.41739
3.17544
4.37703
3.21251
3.68259
4.36338
6.05456
4.4141
3.18102
5.9652
4.42588
3.68854
3.18842
3.67161
3.19627
5.93257
3.19587
3.69736
6.07074
3.18923
4.35976
4.45504
3.20376
4.4623
3.17484
3.70251
4.43823
4.41692
3.15216
3.18322
5.95834
5.98738
4.37201
3.69993
6.0737
3.65432
3.69365
3.67976
3.6674
3.20355
3.22645
5.98458
5.95834
6.01416
4.4507
3.70251
3.20823
6.08861
3.6521
5.99017
5.97763
3.68372
3.17564
3.69422
3.18482
4.39545
6.00282
4.40895
4.4292
4.40848
6.02129
3.1993
3.21905
4.39916
3.1989
5.92586
3.19144
4.39591
3.21026
3.67104
4.44829
4.35074
3.20477
5.92854
3.68627
3.18522
3.64548
3.63669
6.02129
3.18142
3.21639
5.96795
3.18262
6.0737
6.01416
3.17504
3.21557
5.98041
4.42352
3.20092
5.98319
4.42163
4.45455
6.10215
5.9046
6.00423
3.17107
3.19668
5.97486
4.42588
3.18903
5.98877
3.16988
3.15431
4.40102
3.22686
3.66321
5.95288
3.65987
3.6965
3.17504
4.40708
5.98319
4.43585
3.67441
5.96795
3.2068
4.42399
5.91254
5.93257
4.38529
3.67357
3.67357
3.18903
3.69993
4.39591
6.0371
3.19325
3.68033
6.01274
4.37841
6.00706
6.09011
4.37429
4.42163
3.19405
3.18842
3.68627
3.65598
4.43395
3.17783
3.17266
5.96383
3.70051
3.6792
3.16375
4.3973
4.41833
3.67807
3.66015
3.67526
3.20782
3.65515
5.88106
4.38391
3.68117
3.69109
6.02272
6.01986
3.1995
4.45311
5.96108
3.18802
3.66936
3.68683
4.44925
4.43967
3.65876
3.65681
4.45407
6.00282
4.38898
3.69708
4.38667
5.93257
3.67554
4.44541
3.66489
4.41833
3.18422
5.95151
3.68797
5.97763
4.40521
4.40941
3.22542
3.71575
6.00848
3.21332
3.67582
3.69024
4.36564
3.20986
4.41129
5.97348
4.42825
3.67948
3.17623
3.68287
3.19809
6.03855
6.02415
4.39869
4.39406
3.68768
4.41504
4.36973
3.68428
3.18402
5.99859
3.66601
4.43919
3.20072
3.68542
5.90328
6.06926
3.22851
3.67441
3.20153
4.40941
3.16395
6.05895
6.00423
3.65072
3.18622
4.40334
5.96383
4.39869
3.18142
4.4221
5.99718
3.19184
3.6419
6.01986
6.00282
3.18943
5.99859
3.18022
6.10367
4.38667
4.40614
3.19809
3.17028
3.19244
6.00565
4.40055
4.48726
5.94743
5.89278
3.68315
5.94607
4.41269
3.66349
3.17843
4.44254
5.9818
4.38437
6.09913
3.69993
3.17405
6.04872
6.01558
4.46084
3.17643
3.18903
4.39221
3.20599
3.7146
3.68146
3.70337
3.67413
5.95015
4.44541
4.46959
4.42021
3.18702
5.99859
3.18442
6.00141
6.02989
3.64713
3.70022
5.97625
4.36655
3.15942
4.37795
3.69965
4.38253
4.44685
6.06336
3.69081
3.66461
3.18522
3.69365
5.99297
5.96658
5.95561
5.93257
5.98738
3.684
3.20619
6.01274
5.9652
4.43776
5.98041
4.39452
3.651
4.40055
3.20295
3.20437
5.98319
6.06926
5.99017
6.0099
6.00423
3.67161
6.0429
3.69052
4.41129
6.00282
4.43014
4.40754
5.93391
6.00423
3.18082
3.20457
5.94743
3.16573
3.19607
3.18042
5.95424
5.96383
6.05017
5.92988
3.18883
4.4188
6.02129
4.45262
6.0429
3.65072
3.67133
3.21803
6.01701
6.00423
3.65932
3.18482
3.73644
3.68457
3.20173
3.18102
4.47644
5.96933
3.19668
3.63943
3.19385
3.66824
3.66601
6.06483
3.17305
3.66182
4.41082
3.65765
3.20884
4.42967
3.19668
3.69337
3.23451
4.41551
3.23368
3.73849
4.38391
6.05017
3.6521
4.4221
3.68513
4.41786
3.18302
4.43728
4.40848
4.40381
6.01701
4.45166
3.20153
6.01132
3.64961
3.18042
3.70538
4.41457
5.97486
4.36837
3.17982
3.17325
3.66796
3.17325
3.67413
3.65598
4.42116
3.20153
3.20599
3.18442
4.41316
4.46424
3.6792
3.6965
5.94472
3.69024
5.95971
3.19547
3.18362
3.18202
6.05456
3.68598
3.66377
6.10064
5.96658
5.94066
5.94336
6.14513
6.02272
5.8954
3.23617
3.20295
4.44973
5.98458
3.18622
3.70481
3.17385
4.37429
3.17048
3.6792
4.45407
3.65321
3.67413
3.65155
6.11278
3.16929
3.19184
5.94879
6.02846
5.92052
3.65349
6.01701
4.43776
4.44493
3.22851
3.20945
3.65654
3.6621
3.17942
4.4368
3.17524
3.18022
4.37383
3.20701
3.68967
3.67385
3.67273
4.43109
4.39823
3.70222
4.41175
6.0371
3.20153
3.20498
3.19164
3.68485
6.00848
4.39359
3.19224
4.45407
4.44589
3.68287
3.19023
6.00848
5.89671
4.41363
4.4411
3.67723
3.67329
3.18282
4.39267
5.9818
5.91519
4.39221
4.44158
3.18582
3.19405
6.02846
5.97763
3.65376
3.69422
6.01132
3.17008
3.66099
3.66517
4.40474
4.38253
4.4507
4.38437
3.18883
5.95971
6.10822
3.69451
3.70165
5.99718
3.18903
3.17783
5.97209
3.65404
4.40754
3.20884
4.36655
4.44445
6.01558
3.68712
3.67245
4.37978
3.18502
5.95288
3.21475
4.39777
4.40334
3.18722
3.18022
3.18502
3.65987
4.4141
3.68825
3.17623
3.18582
3.71286
3.19426
4.4292
4.43109
3.20072
3.19385
6.11126
3.17544
6.06631
5.97348
3.18342
5.96245
3.69736
3.21353
3.18903
4.43919
6.04872
3.64327
3.72242
5.97902
3.20031
6.05456
4.41175
4.40334
3.18022
5.94066
5.98738
3.73146
4.41316
4.40009
5.96933
3.22954
3.67385
3.67385
4.38529
4.39267
3.18762
3.16731
3.6621
3.65017
3.17206
3.20072
3.66712
3.74261
4.40102
3.6521
5.97763
3.67104
4.39545
4.39637
5.95015
5.95971
6
4.40428
3.66545
4.40941
3.20741
6.00141
3.67133
5.96245
4.4273
3.66266
3.68542
3.71952
3.70538
3.17564
3.6621
3.6891
4.42683
3.69223
3.67948
5.93257
3.18842
3.22131
5.95151
4.45311
3.67441
3.19446
3.18102
3.66992
5.93795
4.45648
3.19385
3.66712
3.66824
5.93795
6.03855
5.96795
6.05456
3.21251
3.19124
4.39036
4.44877
4.42872
4.42068
3.6621
3.67864
3.2211
4.40988
3.66796
4.39684
4.42068
3.17982
3.19124
5.96795
5.98877
4.43728
3.19305
5.92185
3.21108
3.17305
4.40614
6.00706
3.68513
4.37247
5.95151
3.22583
5.99718
4.40708
6.02415
6.03566
6.02989
5.94066
3.19506
3.19305
3.68005
3.66936
4.41363
3.70136
5.97763
3.20173
6.02989
5.99718
3.17843
6.00706
3.70136
3.68598
4.40988
4.34805
3.6582
4.37201
3.18322
3.18943
4.40941
3.21353
3.69508
4.40801
3.18562
6.08412
3.68598
3.17544
3.67554
3.66349
3.20315
5.99578
4.40754
3.66517
3.18522
6.07519
5.9818
4.43776
4.41129
3.70108
4.35976
3.73585
3.19769
6.10215
3.22213
3.69138
3.20986
4.41974
3.20315
3.6702
3.21312
4.38161
3.18923
3.21087
4.40754
4.40848
3.17444
4.38621
5.9366
4.43537
3.18382
3.17643
3.20884
5.98458
3.66461
3.18622
3.22892
3.66349
4.43204
5.96383
3.17504
3.68061
3.68513
3.237
3.19849
3.67357
3.65987
4.42257
5.97209
3.69536
5.90065
6.02989
3.21639
3.1606
6.01986
4.41035
5.92586
4.44158
4.39128
3.69081
3.68061
5.99578
3.69679
4.41316
4.40288
4.40568
3.66433
3.19244
4.43537
3.18462
3.67695
3.18142
6.00565
6.00565
6.03277
3.64465
4.38391
4.36973
3.66908
3.67217
4.38391
3.69993
3.18582
4.40102
4.4657
3.22439
5.99297
4.42304
3.70108
3.1995
3.67638
3.19486
3.68146
3.18162
5.97071
3.16948
3.67666
3.1995
3.67076
3.17763
3.66461
4.40288
5.92452
4.39498
3.70509
3.67301
3.65487
6.10367
4.44781
3.68344
3.67413
6.01701
3.66936
3.19971
3.16869
4.41363
3.18042
5.98877
3.69251
3.20153
6.01416
4.41833
3.6688
3.21291
4.4292
3.18742
3.66182
5.94066
3.69337
3.20355
6.0371
4.3661
4.4188
4.40195
3.1989
6.09913
6.06336
3.64961
5.97486
6.06926
4.37566
3.15962
6.04145
5.91386
3.65709
3.6688
3.16988
3.16711
4.40241
4.4784
4.40195
4.38207
3.73351
4.40241
3.21067
4.39498
3.65515
3.18822
6.01558
4.44685
5.93122
3.17783
6.06483
4.34716
4.39637
3.65681
4.43062
3.65349
6.02559
6.01558
4.46667
3.21087
4.43823
4.39916
3.684
6.03422
3.18622
3.68882
3.21598
5.95151
3.68315
6.01274
3.68146
4.42683
3.6702
3.18903
3.69451
5.97902
3.20986
3.18362
5.99859
3.68712
4.37886
3.2123
5.98877
3.68089
6.0429
3.65654
6.03422
6.0371
3.6823
3.64025
4.4188
6.05017
3.2064
3.67498
3.68315
5.97209
3.69708
4.39406
6.01843
3.21639
3.18983
4.36519
3.1989
6.04
3.68287
3.21047
4.43967
6.01558
4.37383
3.69536
3.73791
3.19365
4.44349
3.17186
3.6874
6.0737
3.73321
4.38667
5.97209
4.45842
5.96383
3.15255
4.41457
4.44445
3.17723
3.67666
3.20741
4.42872
3.65044
3.20092
5.95561
3.18883
3.19043
4.43442
4.43204
3.63888
6.00423
3.67273
3.6874
3.68996
3.18702
5.99438
3.68627
4.4188
3.68939
5.9366
6.02989
3.73263
3.66489
3.20924
3.69451
4.40941
6.00565
4.40801
4.4368
3.70768
5.97486
3.70337
3.18642
4.39359
3.21844
3.6857
6.01701
3.68513
6.01416
3.70222
3.18662
5.94879
5.96245
3.68089
5.99297
6.02989
3.18522
3.71258
4.44397
6.06336
5.98877
4.41739
3.66712
4.38483
3.6792
3.22645
4.38116
3.68005
6.01132
3.19405
3.68259
3.19466
6.00848
3.66992
3.17385
3.65876
3.2209
3.69565
3.66657
4.39267
3.19567
3.6702
4.41082
3.20701
3.19466
6.07074
4.39545
3.21557
4.40941
4.4657
6.00141
4.38621
4.39637
4.39545
5.98041
3.18642
key space reduction: -2
prob, dist: 
3.19278 24.8047
3.67755 25.293
4.41376 25.5859
5.99519 24.3164
----------------------------------------------
Computing the following experimentally:
e 6 (2,6,6,21) (1,4,40,6) (1,b,4,6) (2,9,0,0) (3,b,21,20) nonlinear
computing with 128 valid keys or 2^8 possible keys and 2^10 random plaintexts
1.40824
3.00476
computing with 128 valid keys or 2^8 possible keys and 2^10 random plaintexts
3.02057
1.98965
2.00335
3.006
3.0281
computing with 128 valid keys or 2^8 possible keys and 2^10 random plaintexts
1.99912
2.00812
1.99385
2.0138
1.99974
1.41721
2.02004
computing with 128 valid keys or 2^8 possible keys and 2^10 random plaintexts
1.99157
3.00724
1.4211
2.00688
1.99394
1.39782
1.99122
1.40883
computing with 128 valid keys or 2^8 possible keys and 2^10 random plaintexts
1.41006
1.41011
3.01434
3.0179
1.409
1.99622
2.00115
1.39701
computing with 128 valid keys or 2^8 possible keys and 2^10 random plaintexts
1.40299
1.99806
2.99859
1.4221
2.006
2.01977
2.00715
2.00309
2.02192
1.99402
computing with 128 valid keys or 2^8 possible keys and 2^10 random plaintexts
2.00485
2.00176
1.4131
2.00282
2.99438
2.98441
2.0255
2.01096
computing with 128 valid keys or 2^8 possible keys and 2^10 random plaintexts
3.00247
1.42051
3.01665
2.00264
1.99639
3.01007
1.41751
1.99262
2.99859
1.41715
1.41592
2.98458
computing with 128 valid keys or 2^8 possible keys and 2^10 random plaintexts
2.97538
1.99008
1.42216
2.00538
1.99631
2.00547
1.41269
1.99035
computing with 128 valid keys or 2^8 possible keys and 2^10 random plaintexts
2.9993
2.01407
2.9818
2.00123
1.41845
2.00883
2.98633
2.9893
1.98102
computing with 128 valid keys or 2^8 possible keys and 2^10 random plaintexts
2.01167
2.98842
2.00928
3.00954
1.41222
1.98485
1.98163
computing with 128 valid keys or 2^8 possible keys and 2^10 random plaintexts
1.98189
3.00954
1.99657
3.00919
1.42476
1.4158
2.01727
1.98441
2.00273
1.41093
computing with 128 valid keys or 2^8 possible keys and 2^10 random plaintexts
2.99894
1.9893
1.41381
2.00097
1.99192
1.42322
3.00406
computing with 128 valid keys or 2^8 possible keys and 2^10 random plaintexts
1.99639
2.00088
1.40533
3.00264
2.99666
1.98624
1.41592
1.41175
1.42452
1.43234
computing with 128 valid keys or 2^8 possible keys and 2^10 random plaintexts
1.42234
2.00282
1.42334
2.00582
2.006
1.41298
1.97772
1.98519
2.9879
1.41123
computing with 128 valid keys or 2^8 possible keys and 2^10 random plaintexts
1.42121
1.99043
1.41369
1.40895
1.99525
1.99253
2.01132
2.99683
2.99262
1.41345
1.98912
1.41833
2.00123
3.00353
2.00795
1.40953
1.98703
3.00653
2.01727
1.99113
1.42606
1.40708
1.99789
2.00388
2.9872
1.98633
2.00397
2.00309
3.01576
1.99297
2.00715
3.01291
1.99833
2.99859
1.99008
2.00264
1.99245
2.01114
2.9893
2.01603
2.00972
1.40294
1.41316
1.40971
1.99517
2.00671
2.00459
2.99631
2.97227
1.41633
2.97781
2.00123
3.00229
2.01247
1.40632
1.41574
2.00627
1.40387
1.99815
1.99175
2.00733
3.02612
2.00547
1.99464
2.00662
1.99639
1.99956
3
2.01247
1.41786
1.99974
1.41486
2.96899
3.01754
2.99455
3.01362
2.99438
1.41956
2.00706
1.42051
2.99367
2.00786
2.00874
3.00954
2.99718
1.99974
1.42074
1.99824
1.41551
1.98668
2.00388
1.42529
2.97919
1.41733
1.41433
2.01817
2.00804
2.01505
1.39823
3.01274
1.99762
2.00097
1.41363
3.0083
1.99464
1.99026
1.99394
1.41047
1.41339
1.41592
2.00618
1.98528
2.00388
1.99613
2.00786
2.00936
1.9914
1.98319
2.01736
2.00618
2.013
2.0204
1.99675
1.98493
1.99035
1.99956
1.41827
3.003
1.99639
2.00291
1.99877
2.00141
2.97434
1.98328
3.00194
1.99938
2.99227
3.01416
2.00556
1.41123
2.9664
1.40591
1.99035
2.01932
2.98965
1.98415
1.41433
2.00115
2.00044
2.97867
1.9893
1.4117
1.99332
2.00026
1.41627
3.0037
3.01096
1.9949
3.00406
1.99859
1.41551
1.40632
2.00317
1.42151
1.99894
1.99464
2.00538
1.41293
3.00529
1.4093
2.99227
1.42446
1.41898
2.0122
1.40842
1.9907
3.01701
1.41539
1.99736
3.00476
1.98877
1.42807
1.41868
1.99657
1.99402
1.40959
1.41721
2.00883
2.00954
2.99912
1.41927
1.4168
1.98738
1.99148
1.42009
1.42127
2.00795
2.00247
3.00018
3.01968
2.01603
2.00229
2.00291
2.00035
2.974
1.41445
1.98537
2.006
1.98799
3.0037
2.01185
1.39777
2.00326
2.9893
1.4023
2.00079
2.01061
1.99035
1.41533
1.98607
1.99745
2.99982
2.9865
1.41604
2.98685
2.01434
3.00353
1.4148
2.99367
2.9872
2.99912
1.41439
1.41017
1.40527
1.42004
2.00123
1.41246
3.03079
1.41058
2.00892
1.40906
2.00185
2.00591
1.41023
2.00432
1.40836
2.98302
1.99868
3.02774
3.01043
1.40859
2.00768
1.40009
2.00635
1.39846
1.42098
1.41193
2.97746
3.01149
1.41093
1.99481
1.99806
1.99657
3.01487
2.98354
1.99201
1.99552
2.01727
1.41915
1.98284
2.99947
1.41821
2.0099
2.00538
2.9818
3.00919
2.9935
2.00141
2.02165
1.40678
1.40643
1.42281
3.0179
2.01158
1.41651
1.99499
1.99798
1.41968
1.99938
2.00786
2.98772
2.01291
2.00018
1.99815
1.40643
2.97694
1.99859
2.00706
1.40509
1.98965
2.00697
2.01025
1.99446
1.99175
3.01576
2.00247
1.99262
2.00344
1.41416
2.00857
1.99192
2.01478
1.98825
1.99745
2.98197
1.40597
1.99683
2.02013
2.9942
2.006
2.00053
2.99052
1.98024
2.01114
1.41639
1.97824
1.99938
1.99438
1.41035
2.00423
1.41011
1.9935
2.01754
1.99402
1.42955
2.01327
2.02102
2.97486
2.00256
2.00361
1.99157
1.99332
1.99245
2.98581
3.00954
1.99008
2.00671
3.01398
2.00379
1.41422
2.99631
2.00503
2.01487
1.9993
3.00459
1.40503
1.97114
2.99175
1.99991
2.01034
2.01096
1.4141
2.013
1.98406
2.99543
1.42641
1.99921
2.00848
1.42742
2.01825
1.9838
1.98834
1.40836
2.00379
3.00211
1.41733
2.99578
3.00742
1.42151
1.99886
1.42511
1.98668
1.42245
3.00866
1.42045
3.003
1.41457
2.00609
1.41733
2.0229
1.99938
1.426
1.41386
2.01061
2.00874
2.99525
1.39858
1.98903
2
2.01211
1.99657
2.01016
2.00742
1.40708
1.41656
2.01282
1.42021
2.00821
2.0068
2.00291
1.9978
2.00688
2.01282
1.99842
2.00176
2.00203
2.98528
2.00821
1.4107
2.02433
2.9921
1.41592
1.40743
1.98851
3.02882
1.99771
1.40323
2.98772
1.99175
2.003
1.43169
1.9928
2.00018
2.00432
1.41334
3.01398
2.00203
2.00635
1.42045
3.05474
3.01825
2.003
1.99718
1.99692
3.02505
1.41099
2.0052
1.99297
1.39939
2.01585
1.41545
1.41727
2.98825
1.99956
2.99297
2.00503
1.99921
2.98093
3.01256
2.01487
1.41269
2.99578
1.98685
1.9893
1.41486
1.41727
2.9928
3.02022
2.00176
1.41868
1.99745
1.42417
2.00724
1.99227
1.41745
1.98041
1.99886
1.42417
2.00928
1.99534
1.99718
1.98363
3.01665
2.95271
2.99122
1.40334
2.01256
2.0091
2.00044
2.01772
1.40871
1.98197
1.41839
3.00512
2.00556
2.00538
1.99394
1.39904
2.01256
1.99464
1.41398
3.01576
1.41011
3.00724
2.99965
1.41903
2.0083
1.99956
1.4158
1.41035
1.41246
2.9956
1.98276
2.01567
3.00088
1.43282
1.99806
1.42458
2.0187
1.99666
3.01203
2.0229
2.98267
2.99613
1.40708
1.40387
3.00176
1.99991
2.00053
2.00088
2.01469
1.99534
1.41357
1.98982
1.41786
2.97382
2.00009
1.4141
1.99061
2.98633
1.99587
2.99982
1.9935
1.98337
1.98668
3.0037
1.9893
2.99297
2.01318
2.01977
1.98982
1.4158
3.01701
2.00335
1.40889
1.98537
1.41821
2.97642
1.42251
3.02487
2.99947
2.01531
2.00432
1.99771
2.99596
2.01416
1.99868
1.99271
3.00423
2.9865
1.4188
1.42121
2.0171
2.0179
3.00919
1.40632
1.39956
2.98703
2.00609
1.40015
1.9971
3.03494
1.98024
1.41768
1.41562
2.97885
2.97971
1.9914
3.01167
1.41745
1.42045
1.42428
3.00441
1.99411
2.00123
2.9949
2.98668
1.41375
2.99842
2.01061
1.99035
2.01078
2.00264
1.40067
2.97503
1.98267
2.003
2.00759
2.98406
1.98615
1.42216
2.00185
1.41874
1.39348
1.40259
2.00582
1.99385
1.98389
3.00229
3.01096
2.01149
2.00406
1.99991
3.00618
1.99938
3.02864
2.00892
2.99
1.9914
2.9825
1.41175
1.9993
1.98607
1.40743
1.98947
1.39556
3.02057
1.41275
2.99508
1.41792
2.00529
2.00238
1.99657
2.99578
1.98398
1.42169
1.98615
1.98572
2.9865
2.00963
3.00883
1.42493
2.00459
1.99341
1.99245
2.99508
1.41792
1.99131
2.99385
1.99877
2.00954
1.41416
1.98154
2.99631
3.02415
2.00688
1.41786
2.00573
3.00141
2.00273
2.98319
2.01132
1.99754
1.97928
1.42027
1.40854
3.02864
2.00326
2.98511
1.41363
1.41639
1.42157
3.01078
1.99052
2.98947
1.42045
2.00273
2.00335
2.00397
1.41874
1.40323
1.99912
1.41562
1.97789
2.00344
3.00159
2.97781
2.00476
2.00388
1.42116
1.41698
1.40924
1.41639
1.9978
3.00565
2.98807
2.00229
1.40393
2.02621
2.00238
2.97106
1.99622
2.98528
2.00167
2.00441
3.01861
2.99613
3.00141
1.99473
2
3.00123
1.9872
1.99894
2.00529
3.00688
2.99525
2.00344
1.42198
1.40311
2.00379
2.00821
1.98189
3.00512
2.00379
2.01585
1.41756
3.00159
3.00972
1.98633
2.99332
1.40895
1.99771
1.99745
1.99402
2.01291
2.9993
1.99938
2.00176
2.99052
2.02675
2.01398
1.99289
3.00264
1.99868
1.99587
1.42298
1.99824
2.99912
1.99842
3.01469
2.01025
3.0272
2.00167
2.00097
2.00159
2.00282
1.41228
2.98738
3.0154
2.00715
2.98232
2.98058
1.41339
1.42009
1.99367
1.41375
3.01291
2.00998
1.40638
2.00821
3.01861
1.42375
1.9978
2.0037
1.98215
1.98956
1.41351
3.00919
1.99192
2.00379
1.42487
1.99253
1.41211
1.41568
3.0099
3.02129
3.006
1.99394
2.99367
1.39695
1.41692
3.00547
1.99315
1.40748
2.99175
1.98519
1.98502
2.00009
1.42287
3.02918
1.40422
1.9825
2.00724
1.41551
2.00097
2.0083
1.40766
1.41856
3.00194
1.9993
1.41539
1.41474
2.00123
2.01469
2.99631
1.40895
1.41968
2.00715
1.41903
3.00035
2.02236
1.98519
1.98467
2.00167
1.41152
1.9907
1.42724
1.9956
2.01834
1.41562
3.00088
2
1.40906
3.01416
1.41252
2.98424
1.9872
1.42523
1.42991
2.01256
3.01558
3.01897
1.99868
2.97798
1.99842
1.41751
1.42955
1.42027
1.40994
1.99718
3.00565
2.00945
1.99965
3.00618
1.99525
2.98058
2.00804
2.00556
2.003
2.00273
2.00211
1.42068
3.00123
2.01861
2.9886
1.99631
1.40965
1.99113
1.41158
2.00176
3.00653
1.99253
2.00529
2.01487
2.01959
3.01861
1.42417
2.00291
3.03945
2.00123
1.41568
2.00777
1.41246
2.00414
1.42949
1.99947
2.98389
2.98912
2.0052
1.41334
2.00582
2.96951
2.00883
1.40661
1.40754
2.98493
1.99587
1.41357
3.00088
1.99481
1.41915
2.99754
2.01345
2.00981
1.99324
1.41656
2.00644
2.9818
3.00406
1.98895
1.99578
1.4055
1.99639
1.99657
1.41281
3.00247
1.40515
2.00777
1.4168
1.42204
1.99175
2.97902
1.99947
1.42039
1.98163
1.99903
1.99806
3.00441
1.41803
1.41727
3.003
2.0083
2.00848
1.99166
1.99183
1.40305
2.97867
1.99455
1.99297
2.003
1.4124
2.99087
2.00185
3.00282
1.41363
1.41263
1.41639
1.99446
1.41339
2.0068
2.00044
1.40387
1.99402
2.99438
1.99991
1.40859
3.03602
2.98772
1.99877
1.9928
1.99026
2.00582
1.99026
2.00786
1.42357
2.9907
1.99543
1.41921
2.99315
1.41921
2.99192
2.01772
1.99842
1.99868
3.00919
2.00123
1.40661
1.99965
2.99982
3.00441
2.00609
1.41469
1.42157
1.40381
1.41469
3.00264
1.99148
2.98458
2.99771
2.00414
1.99824
1.4124
2.99332
1.99429
1.99499
1.41211
1.98694
1.99947
1.41709
1.41392
2.99894
2.0114
1.9893
1.99675
1.98912
1.40299
1.99877
1.99508
2.99894
2.98685
1.98398
1.42736
1.42127
2.00062
1.41674
2.00556
2.9872
1.99455
1.99078
1.99833
2.01176
3.00653
1.98563
1.42381
2.99596
1.40971
2.00883
1.99648
2.00467
3.01061
2.97451
2.00476
2.98476
1.99886
1.41457
2.00981
1.40988
3.02397
1.99446
2.01078
1.99271
1.41874
1.97097
1.99543
1.99974
2.00115
2.98511
1.42015
2.99227
1.99359
1.41123
1.99613
1.4141
3.00494
1.99833
1.41727
1.99745
2.00919
2.00123
2.00688
1.99105
2.00361
2.02254
1.42015
1.43973
1.40393
1.4231
2.96761
3.03115
2.00282
1.98563
3.00317
2.01043
1.41463
1.9928
2.01238
1.98921
2.9928
1.42163
2.0045
1.4048
1.41539
2.99227
2.00353
2.97798
2.97313
1.99912
1.41187
2.00706
1.40912
1.41686
1.99631
2.00485
2.98615
2.99157
1.9978
2.01238
3.01576
2.00317
1.99201
3.00335
2.0099
3.003
3.01558
1.41416
2.00432
1.99324
1.40965
3.00388
1.41774
1.99886
2.00026
2.00697
1.40813
2.00733
1.41927
1.99921
3.00035
1.41768
1.4151
2.00185
1.40422
1.99543
2.00759
1.99332
1.42304
2.97867
1.3955
1.42748
1.99122
2.01407
1.98015
1.41903
1.98982
1.9935
2.01114
1.99376
2.00026
1.98572
3.01434
2.00238
1.97885
2.9733
1.41762
2.99982
1.41381
1.98145
1.41874
1.42145
1.9971
2.97451
1.99736
1.41375
2.99982
2.006
1.99736
3.01915
1.42281
3.03476
1.99166
2.01132
1.41357
2.01345
3.01185
1.41651
2.98232
2.00538
1.99446
1.98851
1.99578
1.42914
1.99798
2.01523
1.99648
2.00211
2.0114
1.99578
2.01309
1.99306
1.99754
3.00494
2.00238
2.00494
1.41698
2.00892
1.42098
1.99227
3.03025
2
1.99886
2.98668
1.99648
1.42612
2.02648
1.99718
1.41398
1.99815
2.98877
2.00432
3.02111
1.42033
1.99245
3.00441
2.00018
1.41886
2.00777
2.98302
2.01069
1.99175
2.9928
1.41598
2.02711
1.41269
2.01576
2.9893
1.41921
2.00644
1.41874
1.41386
1.42222
3.01362
1.41627
3.00618
1.42399
2.01043
2.99859
1.40573
3.01612
1.98755
1.99754
2.00759
1.9971
1.99508
2.01194
3.02505
2.01442
2.00671
2.00821
1.99394
1.42434
1.9872
2.99455
3.00512
1.42925
1.98398
2.00194
3.01647
2.01995
2.00786
1.42086
1.40282
1.99938
2.9949
3.003
1.41827
1.41328
2.00821
1.99183
1.98633
1.98895
1.4198
1.99552
1.98058
2.99438
1.4107
1.99701
2.98877
1.41504
1.99201
1.99078
1.99429
1.98067
1.42293
2.01745
2.99631
3.01061
1.40994
1.41774
2.0068
1.99017
1.99798
1.99842
1.99868
2.01451
1.98772
1.99157
1.4211
1.40778
1.4009
3.00582
2.99965
1.9921
2.98163
2.00936
1.99965
1.4198
1.41498
1.99675
1.98816
1.43003
3.03115
3.02397
1.41921
1.40772
2.01407
1.4257
3.0229
1.40696
2.99087
2.00848
2.01176
2.9664
2.00494
2.01674
2.00441
2.02281
1.40463
3.0195
2.01105
1.41662
1.41539
3.03692
3.01149
3.02523
1.99394
1.41939
2.99175
1.40754
2.98563
1.99736
1.41246
1.9872
1.42133
1.9914
1.4131
1.42009
1.41363
1.4168
1.99332
1.99402
2.98319
3.03151
1.42068
1.41874
1.4208
1.4374
1.98093
1.40544
2.9993
1.41222
1.9935
2.01007
1.98598
1.40667
1.99894
2.98302
1.40976
1.40859
2.00848
2.00697
3.01451
2.00901
1.98633
3.02308
1.99438
1.99578
1.99218
1.99035
1.41363
1.97651
2.99175
2.99718
1.42263
1.98624
1.41621
1.99429
1.99218
1.99464
1.99341
1.40971
1.99481
3.01291
1.99455
1.98432
2.00936
1.99789
2.9949
1.99402
2.00998
1.43193
1.98581
2.01594
2.99332
1.99236
1.99122
1.42381
1.41451
1.41521
1.40772
1.98982
2.9942
3.0122
2.00777
2.99965
2.00123
1.99596
2.01407
1.41798
1.98886
1.99376
2.00282
1.99798
3.01291
1.99297
2.01043
1.4083
2.00026
1.99956
2.00467
3.02326
2.01701
1.98965
1.40994
3.0154
1.40819
2.98232
1.41839
1.9914
2.00662
1.41252
1.4349
1.99517
1.4234
1.4034
1.41568
1.41023
2.00459
2.00414
1.40474
2.006
2.97313
1.42712
2.99087
2.01612
2.01371
1.42558
3.01986
2.00476
3.00141
1.41006
1.4178
2.99122
1.40807
2.00671
2.00423
1.42063
3.00529
1.97989
1.41416
2.97434
3.02236
2.99122
2.98912
1.98711
2.98406
1.99798
3.0083
1.99035
1.9993
1.98921
2.0037
1.99359
1.98363
2.00167
1.99974
1.99306
3.00724
1.99894
2.00635
2.00353
1.41633
3.01683
1.99587
1.99974
2.00344
1.99736
2.00963
2.0083
1.99473
2.00353
3.006
3.00812
1.98354
2.00176
2.00883
2.98493
1.42015
1.99061
2.99402
1.42582
3.01167
2.00009
2.00857
1.99096
2
1.99965
2.00053
2.00026
2.00759
2.00326
2.9949
2.01114
2.98685
1.99974
1.99701
1.40201
1.42145
1.41692
2.00317
1.99341
3.00106
1.9879
1.40673
1.41351
1.99429
2.00176
1.9872
1.99912
2.00804
1.99754
2.99859
1.41252
2.99245
1.42393
1.98886
1.41839
2.01799
1.41939
1.41709
1.99297
3.00777
1.41187
2.01567
2.99473
2.01442
3.00176
2.00582
1.99868
3.0195
1.41745
1.41269
2.00256
1.98764
2.98947
1.98615
3.0122
1.99824
2.98982
1.42618
1.99324
2.00874
1.42606
1.99052
2.00697
1.99525
2.99736
1.98711
2.00883
1.41304
2.00928
1.98877
3.022
1.43187
2.01114
1.42222
2.00176
1.41357
1.43181
2.00088
2.01924
1.41375
1.41105
1.99315
1.4117
3.01007
1.40772
2.01932
1.99552
1.41645
1.41492
1.41334
3.00194
1.42021
1.40503
1.40451
2.99666
1.42422
2.97089
2.01052
2.00635
1.99481
1.99666
1.41252
1.40748
1.9956
1.41357
1.9914
1.42098
1.99771
2.00724
1.9935
1.41381
1.98354
2.97313
2.97451
3.00688
1.99991
1.97729
1.40836
1.98973
1.40766
1.4034
1.41404
1.41886
1.41123
1.41392
2.99227
1.9928
2.98145
1.9985
1.40422
2.00432
2.9886
2.00388
2.98668
1.99683
3.02882
1.41833
1.4158
1.40515
2.00556
2.00963
1.41469
2.96142
1.9914
2.00423
1.99868
2.00733
2.01407
2.0068
1.9886
1.99394
3.00176
2.01291
1.41129
1.40953
2.00706
1.98607
1.4009
2.0052
1.9845
1.99569
1.41498
2.00335
1.41956
2.01425
2.003
2.00768
2.00476
2.00053
1.40579
1.99525
1.99402
1.42015
2.00009
2.99912
2.00866
1.41721
1.42293
2.00715
1.99675
1.9928
1.9872
1.41951
3.01061
2.0099
2.01843
3.00936
2.00414
2.98982
1.40824
1.40381
1.41029
2.00812
1.41339
1.99499
2.00441
1.99991
2.00282
1.99078
1.41833
2.00115
1.41927
2.9652
2.0138
1.40865
2.01612
2.00397
1.98825
2.00053
2.99736
2.00097
2.98895
1.99886
2.00167
2.00874
2.00432
2.00644
3.00547
1.97564
1.97694
1.98258
1.42558
3.02344
1.98511
3.00335
2.00088
1.99052
1.97997
2.96951
1.99815
2.00053
2.00194
1.99956
1.40871
2.99367
1.99035
1.42039
1.41504
1.40766
2.00247
1.4131
2.00919
1.99578
2.00203
3.01043
1.41287
2.00176
1.9811
2.98458
3.01061
2.99736
2.00123
1.41521
3.01007
3.00423
1.41175
1.98965
2.00998
1.98851
1.41574
2.98058
2.00026
2.00291
2.97625
1.42896
2.97815
2.99736
1.99402
1.99666
2.00406
1.42092
1.99912
3.01114
3.01132
1.99683
1.99613
1.98807
2.00291
2.99175
1.99517
2.98912
2.99
1.99052
3.00812
1.41827
1.99253
1.99534
2.99859
1.99912
1.409
1.4151
3.01808
1.99965
3.00653
1.99631
2.99718
1.40608
3.01274
1.9845
1.41515
3.00106
1.42086
3.01434
2.00795
2.00644
1.41216
2.01176
1.99938
1.99367
1.40509
2.00009
2.00919
1.43068
1.43175
1.99921
1.99008
2.01078
1.99833
2.00485
1.98886
1.99578
1.41357
1.99886
2.00361
1.42493
1.98493
1.41463
3.00353
3.00211
2.01843
1.41293
1.9872
1.99798
3.01718
1.40854
1.98738
1.42092
2.00671
2.01096
1.40696
2.00009
1.98554
1.42552
2.99789
2.02129
1.99736
2.9785
1.98982
1.98825
1.99543
1.41521
1.42104
1.42139
1.99175
1.42357
2.00928
2.0052
3.01576
2.99789
1.98476
1.42357
1.4107
1.40544
3.00159
3.00018
2.99894
1.99183
1.9811
1.98711
1.99131
2.01674
1.42234
1.99666
1.99912
1.99043
2.00954
1.98947
3.01451
2.02111
1.99912
2.9652
2.99683
1.99218
1.98284
2.96968
3.01861
1.99096
1.99376
1.99666
3.00671
1.98058
2.00159
2.00282
1.41609
2.99
1.41921
1.98458
1.42287
1.41962
2.01487
1.99587
2.98633
1.41915
1.40971
1.99394
2.00115
1.99613
2.98076
1.98563
2.99402
3.03115
2.00476
2.00901
2.0015
3.00106
3.00883
key space reduction: -0
prob, dist: 
1.41495 26.416
1.99928 50.6836
2.99742 22.9004
==============================================
Overall: 
The following is the probability distribution: 
Key reduction: -10.41504
83.439: 0.53217
83.924: 0.542646
84.023: 1.02106
84.439: 1.06434
84.508: 1.04116
84.66: 0.548931
84.924: 1.08529
85.021: 0.461345
85.023: 2.04212
85.024: 0.53217
85.025: 0.559898
85.244: 1.05322
85.506: 0.470427
85.508: 2.08232
85.509: 0.542646
85.51: 0.57092
85.608: 1.02106
85.609: 1.07426
85.66: 1.09786
86.021: 0.92269
86.024: 1.06434
86.025: 1.1198
86.093: 1.04116
86.094: 1.09541
86.241: 0.521694
86.242: 0.475876
86.244: 2.10644
86.245: 0.548931
86.246: 0.577533
86.506: 0.940854
86.509: 1.08529
86.51: 1.14184
86.606: 0.461345
86.608: 2.5275
86.609: 2.14852
86.61: 0.559898
86.826: 1.00096
86.829: 1.05322
86.83: 1.10809
87.091: 0.470427
87.092: 0.494938
87.093: 2.08232
87.094: 2.19081
87.095: 0.57092
87.194: 1.07426
87.241: 1.04339
87.242: 0.951751
87.245: 1.09786
87.246: 1.15507
87.606: 0.92269
87.608: 0.970766
87.61: 1.1198
87.679: 1.09541
87.824: 0.452264
87.826: 2.52361
87.827: 0.475876
87.828: 0.548877
87.829: 2.60711
87.83: 2.21619
87.831: 0.577533
88.091: 0.940854
88.092: 0.989876
88.095: 1.14184
88.193: 0.485383
88.194: 2.14852
88.41: 1.00096
88.412: 1.05311
88.415: 1.10809
88.677: 0.494938
88.679: 2.19081
88.824: 0.904527
88.826: 1.04339
88.827: 0.951751
88.828: 1.09775
88.829: 1.00134
88.831: 1.15507
89.193: 0.970766
89.409: 0.452264
89.41: 2.47775
89.412: 2.10623
89.413: 0.548877
89.414: 0.500671
89.415: 2.21619
89.677: 0.989876
89.997: 1.05311
90.409: 0.904527
90.41: 0.951657
90.413: 1.09775
90.414: 1.00134
90.995: 0.475828
90.997: 2.10623
91.995: 0.951657
==============================================
