original prob: 172.508
probability if we exclude those that are not involved in any constraints: 172.508
00,00,00,00, 00,00,00,00, 00,00,00,00, 00,00,00,00, 80,00,00,00,
00,00,00,00, 00,00,00,00, 00,00,00,00, 00,00,00,00, 00,00,00,00,
00,00,00,00, 00,00,00,00, 00,00,00,00, 00,00,00,00, 00,00,00,00,
00,20,00,00, 00,80,00,00, 00,80,00,00, 80,00,00,00, 00,00,00,00,

00,00,00,00, 00,00,00,00, 00,00,00,00, 00,00,00,00, 00,00,00,00,
00,00,00,00, 00,00,00,00, 00,00,00,00, 00,00,00,00, 00,00,00,00,
00,00,00,00, 00,00,00,00, 00,00,00,00, 00,00,00,00, 00,00,00,00,
00,00,00,00, 00,01,00,00, 00,01,00,00, 01,00,00,00, 00,00,00,00,

-------------------------------------------------------
80,00,00,00, 03,00,00,00, 00,00,00,00, 00,00,00,00, 00,00,00,00,
00,00,00,00, 00,00,00,00, 00,00,00,00, 00,00,00,00, 00,00,00,00,
00,00,00,00, 00,00,00,00, 00,00,00,00, 00,00,00,00, 00,00,00,00,
00,00,00,00, 00,00,00,00, 00,00,00,00, 00,00,00,00, 00,00,00,00,

00,00,00,00, 01,00,00,00, 01,00,00,00, 01,00,00,00, 00,00,00,00,
00,00,00,00, 00,00,00,00, 00,00,00,00, 00,00,00,00, 01,00,00,00,
00,00,00,00, 00,00,00,00, 00,00,00,00, 00,00,00,00, 00,00,00,00,
00,00,00,00, 00,00,00,00, 00,00,00,00, 00,00,00,00, 00,00,00,00,

-------------------------------------------------------
00,00,00,00, 00,00,00,00, 00,00,00,00, 00,00,00,00, 00,00,00,00,
00,00,00,00, 00,00,00,00, 00,00,00,00, 00,00,00,00, 00,00,00,00,
00,00,00,00, 00,00,00,00, 00,00,00,00, 00,00,00,00, 00,00,00,00,
00,00,00,00, 00,00,00,00, 00,00,00,00, 00,00,00,00, 00,00,00,00,

00,00,00,00, 00,00,00,00, 00,00,00,00, 00,00,00,00, 00,00,00,00,
01,00,00,00, 01,00,00,00, 01,00,00,00, 00,01,00,00, 00,00,00,00,
00,00,00,00, 00,00,00,00, 00,00,00,00, 00,00,00,00, 00,00,00,00,
00,00,00,00, 00,00,00,00, 00,00,00,00, 00,00,00,00, 00,00,00,00,

-------------------------------------------------------
00,00,00,00, 00,00,00,00, 00,00,00,00, 00,00,00,00, 00,00,00,00,
00,00,00,00, 00,00,00,00, 00,00,00,00, 00,00,00,00, 00,00,00,00,
00,00,00,00, 00,00,00,00, 00,00,00,00, 00,00,00,00, 00,00,00,00,
00,00,00,00, 00,00,00,00, 00,00,00,00, 00,00,00,00, 00,00,00,00,

00,00,00,00, 00,00,00,00, 00,00,00,00, 00,00,00,00, 00,00,00,00,
00,00,00,00, 00,00,00,00, 00,00,00,00, 00,00,00,00, 00,00,00,00,
00,00,00,00, 00,00,00,00, 00,00,00,00, 00,00,00,00, 00,00,00,00,
00,00,00,00, 00,00,00,00, 00,00,00,00, 00,00,00,00, 00,00,00,00,

-------------------------------------------------------
00,00,00,00, 00,00,00,00, 00,00,00,00, 00,00,00,00, 00,00,00,00,
00,00,00,00, 00,00,00,00, 00,00,00,00, 00,00,00,00, 00,00,00,00,
00,00,00,00, 00,00,00,00, 00,00,00,00, 00,00,00,00, 00,00,00,00,
00,00,00,00, 00,00,00,00, 00,00,00,00, 00,00,00,00, 00,00,00,00,

00,00,00,00, 00,00,00,00, 00,00,00,00, 00,00,00,00, 00,00,00,00,
00,00,00,00, 00,00,00,00, 00,00,00,00, 00,00,00,00, 00,00,00,00,
00,00,00,00, 00,00,00,00, 00,00,00,00, 00,00,00,00, 00,00,00,00,
00,00,00,00, 00,00,00,00, 00,00,00,00, 00,00,00,00, 00,00,00,00,

-------------------------------------------------------
00,00,00,00, 00,00,00,00, 00,00,00,00, 00,00,00,00, 00,00,00,00,
00,00,00,00, 00,00,00,00, 06,00,00,00, 00,06,00,00, 00,00,00,00,
00,00,00,00, 00,00,00,00, 00,00,00,00, 00,00,00,00, 00,06,00,00,
00,00,00,00, 00,00,00,00, 00,00,00,00, 00,00,00,00, 00,00,00,00,

00,00,00,00, 00,00,00,00, 00,00,00,00, 00,00,00,00, 00,00,00,00,
00,00,00,00, 00,00,00,00, 00,00,00,00, 00,00,00,00, 00,00,00,00,
00,00,00,00, 00,00,00,00, 00,00,00,00, 00,00,00,00, 00,00,00,00,
00,00,00,00, 00,00,00,00, 00,00,00,00, 00,00,00,00, 00,00,00,00,

-------------------------------------------------------
00,00,00,00, 00,00,00,00, 00,00,00,00, 00,00,00,00, 00,00,00,25,
00,00,00,00, 00,00,00,00, 00,00,00,00, 00,00,00,00, 00,00,00,00,
00,06,00,00, 00,25,00,00, 00,25,00,00, 00,00,00,25, 00,00,00,25,
00,00,00,00, 00,00,00,00, 00,00,00,00, 00,00,00,00, 00,00,00,25,

00,00,00,00, 00,00,00,00, 00,00,00,00, 00,00,00,00, 00,00,00,00,
00,00,00,00, 00,00,00,00, 00,00,00,00, 00,00,00,00, 00,00,00,00,
00,00,00,00, 00,01,00,00, 00,01,00,00, 00,00,00,01, 00,00,00,00,
00,00,00,00, 00,00,00,00, 00,00,00,00, 00,00,00,00, 00,00,00,00,

-------------------------------------------------------
00,00,00,25, 00,00,00,21, 00,00,00,21, 00,00,00,21, 00,21,21,21,
00,00,00,00, 00,00,00,00, 00,00,0a,00, 00,00,00,0a, 00,00,00,21,
00,00,00,25, 00,00,00,21, 00,00,00,21, 00,21,00,00, 00,21,00,0a,
00,00,00,25, 00,00,00,21, 00,00,00,21, 00,00,21,00, 00,21,00,21,

00,00,00,00, 00,00,00,01, 00,00,00,01, 00,00,00,01, 00,00,00,00,
00,00,00,00, 00,00,00,00, 00,00,00,00, 00,00,00,00, 00,00,00,01,
00,00,00,00, 00,00,00,01, 00,00,00,01, 00,01,00,00, 00,00,00,00,
00,00,00,00, 00,00,00,01, 00,00,00,01, 00,00,01,00, 00,00,00,00,

-------------------------------------------------------
00,21,21,21, 00,20,20,a0, 00,20,20,a0, 00,20,20,a0, 28,14,00,80,
00,00,00,21, 00,00,00,20, 00,00,00,20, 20,00,00,00, 00,20,20,a0,
00,21,00,0a, 00,20,00,34, 00,20,00,34, 00,34,00,20, 20,34,00,20,
00,21,00,21, 00,28,00,20, 00,28,00,20, 28,00,20,00, 00,14,20,80,

00,00,00,00, 00,01,01,01, 00,01,01,01, 00,01,01,01, 00,00,00,00,
00,00,00,01, 00,00,00,01, 00,00,00,01, 01,00,00,00, 00,01,01,01,
00,00,00,00, 00,01,00,01, 00,01,00,01, 00,01,00,01, 00,00,00,00,
00,00,00,00, 00,01,00,01, 00,01,00,01, 01,00,01,00, 00,01,00,01,

-------------------------------------------------------
28,14,00,80, 93,41,00,d0, 93,41,00,d0, 93,41,00,d0, c2,41,83,91,
00,20,20,a0, 00,90,80,53, 00,82,80,53, 53,00,82,80, 93,41,00,d0,
20,34,00,20, 80,41,00,80, 80,41,00,80, 00,80,80,41, 53,80,02,c1,
00,14,20,80, 00,51,80,03, 00,51,80,03, 51,80,03,00, 93,c1,80,91,

00,00,00,00, 01,01,00,01, 01,01,00,01, 01,01,00,01, 00,01,00,00,
00,01,01,01, 00,01,01,01, 00,01,01,01, 01,00,01,01, 01,01,00,01,
00,00,00,00, 01,01,00,01, 01,01,00,01, 00,01,01,01, 00,00,01,01,
00,01,00,01, 00,01,01,01, 00,01,01,01, 01,01,01,00, 00,01,00,01,

-------------------------------------------------------
c2,41,83,91, 0a,b4,e0,23, 0a,b4,e0,23, 0a,b4,e0,23, 2c,02,2a,91,
93,41,00,d0, b0,24,00,04, b0,24,00,04, 04,b0,24,00, 0a,b4,e0,23,
53,80,02,c1, 20,02,08,b4, 20,02,08,b4, 08,b4,20,02, 0c,04,04,02,
93,c1,80,91, b0,2e,02,ea, b0,2e,02,ea, 2e,02,ea,b0, 02,00,c0,21,

00,01,00,00, 01,01,01,01, 01,01,01,01, 01,01,01,01, 01,01,01,01,
01,01,00,01, 01,01,00,01, 01,01,00,01, 01,01,01,00, 01,01,01,01,
00,00,01,01, 01,01,01,01, 01,01,01,01, 01,01,01,01, 01,01,01,00,
00,01,00,01, 01,01,01,01, 01,01,01,01, 01,01,01,01, 01,01,01,01,

-------------------------------------------------------
2c,02,2a,91, 88,08,80,22, 88,08,80,00, 88,08,80,00, 89,04,b8,09,
0a,b4,e0,23, 10,a8,54,20, 10,a8,54,20, 20,10,a8,54, 88,08,80,00,
0c,04,04,02, 18,01,01,08, 18,01,01,08, 01,08,18,01, 21,18,b0,55,
02,00,c0,21, 08,00,04,20, 08,00,04,20, 00,04,20,08, 89,00,98,01,

01,01,01,01, 01,01,01,01, 01,01,01,01, 01,01,01,01, 01,01,01,01,
01,01,01,01, 01,01,01,01, 01,01,01,01, 01,01,01,01, 01,01,01,01,
01,01,01,00, 01,01,01,01, 01,01,01,01, 01,01,01,01, 01,01,01,01,
01,01,01,01, 01,01,01,01, 01,01,01,01, 01,01,01,01, 01,01,01,01,

-------------------------------------------------------
The constraints are (in the form of (round, position, input_diff, output_diff)
The number infront of each constraint corresponds to the grouping that each constraint falls under.
Each group is treated as independent in this computation
Some constraints may have more than one group identity. These groups have to be considered together
1 (7,3,25,21) (8,7,21,20) linear
8 (8,1,21,20) (9,5,20,90) linear
c (8,2,21,20) (9,6,20,80) linear
f (8,3,21,a0) (9,7,a0,53) linear
8 (8,1,21,20) (8,b,a,34) (9,d,14,51) linear
f (8,3,21,a0) (8,9,21,20) (9,f,80,3) linear
0 (9,1,14,41) (9,b,20,80) (9,e,20,80) (a,1,41,b4) linear
2 (9,0,28,93) (a,4,93,b0) linear
0 (9,1,14,41) (a,5,41,24) linear
7 (9,3,80,d0) (a,7,d0,4) linear
3 (9,5,20,90) (9,8,20,80) (a,a,2,8) linear
5 (9,6,20,80) (9,9,34,41) (a,b,c1,b4) linear
0 (9,1,14,41) (9,b,20,80) (a,d,c1,2e) linear
7 (9,3,80,d0) (9,9,34,41) (a,f,91,ea) linear
8 (a,0,c2,a) (a,a,2,8) (a,d,c1,2e) (b,0,2c,88) linear
9 (a,1,41,b4) (a,b,c1,b4) (a,e,80,2) (b,1,2,8) linear
a (a,2,83,e0) (a,8,53,20) (a,f,91,ea) (b,2,2a,80) linear
b (a,3,91,23) (a,9,80,2) (a,c,93,b0) (b,3,91,22) linear
8 (a,0,c2,a) (b,4,a,10) linear
9 (a,1,41,b4) (b,5,b4,a8) linear
a (a,2,83,e0) (b,6,e0,54) linear
b (a,3,91,23) (b,7,23,20) linear
f (a,7,d0,4) (a,a,2,8) (b,8,c,18) linear
c (a,4,93,b0) (a,b,c1,b4) (b,9,4,1) linear
d (a,5,41,24) (a,8,53,20) (b,a,4,1) linear
8 (a,0,c2,a) (a,a,2,8) (b,c,2,8) linear
a (a,2,83,e0) (a,8,53,20) (b,e,c0,4) linear
b (a,3,91,23) (a,9,80,2) (b,f,21,20) linear
(8,b,a,34) (9,d,14,51) (9,5,20,90)  higher-order linear
(8,9,21,20) (9,f,80,3) (9,7,a0,53)  higher-order linear
1 2 (9,d,14,51) (9,7,a0,53) (9,0,28,93) (a,8,53,20) (a,0,c2,a)  higher-order linear
(9,d,14,51) (a,c,93,b0) (a,0,c2,a)  higher-order linear
1 2 (9,7,a0,53) (9,0,28,93) (a,c,93,b0) (a,8,53,20)  higher-order linear
2 (9,d,14,51) (9,0,28,93) (a,c,93,b0) (a,4,93,b0) (a,0,c2,a)  higher-order linear
1 (9,7,a0,53) (a,c,93,b0) (a,8,53,20) (a,4,93,b0)  higher-order linear
(9,e,20,80) (9,b,20,80) (a,5,41,24) (a,1,41,b4)  higher-order linear
(9,e,20,80) (a,d,c1,2e) (a,1,41,b4)  higher-order linear
(9,b,20,80) (a,d,c1,2e) (a,5,41,24)  higher-order linear
0 (9,e,20,80) (9,1,14,41) (a,d,c1,2e) (a,5,41,24) (a,1,41,b4)  higher-order linear
(9,f,80,3) (a,e,80,2) (a,2,83,e0)  higher-order linear
3 (9,f,80,3) (9,8,20,80) (9,5,20,90) (a,e,80,2) (a,a,2,8) (a,2,83,e0)  higher-order linear
5 7 (9,9,34,41) (9,6,20,80) (9,3,80,d0) (a,b,c1,b4) (a,7,d0,4)  higher-order linear
(9,9,34,41) (a,f,91,ea) (a,7,d0,4)  higher-order linear
5 7 (9,6,20,80) (9,3,80,d0) (a,f,91,ea) (a,b,c1,b4)  higher-order linear
5 (9,6,20,80) (a,f,91,ea) (a,b,c1,b4) (a,7,d0,4)  higher-order linear
(a,d,c1,2e) (a,a,2,8) (b,4,a,10) (b,0,2c,88)  higher-order linear
f 8 (a,d,c1,2e) (a,7,d0,4) (a,0,c2,a) (b,8,c,18) (b,0,2c,88)  higher-order linear
(a,d,c1,2e) (b,c,2,8) (b,0,2c,88)  higher-order linear
f 8 (a,a,2,8) (a,7,d0,4) (a,0,c2,a) (b,8,c,18) (b,4,a,10)  higher-order linear
(a,a,2,8) (b,c,2,8) (b,4,a,10)  higher-order linear
f 8 (a,7,d0,4) (a,0,c2,a) (b,c,2,8) (b,8,c,18)  higher-order linear
f (a,d,c1,2e) (a,a,2,8) (a,7,d0,4) (b,8,c,18) (b,4,a,10) (b,0,2c,88)  higher-order linear
8 (a,d,c1,2e) (a,0,c2,a) (b,c,2,8) (b,4,a,10) (b,0,2c,88)  higher-order linear
f (a,d,c1,2e) (a,a,2,8) (a,7,d0,4) (b,c,2,8) (b,8,c,18) (b,0,2c,88)  higher-order linear
f (a,7,d0,4) (b,c,2,8) (b,8,c,18) (b,4,a,10)  higher-order linear
f 8 (a,d,c1,2e) (a,a,2,8) (a,7,d0,4) (a,0,c2,a) (b,c,2,8) (b,8,c,18) (b,4,a,10) (b,0,2c,88)  higher-order linear
(a,e,80,2) (a,b,c1,b4) (b,5,b4,a8) (b,1,2,8)  higher-order linear
c 9 (a,e,80,2) (a,4,93,b0) (a,1,41,b4) (b,9,4,1) (b,1,2,8)  higher-order linear
c 9 (a,b,c1,b4) (a,4,93,b0) (a,1,41,b4) (b,9,4,1) (b,5,b4,a8)  higher-order linear
c (a,e,80,2) (a,b,c1,b4) (a,4,93,b0) (b,9,4,1) (b,5,b4,a8) (b,1,2,8)  higher-order linear
(a,f,91,ea) (a,8,53,20) (b,6,e0,54) (b,2,2a,80)  higher-order linear
d a (a,f,91,ea) (a,5,41,24) (a,2,83,e0) (b,a,4,1) (b,2,2a,80)  higher-order linear
(a,f,91,ea) (b,e,c0,4) (b,2,2a,80)  higher-order linear
d a (a,8,53,20) (a,5,41,24) (a,2,83,e0) (b,a,4,1) (b,6,e0,54)  higher-order linear
(a,8,53,20) (b,e,c0,4) (b,6,e0,54)  higher-order linear
d a (a,5,41,24) (a,2,83,e0) (b,e,c0,4) (b,a,4,1)  higher-order linear
d (a,f,91,ea) (a,8,53,20) (a,5,41,24) (b,a,4,1) (b,6,e0,54) (b,2,2a,80)  higher-order linear
a (a,f,91,ea) (a,2,83,e0) (b,e,c0,4) (b,6,e0,54) (b,2,2a,80)  higher-order linear
d (a,f,91,ea) (a,8,53,20) (a,5,41,24) (b,e,c0,4) (b,a,4,1) (b,2,2a,80)  higher-order linear
d (a,5,41,24) (b,e,c0,4) (b,a,4,1) (b,6,e0,54)  higher-order linear
d a (a,f,91,ea) (a,8,53,20) (a,5,41,24) (a,2,83,e0) (b,e,c0,4) (b,a,4,1) (b,6,e0,54) (b,2,2a,80)  higher-order linear
(a,c,93,b0) (a,9,80,2) (b,7,23,20) (b,3,91,22)  higher-order linear
(a,c,93,b0) (b,f,21,20) (b,3,91,22)  higher-order linear
(a,9,80,2) (b,f,21,20) (b,7,23,20)  higher-order linear
b (a,c,93,b0) (a,3,91,23) (b,f,21,20) (b,7,23,20) (b,3,91,22)  higher-order linear


This characteristic is not possible due to the following constraint.
(8,9,21,20) (9,f,80,3) (9,7,a0,53) 
