2.599120563717815635e+00
2.601790738533148239e+00
2.609293627127224902e+00
2.609831043799816452e+00
2.618457048815415078e+00
2.618997890449073829e+00
2.619538934911026740e+00
2.627134939887412202e+00
2.631493538492308382e+00
2.632039290358429984e+00
2.632585248753172458e+00
2.632585248753172458e+00
2.634771150748455248e+00
2.637508193953937319e+00
2.638604466834110873e+00
2.639701573381953992e+00
2.640250439677670258e+00
2.641898292559152761e+00
2.641898292559152761e+00
2.641898292559152761e+00
2.642997907735015861e+00
2.643548029778245656e+00
2.644648903575187227e+00
2.644648903575187227e+00
2.644648903575187227e+00
2.647404768865696312e+00
2.647956574204566760e+00
2.647956574204566760e+00
2.647956574204566760e+00
2.648508590679979235e+00
2.649060818453569333e+00
2.649060818453569333e+00
2.649613257687158274e+00
2.650165908542753357e+00
2.650165908542753357e+00
2.650165908542753357e+00
2.650718771182547950e+00
2.650718771182547950e+00
2.652378631431865585e+00
2.652378631431865585e+00
2.652378631431865585e+00
2.652932342834129376e+00
2.652932342834129376e+00
2.653486266834364393e+00
2.654594753282204511e+00
2.655149316057008768e+00
2.655149316057008768e+00
2.655149316057008768e+00
2.655704092084183010e+00
2.656259081527799548e+00
2.656259081527799548e+00
2.656814284552118988e+00
2.657369701321592448e+00
2.657369701321592448e+00
2.657925332000861562e+00
2.657925332000861562e+00
2.657925332000861562e+00
2.658481176754756703e+00
2.658481176754756703e+00
2.659037235748300532e+00
2.659593509146705337e+00
2.660149997115375253e+00
2.660706699819905818e+00
2.660706699819905818e+00
2.661263617426083528e+00
2.661263617426083528e+00
2.661820750099888944e+00
2.661820750099888944e+00
2.661820750099888944e+00
2.662378098007492255e+00
2.662378098007492255e+00
2.662935661315259050e+00
2.662935661315259050e+00
2.662935661315259050e+00
2.663493440189745876e+00
2.663493440189745876e+00
2.664051434797702900e+00
2.664051434797702900e+00
2.664051434797702900e+00
2.664051434797702900e+00
2.664609645306075247e+00
2.664609645306075247e+00
2.665168071881999889e+00
2.666285573906030049e+00
2.666285573906030049e+00
2.667963451638349248e+00
2.667963451638349248e+00
2.668523178140380203e+00
2.669083121885383214e+00
2.669083121885383214e+00
2.669643283042057114e+00
2.669643283042057114e+00
2.669643283042057114e+00
2.669643283042057114e+00
2.670203661779298354e+00
2.670764258266200120e+00
2.670764258266200120e+00
2.670764258266200120e+00
2.671325072672052769e+00
2.671325072672052769e+00
2.671325072672052769e+00
2.671325072672052769e+00
2.671886105166343839e+00
2.671886105166343839e+00
2.672447355918759371e+00
2.672447355918759371e+00
2.673008825099183028e+00
2.673008825099183028e+00
2.673008825099183028e+00
2.673008825099183028e+00
2.673570512877696981e+00
2.673570512877696981e+00
2.673570512877696981e+00
2.673570512877696981e+00
2.674694544910317440e+00
2.675819453381258928e+00
2.675819453381258928e+00
2.676382236708422457e+00
2.676945239658353515e+00
2.677508462402531819e+00
2.679199451118362774e+00
2.679199451118362774e+00
2.679199451118362774e+00
2.679199451118362774e+00
2.680327879053005624e+00
2.680327879053005624e+00
2.680327879053005624e+00
2.680327879053005624e+00
2.680327879053005624e+00
2.680892424175016497e+00
2.680892424175016497e+00
2.681457190297276139e+00
2.681457190297276139e+00
2.681457190297276139e+00
2.682022177592881196e+00
2.682022177592881196e+00
2.682587386235130822e+00
2.682587386235130822e+00
2.683152816397527562e+00
2.683152816397527562e+00
2.683152816397527562e+00
2.683718468253779577e+00
2.683718468253779577e+00
2.684284341977797972e+00
2.684850437743699469e+00
2.684850437743699469e+00
2.685416755725805515e+00
2.685983296098641837e+00
2.686550059036942439e+00
2.687117044715644720e+00
2.687117044715644720e+00
2.687684253309893911e+00
2.687684253309893911e+00
2.687684253309893911e+00
2.687684253309893911e+00
2.688251684995041302e+00
2.688251684995041302e+00
2.688819339946645126e+00
2.688819339946645126e+00
2.689387218340471897e+00
2.689387218340471897e+00
2.689955320352494184e+00
2.689955320352494184e+00
2.690523646158894167e+00
2.691092195936060971e+00
2.691092195936060971e+00
2.691092195936060971e+00
2.691092195936060971e+00
2.691660969860592889e+00
2.692229968109296934e+00
2.692799190859190617e+00
2.695078330418327450e+00
2.695078330418327450e+00
2.695648678336761694e+00
2.695648678336761694e+00
2.696219251822896901e+00
2.696219251822896901e+00
2.697361076212447806e+00
2.697361076212447806e+00
2.697361076212447806e+00
2.697932327473480552e+00
2.698503805017451018e+00
2.698503805017451018e+00
2.698503805017451018e+00
2.699075509023699748e+00
2.699647439671780003e+00
2.699647439671780003e+00
2.699647439671780003e+00
2.699647439671780003e+00
2.700219597141460426e+00
2.700219597141460426e+00
2.700791981612721049e+00
2.700791981612721049e+00
2.700791981612721049e+00
2.701364593265758618e+00
2.701364593265758618e+00
2.701364593265758618e+00
2.701937432280983487e+00
2.703083793120710787e+00
2.703083793120710787e+00
2.703657315307110398e+00
2.703657315307110398e+00
2.703657315307110398e+00
2.704231065579492110e+00
2.704231065579492110e+00
2.704805044119344526e+00
2.704805044119344526e+00
2.704805044119344526e+00
2.705379251108372962e+00
2.707103244590827629e+00
2.707103244590827629e+00
2.707103244590827629e+00
2.707678367197960956e+00
2.708829300678139429e+00
2.708829300678139429e+00
2.709405111917429387e+00
2.709981153067381854e+00
2.710557424311668129e+00
2.710557424311668129e+00
2.710557424311668129e+00
2.711710657819029979e+00
2.711710657819029979e+00
2.711710657819029979e+00
2.713442238392042682e+00
2.714019894071787675e+00
2.714597781137751742e+00
2.715175899775377211e+00
2.715175899775377211e+00
2.715754250170329787e+00
2.715754250170329787e+00
2.716332832508499440e+00
2.716332832508499440e+00
2.716911646975998185e+00
2.716911646975998185e+00
2.719229229869397635e+00
2.719809207783093541e+00
2.720969863550351420e+00
2.721550541779518717e+00
2.722131453823159131e+00
2.722712599869643313e+00
2.723875594725762461e+00
2.725039527859398625e+00
2.726204400785735338e+00
2.726787190145665729e+00
2.727953475610062295e+00
2.730873320850581987e+00
2.730873320850581987e+00
2.737905154629820537e+00
2.739668481442397940e+00
2.739668481442397940e+00
2.740256736309218510e+00
2.741433966110067288e+00
2.742022941436021988e+00
2.746743420218845877e+00
2.747925957203816161e+00
2.747925957203816161e+00
2.747925957203816161e+00
2.749701582093667440e+00
2.750886547286271799e+00
2.750886547286271799e+00
2.753259401506856552e+00
2.753853225364134794e+00
2.755041606848866120e+00
2.755041606848866120e+00
2.755636164879489591e+00
2.756230968038147822e+00
2.756230968038147822e+00
2.758612636001063656e+00
2.761595260674921004e+00
2.762192526276864513e+00
2.762790039244978679e+00
2.762790039244978679e+00
2.763387799784248422e+00
2.763985808099915342e+00
2.765781321761529465e+00
2.765781321761529465e+00
2.766380323240297923e+00
2.766380323240297923e+00
2.767579072823923347e+00
2.768178821342595519e+00
2.768778819288814752e+00
2.770580311769583748e+00
2.770580311769583748e+00
2.771782557706565342e+00
2.773587807211214340e+00
2.774190059376457462e+00
2.774190059376457462e+00
2.774792563056498018e+00
2.777205097131889122e+00
2.777808861543667796e+00
2.779017148918223601e+00
2.779017148918223601e+00
2.780831479537838380e+00
2.780831479537838380e+00
2.781436763809729040e+00
2.781436763809729040e+00
2.781436763809729040e+00
2.782042302135886214e+00
2.782042302135886214e+00
2.782648094729665900e+00
2.782648094729665900e+00
2.783860443574865506e+00
2.783860443574865506e+00
2.784467000254344349e+00
2.785073812057565323e+00
2.786288201894327354e+00
2.786895780358093155e+00
2.786895780358093155e+00
2.787503614806051910e+00
2.788720052517992265e+00
2.788720052517992265e+00
2.788720052517992265e+00
2.789328656214378643e+00
2.789328656214378643e+00
2.789328656214378643e+00
2.789937516759768865e+00
2.790546634371050327e+00
2.790546634371050327e+00
2.791156009265385318e+00
2.791156009265385318e+00
2.791765641660211461e+00
2.792375531773242603e+00
2.792375531773242603e+00
2.792985679822467482e+00
2.792985679822467482e+00
2.793596086026153280e+00
2.794817673771357480e+00
2.795428855750796249e+00
2.795428855750796249e+00
2.796040296760537558e+00
2.796651997020237257e+00
2.797263956749832303e+00
2.797876176169539431e+00
2.797876176169539431e+00
2.797876176169539431e+00
2.798488655499854261e+00
2.798488655499854261e+00
2.805243145577752006e+00
2.805243145577752006e+00
2.805858761136864388e+00
2.805858761136864388e+00
2.806474639498784729e+00
2.807090780887987247e+00
2.807707185529233040e+00
2.807707185529233040e+00
2.808940785468343471e+00
2.809557981217174483e+00
2.810175441119982853e+00
2.810175441119982853e+00
2.810793165402975635e+00
2.811411154292652093e+00
2.812029408015800591e+00
2.812647926799503484e+00
2.812647926799503484e+00
2.812647926799503484e+00
2.813266710871133558e+00
2.814505075789133670e+00
2.815124657091716109e+00
2.815124657091716109e+00
2.815744504594651421e+00
2.816364618526781438e+00
2.816984999117243760e+00
2.817605646595471303e+00
2.818226561191192303e+00
2.819469192655517542e+00
2.820712895353996608e+00
2.820712895353996608e+00
2.821957671135178369e+00
2.822580462010763291e+00
2.825074317499321364e+00
2.825074317499321364e+00
2.825698455532369202e+00
2.826947542225884735e+00
2.828197711317017138e+00
2.828823202348228261e+00
2.830701304207154489e+00
2.833209249281820163e+00
2.834464858622076200e+00
2.834464858622076200e+00
2.835721561698829607e+00
2.836350323984174970e+00
2.836979360419206397e+00
2.838868117015693748e+00
2.840128663221610505e+00
2.840128663221610505e+00
2.841390311785521927e+00
2.842021550054568024e+00
2.842653064637157279e+00
2.843284855775298325e+00
2.843284855775298325e+00
2.844549268687862842e+00
2.844549268687862842e+00
2.845181890947896086e+00
2.845814790734702893e+00
2.845814790734702893e+00
2.848983461107752024e+00
2.849618031182152400e+00
2.849618031182152400e+00
2.850252880495317775e+00
2.850888009293112368e+00
2.850888009293112368e+00
2.851523417821722806e+00
2.851523417821722806e+00
2.851523417821722806e+00
2.852159106327662563e+00
2.853431324259214197e+00
2.855341757168117667e+00
2.855979130733107496e+00
2.855979130733107496e+00
2.856616786010179432e+00
2.856616786010179432e+00
2.856616786010179432e+00
2.856616786010179432e+00
2.857892942697449978e+00
2.858531444606915439e+00
2.859170229226998927e+00
2.859809296808164092e+00
2.860448647601206318e+00
2.861088281857256721e+00
2.861728199827779040e+00
2.863008887919770373e+00
2.863008887919770373e+00
2.863008887919770373e+00
2.863008887919770373e+00
2.863649658545844190e+00
2.863649658545844190e+00
2.864290713895600415e+00
2.866215590820092807e+00
2.866857787599399021e+00
2.867500270371490689e+00
2.867500270371490689e+00
2.868143039391207072e+00
2.868143039391207072e+00
2.869429437194573218e+00
2.871361187147402294e+00
2.871361187147402294e+00
2.871361187147402294e+00
2.872005679023605929e+00
2.872005679023605929e+00
2.872650458940881002e+00
2.872650458940881002e+00
2.872650458940881002e+00
2.873295527156809914e+00
2.873940883929320123e+00
2.874586529516685030e+00
2.875232464177526648e+00
2.875878688170812492e+00
2.877172005192333071e+00
2.877172005192333071e+00
2.879114157212210312e+00
2.879762122658040546e+00
2.881058927276492376e+00
2.881058927276492376e+00
2.881707766973010010e+00
2.883006322453019354e+00
2.883656038762531626e+00
2.884306047802988715e+00
2.884956349838290190e+00
2.884956349838290190e+00
2.884956349838290190e+00
2.886909016557619445e+00
2.888212264198988244e+00
2.889516690183774106e+00
2.890169345721206096e+00
2.892782924408617617e+00
2.893437059555116875e+00
2.893437059555116875e+00
2.896056570108442862e+00
2.897368111145032010e+00
2.897368111145032010e+00
2.897368111145032010e+00
2.898680845576723453e+00
2.899994775577279249e+00
2.905262494951906582e+00
2.905922314328095446e+00
2.907903585009208758e+00
2.911211761283093225e+00
2.911211761283093225e+00
2.911874307811793461e+00
2.911874307811793461e+00
2.911874307811793461e+00
2.914527540818717011e+00
2.915855989384855462e+00
2.916520672668158287e+00
2.919182472391672611e+00
2.919848690385912882e+00
2.927197465455792624e+00
2.928537637443375807e+00
2.929879055523177289e+00
2.933910809542227494e+00
2.933910809542227494e+00
2.937279232834955955e+00
2.937279232834955955e+00
2.941331749659428674e+00
3.032053294187292192e+00
3.069262662437113764e+00
3.073704005218888646e+00
3.080391761396746197e+00
3.084120621164226694e+00
3.084867551049349732e+00
3.087110663770038510e+00
3.087859143704279052e+00
3.089357269530374150e+00
3.092358196334473064e+00
3.093109404391481299e+00
3.094612994981869036e+00
3.094612994981869036e+00
3.094612994981869036e+00
3.094612994981869036e+00
3.097624885513974302e+00
3.097624885513974302e+00
3.098378841653887772e+00
3.099887937022543394e+00
3.099887937022543394e+00
3.102154543994488645e+00
3.102910871687243777e+00
3.102910871687243777e+00
3.104424717619315821e+00
3.105940153725978092e+00
3.105940153725978092e+00
3.105940153725978092e+00
3.105940153725978092e+00
3.106698469139436369e+00
3.107457183351447938e+00
3.108216296781689980e+00
3.112779384531615179e+00
3.114303626660604785e+00
3.114303626660604785e+00
3.115066352050238407e+00
3.116593013611630436e+00
3.117356950638158875e+00
3.118121292399554711e+00
3.118886039324903603e+00
3.119651191843973326e+00
3.120416750387216887e+00
3.120416750387216887e+00
3.121182715385771633e+00
3.121182715385771633e+00
3.121949087271463252e+00
3.121949087271463252e+00
3.123483053435000212e+00
3.123483053435000212e+00
3.123483053435000212e+00
3.125018652346225334e+00
3.126555887484623319e+00
3.127325119729394309e+00
3.128094762340813073e+00
3.128094762340813073e+00
3.128864815756954521e+00
3.129635280416595666e+00
3.129635280416595666e+00
3.131177445225000966e+00
3.131949146254842109e+00
3.132721260290338261e+00
3.134266729148241115e+00
3.134266729148241115e+00
3.135813855345719769e+00
3.136588041058362197e+00
3.136588041058362197e+00
3.139688945080518323e+00
3.142796528491834440e+00
3.142796528491834440e+00
3.143574471374469326e+00
3.145131616739763381e+00
3.145910820129425911e+00
3.146690444596325520e+00
3.147470490595804193e+00
3.147470490595804193e+00
3.147470490595804193e+00
3.148250958583942438e+00
3.150594899052241438e+00
3.151377059570661832e+00
3.151377059570661832e+00
3.152159644369286973e+00
3.153726088650093740e+00
3.153726088650093740e+00
3.154509949055624762e+00
3.155294235588062435e+00
3.156078948710965726e+00
3.156864088888650333e+00
3.157649656586192233e+00
3.157649656586192233e+00
3.157649656586192233e+00
3.157649656586192233e+00
3.158435652269425020e+00
3.159222076404945678e+00
3.159222076404945678e+00
3.159222076404945678e+00
3.160796211903055930e+00
3.160796211903055930e+00
3.162372066828595063e+00
3.163160640251283517e+00
3.163160640251283517e+00
3.163949644941930206e+00
3.164739081372511365e+00
3.165528950015778165e+00
3.165528950015778165e+00
3.167109985835258268e+00
3.167901153960865912e+00
3.168692756197949212e+00
3.170277264913941462e+00
3.171863515805892764e+00
3.171863515805892764e+00
3.172657295765884289e+00
3.172657295765884289e+00
3.173451512709084987e+00
3.175041259471477417e+00
3.176632759953764928e+00
3.177429169049831970e+00
3.178226018029432165e+00
3.178226018029432165e+00
3.178226018029432165e+00
3.178226018029432165e+00
3.179023307378758822e+00
3.179023307378758822e+00
3.180619209135400638e+00
3.182216878225466505e+00
3.183016376744618903e+00
3.183816318567658232e+00
3.184616704186461256e+00
3.186218808782963041e+00
3.187020528748517822e+00
3.187822694485552777e+00
3.187822694485552777e+00
3.188625306490058264e+00
3.189428365258852871e+00
3.190231871289586518e+00
3.190231871289586518e+00
3.190231871289586518e+00
3.192645077942395826e+00
3.194256127848381421e+00
3.195062327948091863e+00
3.195868978816682304e+00
3.197483634878777181e+00
3.197483634878777181e+00
3.199909012375004913e+00
3.200718378478077941e+00
3.201528198898381028e+00
3.201528198898381028e+00
3.201528198898381028e+00
3.202338474146239733e+00
3.203149204732840261e+00
3.203149204732840261e+00
3.203149204732840261e+00
3.203149204732840261e+00
3.203960391170229904e+00
3.204772033971321932e+00
3.205584133649894252e+00
3.206396690720593412e+00
3.206396690720593412e+00
3.207209705698936375e+00
3.208837111444981627e+00
3.209651503248085902e+00
3.209651503248085902e+00
3.212097440608568277e+00
3.212913675448382911e+00
3.214547531841457584e+00
3.214547531841457584e+00
3.216183240679818311e+00
3.217001791079586503e+00
3.217001791079586503e+00
3.217820806168791847e+00
3.218640286475340506e+00
3.218640286475340506e+00
3.219460232528039256e+00
3.219460232528039256e+00
3.219460232528039256e+00
3.219460232528039256e+00
3.220280644856595931e+00
3.220280644856595931e+00
3.221101523991623861e+00
3.223566967555266949e+00
3.224389719240461805e+00
3.225212940398826778e+00
3.225212940398826778e+00
3.226036631566442381e+00
3.227685426078347408e+00
3.230162156370560034e+00
3.230988678902985356e+00
3.230988678902985356e+00
3.232643145874314783e+00
3.234299512348898897e+00
3.235128409263909433e+00
3.238448767555520469e+00
3.240111816778164844e+00
3.240111816778164844e+00
3.240944060839830332e+00
3.240944060839830332e+00
3.242609990633361416e+00
3.242609990633361416e+00
3.242609990633361416e+00
3.242609990633361416e+00
3.243443677475913223e+00
3.243443677475913223e+00
3.245112497836531329e+00
3.245112497836531329e+00
3.245947632471075650e+00
3.246783250821045019e+00
3.247619353447106061e+00
3.248455940910901951e+00
3.248455940910901951e+00
3.249293013775051975e+00
3.249293013775051975e+00
3.250130572603155965e+00
3.250130572603155965e+00
3.250130572603155965e+00
3.250968617959796525e+00
3.250968617959796525e+00
3.251807150410539915e+00
3.251807150410539915e+00
3.251807150410539915e+00
3.252646170521939162e+00
3.252646170521939162e+00
3.253485678861536279e+00
3.253485678861536279e+00
3.255166162500454430e+00
3.255166162500454430e+00
3.259375955510586564e+00
3.261063318323860649e+00
3.261063318323860649e+00
3.261907740379509590e+00
3.261907740379509590e+00
3.263598068681709652e+00
3.264443976088465149e+00
3.268680968974936096e+00
3.270379256446961591e+00
3.271229150457336754e+00
3.272930441976293903e+00
3.273781840667801646e+00
3.275486146880050242e+00
3.276339055590016702e+00
3.277192468830453453e+00
3.278046387198614298e+00
3.278046387198614298e+00
3.278046387198614298e+00
3.280611179057917770e+00
3.281467123930779106e+00
3.284038009744855824e+00
3.286613485062969797e+00
3.292640867919117476e+00
3.296961611013583315e+00
3.297827314634452556e+00
3.302163642037623692e+00
3.303032473765712851e+00
3.312624316562533089e+00
3.314375160273645093e+00
3.317005416318317135e+00
3.317005416318317135e+00
3.327574658028504384e+00
3.327574658028504384e+00
3.327574658028504384e+00
3.332888457924972236e+00
3.334664082814823960e+00
3.335552715452028583e+00
3.339112729697434112e+00
3.343575136722219732e+00
3.343575136722219732e+00
3.347155026998020588e+00
3.348051389276553991e+00
3.348051389276553991e+00
3.348948308821071418e+00
3.349845786324906260e+00
3.352541573545079867e+00
3.353441289845451756e+00
3.356143810225275192e+00
3.357045776519667957e+00
3.358851402588767243e+00
3.359755063777654094e+00
3.359755063777654094e+00
3.363375379456351233e+00
3.364281879668952424e+00
3.365188949828282095e+00
3.365188949828282095e+00
3.367004802857042289e+00
3.369732874973230263e+00
3.370643379920390537e+00
3.371554459862818653e+00
3.372466115527207986e+00
3.372466115527207986e+00
3.373378347641629027e+00
3.373378347641629027e+00
3.374291156935534719e+00
3.375204544139763119e+00
3.375204544139763119e+00
3.376118509986541394e+00
3.376118509986541394e+00
3.377033055209489820e+00
3.377033055209489820e+00
3.377033055209489820e+00
3.377948180543623558e+00
3.380697044584313193e+00
3.380697044584313193e+00
3.383451156221010780e+00
3.383451156221010780e+00
3.384370363031902418e+00
3.385290155884791652e+00
3.385290155884791652e+00
3.385290155884791652e+00
3.386210535527419907e+00
3.386210535527419907e+00
3.387131502708959463e+00
3.387131502708959463e+00
3.387131502708959463e+00
3.387131502708959463e+00
3.388053058180019228e+00
3.388053058180019228e+00
3.388975202692647848e+00
3.389897937000335482e+00
3.389897937000335482e+00
3.390821261858020463e+00
3.390821261858020463e+00
3.390821261858020463e+00
3.390821261858020463e+00
3.391745178022091078e+00
3.391745178022091078e+00
3.392669686250389116e+00
3.392669686250389116e+00
3.392669686250389116e+00
3.392669686250389116e+00
3.393594787302215199e+00
3.393594787302215199e+00
3.394520481938331002e+00
3.394520481938331002e+00
3.395446770920963253e+00
3.395446770920963253e+00
3.396373655013808168e+00
3.397301134982035009e+00
3.397301134982035009e+00
3.397301134982035009e+00
3.398229211592290078e+00
3.398229211592290078e+00
3.399157885612698937e+00
3.399157885612698937e+00
3.400087157812872185e+00
3.400087157812872185e+00
3.400087157812872185e+00
3.400087157812872185e+00
3.401017028963909006e+00
3.401947499838399835e+00
3.402878571210431691e+00
3.402878571210431691e+00
3.402878571210431691e+00
3.403810243855589501e+00
3.403810243855589501e+00
3.403810243855589501e+00
3.404742518550964547e+00
3.404742518550964547e+00
3.404742518550964547e+00
3.404742518550964547e+00
3.404742518550964547e+00
3.405675396075152683e+00
3.405675396075152683e+00
3.406608877208263220e+00
3.406608877208263220e+00
3.406608877208263220e+00
3.406608877208263220e+00
3.407542962731919367e+00
3.407542962731919367e+00
3.407542962731919367e+00
3.407542962731919367e+00
3.407542962731919367e+00
3.408477653429264898e+00
3.408477653429264898e+00
3.408477653429264898e+00
3.408477653429264898e+00
3.409412950084965921e+00
3.409412950084965921e+00
3.409412950084965921e+00
3.410348853485214882e+00
3.410348853485214882e+00
3.412222483671789597e+00
3.412222483671789597e+00
3.412222483671789597e+00
3.412222483671789597e+00
3.413160212038173214e+00
3.413160212038173214e+00
3.413160212038173214e+00
3.413160212038173214e+00
3.413160212038173214e+00
3.413160212038173214e+00
3.414098550309228486e+00
3.414098550309228486e+00
3.414098550309228486e+00
3.415037499278843924e+00
3.415037499278843924e+00
3.415037499278843924e+00
3.415037499278843924e+00
3.415037499278843924e+00
3.415037499278843924e+00
3.415977059742458355e+00
3.415977059742458355e+00
3.416917232497066692e+00
3.416917232497066692e+00
3.416917232497066692e+00
3.416917232497066692e+00
3.416917232497066692e+00
3.416917232497066692e+00
3.416917232497066692e+00
3.416917232497066692e+00
3.417858018341222603e+00
3.417858018341222603e+00
3.417858018341222603e+00
3.417858018341222603e+00
3.418799418075042951e+00
3.418799418075042951e+00
3.418799418075042951e+00
3.418799418075042951e+00
3.419741432500212230e+00
3.419741432500212230e+00
3.419741432500212230e+00
3.419741432500212230e+00
3.419741432500212230e+00
3.420684062419985683e+00
3.422571171964251313e+00
3.423515653203148545e+00
3.423515653203148545e+00
3.423515653203148545e+00
3.424460753165469384e+00
3.424460753165469384e+00
3.424460753165469384e+00
3.425406472662388957e+00
3.425406472662388957e+00
3.425406472662388957e+00
3.425406472662388957e+00
3.425406472662388957e+00
3.426352812506678003e+00
3.427299773512707759e+00
3.428247356496454401e+00
3.428247356496454401e+00
3.428247356496454401e+00
3.429195562275503484e+00
3.429195562275503484e+00
3.430144391669052162e+00
3.430144391669052162e+00
3.431093845497916739e+00
3.431093845497916739e+00
3.431093845497916739e+00
3.431093845497916739e+00
3.431093845497916739e+00
3.431093845497916739e+00
3.432043924584533556e+00
3.432994629752966542e+00
3.432994629752966542e+00
3.432994629752966542e+00
3.433945961828908544e+00
3.433945961828908544e+00
3.433945961828908544e+00
3.434897921639686658e+00
3.435850510014268444e+00
3.435850510014268444e+00
3.436803727783262818e+00
3.436803727783262818e+00
3.437757575778927155e+00
3.437757575778927155e+00
3.437757575778927155e+00
3.437757575778927155e+00
3.438712054835170839e+00
3.438712054835170839e+00
3.438712054835170839e+00
3.438712054835170839e+00
3.439667165787558822e+00
3.439667165787558822e+00
3.439667165787558822e+00
3.441579286731335507e+00
3.441579286731335507e+00
3.441579286731335507e+00
3.441579286731335507e+00
3.441579286731335507e+00
3.442536298402175898e+00
3.443493945328071959e+00
3.444452228352935741e+00
3.444452228352935741e+00
3.444452228352935741e+00
3.445411148322362838e+00
3.445411148322362838e+00
3.446370706083635493e+00
3.448291738379311688e+00
3.448291738379311688e+00
3.449253214616756935e+00
3.450215332052140482e+00
3.451178091541248882e+00
3.452141493941583317e+00
3.452141493941583317e+00
3.454070230914532580e+00
3.455035567210762881e+00
3.455035567210762881e+00
3.455035567210762881e+00
3.455035567210762881e+00
3.456001549865458600e+00
3.456001549865458600e+00
3.456968179744762448e+00
3.456968179744762448e+00
3.458903384650476198e+00
3.460841188891968567e+00
3.461811067947581311e+00
3.462781599461403736e+00
3.462781599461403736e+00
3.462781599461403736e+00
3.462781599461403736e+00
3.462781599461403736e+00
3.463752784311871835e+00
3.464724623379196622e+00
3.465697117545369466e+00
3.465697117545369466e+00
3.465697117545369466e+00
3.466670267694166085e+00
3.468618539483687702e+00
3.468618539483687702e+00
3.470569445853849189e+00
3.471545889235210680e+00
3.471545889235210680e+00
3.472522993939604063e+00
3.473500760863434067e+00
3.473500760863434067e+00
3.476438043942986944e+00
3.476438043942986944e+00
3.484300161715957689e+00
3.484300161715957689e+00
3.485285945861513301e+00
3.491214837935487481e+00
3.498162815097703326e+00
3.505144415508802069e+00
3.506144550759177303e+00
3.527309160757219786e+00
