4.963826387446514943e+00
4.974860437721491557e+00
4.983191712313446153e+00
4.983191712313446153e+00
4.997184984392945672e+00
5.011315313227834523e+00
5.014158062996659559e+00
5.017006425305689632e+00
5.019860422360842733e+00
5.019860422360842733e+00
5.019860422360842733e+00
5.019860422360842733e+00
5.025585410194472580e+00
5.025585410194472580e+00
5.031333206804792013e+00
5.034215715337913011e+00
5.042897958437714045e+00
5.042897958437714045e+00
5.045803689613125087e+00
5.045803689613125087e+00
5.048715285033027911e+00
5.048715285033027911e+00
5.054556163622088150e+00
5.054556163622088150e+00
5.054556163622088150e+00
5.057485494660760139e+00
5.060420785685306733e+00
5.060420785685306733e+00
5.060420785685306733e+00
5.060420785685306733e+00
5.063362060997429026e+00
5.063362060997429026e+00
5.063362060997429026e+00
5.066309345047765866e+00
5.066309345047765866e+00
5.066309345047765866e+00
5.069262662437113320e+00
5.069262662437113320e+00
5.069262662437113320e+00
5.069262662437113320e+00
5.072222037917657467e+00
5.072222037917657467e+00
5.075187496394218734e+00
5.075187496394218734e+00
5.078159062925509559e+00
5.078159062925509559e+00
5.081136762725405376e+00
5.081136762725405376e+00
5.081136762725405376e+00
5.084120621164227138e+00
5.084120621164227138e+00
5.084120621164227138e+00
5.084120621164227138e+00
5.084120621164227138e+00
5.087110663770038066e+00
5.087110663770038066e+00
5.087110663770038066e+00
5.087110663770038066e+00
5.087110663770038066e+00
5.090106916229958145e+00
5.090106916229958145e+00
5.090106916229958145e+00
5.093109404391481299e+00
5.093109404391481299e+00
5.093109404391481299e+00
5.093109404391481299e+00
5.093109404391481299e+00
5.096118154263820088e+00
5.096118154263820088e+00
5.096118154263820088e+00
5.099133192019251304e+00
5.099133192019251304e+00
5.099133192019251304e+00
5.099133192019251304e+00
5.099133192019251304e+00
5.102154543994488201e+00
5.102154543994488201e+00
5.102154543994488201e+00
5.102154543994488201e+00
5.105182236692056286e+00
5.105182236692056286e+00
5.105182236692056286e+00
5.105182236692056286e+00
5.105182236692056286e+00
5.105182236692056286e+00
5.105182236692056286e+00
5.105182236692056286e+00
5.105182236692056286e+00
5.108216296781689536e+00
5.108216296781689536e+00
5.108216296781689536e+00
5.111256751101740825e+00
5.111256751101740825e+00
5.111256751101740825e+00
5.114303626660604785e+00
5.114303626660604785e+00
5.117356950638158430e+00
5.117356950638158430e+00
5.117356950638158430e+00
5.120416750387216887e+00
5.120416750387216887e+00
5.120416750387216887e+00
5.120416750387216887e+00
5.123483053435000656e+00
5.123483053435000656e+00
5.123483053435000656e+00
5.126555887484623319e+00
5.126555887484623319e+00
5.126555887484623319e+00
5.126555887484623319e+00
5.129635280416595222e+00
5.129635280416595222e+00
5.129635280416595222e+00
5.129635280416595222e+00
5.129635280416595222e+00
5.129635280416595222e+00
5.129635280416595222e+00
5.129635280416595222e+00
5.129635280416595222e+00
5.129635280416595222e+00
5.129635280416595222e+00
5.129635280416595222e+00
5.129635280416595222e+00
5.129635280416595222e+00
5.132721260290337817e+00
5.132721260290337817e+00
5.132721260290337817e+00
5.132721260290337817e+00
5.135813855345720214e+00
5.135813855345720214e+00
5.135813855345720214e+00
5.138913094004606386e+00
5.138913094004606386e+00
5.138913094004606386e+00
5.138913094004606386e+00
5.138913094004606386e+00
5.138913094004606386e+00
5.142019004872428134e+00
5.142019004872428134e+00
5.142019004872428134e+00
5.145131616739763381e+00
5.145131616739763381e+00
5.145131616739763381e+00
5.145131616739763381e+00
5.145131616739763381e+00
5.145131616739763381e+00
5.145131616739763381e+00
5.148250958583942882e+00
5.148250958583942882e+00
5.148250958583942882e+00
5.148250958583942882e+00
5.148250958583942882e+00
5.148250958583942882e+00
5.151377059570662276e+00
5.154509949055625206e+00
5.154509949055625206e+00
5.154509949055625206e+00
5.154509949055625206e+00
5.157649656586191789e+00
5.157649656586191789e+00
5.157649656586191789e+00
5.157649656586191789e+00
5.157649656586191789e+00
5.157649656586191789e+00
5.157649656586191789e+00
5.157649656586191789e+00
5.160796211903056374e+00
5.160796211903056374e+00
5.160796211903056374e+00
5.160796211903056374e+00
5.160796211903056374e+00
5.160796211903056374e+00
5.160796211903056374e+00
5.163949644941930650e+00
5.163949644941930650e+00
5.163949644941930650e+00
5.163949644941930650e+00
5.163949644941930650e+00
5.163949644941930650e+00
5.163949644941930650e+00
5.163949644941930650e+00
5.163949644941930650e+00
5.163949644941930650e+00
5.167109985835258712e+00
5.167109985835258712e+00
5.167109985835258712e+00
5.167109985835258712e+00
5.167109985835258712e+00
5.167109985835258712e+00
5.170277264913941018e+00
5.170277264913941018e+00
5.170277264913941018e+00
5.170277264913941018e+00
5.170277264913941018e+00
5.170277264913941018e+00
5.170277264913941018e+00
5.170277264913941018e+00
5.173451512709084987e+00
5.173451512709084987e+00
5.173451512709084987e+00
5.173451512709084987e+00
5.173451512709084987e+00
5.176632759953765373e+00
5.176632759953765373e+00
5.176632759953765373e+00
5.176632759953765373e+00
5.176632759953765373e+00
5.179821037584812160e+00
5.179821037584812160e+00
5.179821037584812160e+00
5.179821037584812160e+00
5.179821037584812160e+00
5.183016376744618903e+00
5.183016376744618903e+00
5.183016376744618903e+00
5.183016376744618903e+00
5.183016376744618903e+00
5.183016376744618903e+00
5.186218808782962597e+00
5.186218808782962597e+00
5.186218808782962597e+00
5.186218808782962597e+00
5.186218808782962597e+00
5.186218808782962597e+00
5.186218808782962597e+00
5.186218808782962597e+00
5.186218808782962597e+00
5.186218808782962597e+00
5.189428365258852871e+00
5.189428365258852871e+00
5.189428365258852871e+00
5.189428365258852871e+00
5.192645077942396270e+00
5.192645077942396270e+00
5.192645077942396270e+00
5.192645077942396270e+00
5.192645077942396270e+00
5.192645077942396270e+00
5.192645077942396270e+00
5.192645077942396270e+00
5.192645077942396270e+00
5.192645077942396270e+00
5.192645077942396270e+00
5.195868978816681860e+00
5.195868978816681860e+00
5.195868978816681860e+00
5.195868978816681860e+00
5.195868978816681860e+00
5.199100100079695252e+00
5.199100100079695252e+00
5.199100100079695252e+00
5.199100100079695252e+00
5.199100100079695252e+00
5.199100100079695252e+00
5.199100100079695252e+00
5.199100100079695252e+00
5.202338474146239733e+00
5.202338474146239733e+00
5.202338474146239733e+00
5.202338474146239733e+00
5.202338474146239733e+00
5.202338474146239733e+00
5.202338474146239733e+00
5.202338474146239733e+00
5.205584133649893808e+00
5.205584133649893808e+00
5.205584133649893808e+00
5.205584133649893808e+00
5.208837111444982071e+00
5.208837111444982071e+00
5.208837111444982071e+00
5.208837111444982071e+00
5.208837111444982071e+00
5.208837111444982071e+00
5.208837111444982071e+00
5.208837111444982071e+00
5.208837111444982071e+00
5.208837111444982071e+00
5.208837111444982071e+00
5.212097440608568277e+00
5.212097440608568277e+00
5.212097440608568277e+00
5.212097440608568277e+00
5.215365154442479501e+00
5.215365154442479501e+00
5.215365154442479501e+00
5.215365154442479501e+00
5.215365154442479501e+00
5.215365154442479501e+00
5.218640286475340062e+00
5.218640286475340062e+00
5.218640286475340062e+00
5.218640286475340062e+00
5.218640286475340062e+00
5.218640286475340062e+00
5.218640286475340062e+00
5.221922870464641875e+00
5.221922870464641875e+00
5.221922870464641875e+00
5.221922870464641875e+00
5.221922870464641875e+00
5.221922870464641875e+00
5.221922870464641875e+00
5.221922870464641875e+00
5.221922870464641875e+00
5.221922870464641875e+00
5.221922870464641875e+00
5.225212940398826333e+00
5.228510530499401732e+00
5.228510530499401732e+00
5.228510530499401732e+00
5.228510530499401732e+00
5.228510530499401732e+00
5.228510530499401732e+00
5.228510530499401732e+00
5.228510530499401732e+00
5.231815675223074003e+00
5.231815675223074003e+00
5.231815675223074003e+00
5.231815675223074003e+00
5.231815675223074003e+00
5.231815675223074003e+00
5.235128409263909433e+00
5.235128409263909433e+00
5.235128409263909433e+00
5.235128409263909433e+00
5.235128409263909433e+00
5.235128409263909433e+00
5.238448767555520469e+00
5.238448767555520469e+00
5.238448767555520469e+00
5.241776785273275507e+00
5.241776785273275507e+00
5.241776785273275507e+00
5.241776785273275507e+00
5.241776785273275507e+00
5.241776785273275507e+00
5.241776785273275507e+00
5.245112497836531773e+00
5.245112497836531773e+00
5.245112497836531773e+00
5.245112497836531773e+00
5.245112497836531773e+00
5.245112497836531773e+00
5.245112497836531773e+00
5.245112497836531773e+00
5.245112497836531773e+00
5.248455940910901951e+00
5.248455940910901951e+00
5.248455940910901951e+00
5.248455940910901951e+00
5.248455940910901951e+00
5.251807150410539471e+00
5.251807150410539471e+00
5.251807150410539471e+00
5.251807150410539471e+00
5.251807150410539471e+00
5.255166162500453986e+00
5.255166162500453986e+00
5.255166162500453986e+00
5.255166162500453986e+00
5.255166162500453986e+00
5.255166162500453986e+00
5.258533013598853501e+00
5.258533013598853501e+00
5.258533013598853501e+00
5.258533013598853501e+00
5.258533013598853501e+00
5.258533013598853501e+00
5.258533013598853501e+00
5.258533013598853501e+00
5.258533013598853501e+00
5.261907740379509590e+00
5.261907740379509590e+00
5.261907740379509590e+00
5.261907740379509590e+00
5.261907740379509590e+00
5.265290379774161700e+00
5.265290379774161700e+00
5.265290379774161700e+00
5.268680968974935652e+00
5.268680968974935652e+00
5.268680968974935652e+00
5.268680968974935652e+00
5.268680968974935652e+00
5.268680968974935652e+00
5.272079545436801240e+00
5.272079545436801240e+00
5.272079545436801240e+00
5.272079545436801240e+00
5.272079545436801240e+00
5.272079545436801240e+00
5.275486146880050242e+00
5.275486146880050242e+00
5.275486146880050242e+00
5.275486146880050242e+00
5.278900811292814410e+00
5.278900811292814410e+00
5.278900811292814410e+00
5.278900811292814410e+00
5.278900811292814410e+00
5.278900811292814410e+00
5.282323576933603881e+00
5.282323576933603881e+00
5.282323576933603881e+00
5.285754482333877569e+00
5.285754482333877569e+00
5.285754482333877569e+00
5.285754482333877569e+00
5.285754482333877569e+00
5.285754482333877569e+00
5.285754482333877569e+00
5.285754482333877569e+00
5.285754482333877569e+00
5.285754482333877569e+00
5.285754482333877569e+00
5.289193566300648186e+00
5.289193566300648186e+00
5.289193566300648186e+00
5.289193566300648186e+00
5.292640867919117476e+00
5.292640867919117476e+00
5.292640867919117476e+00
5.292640867919117476e+00
5.292640867919117476e+00
5.292640867919117476e+00
5.296096426555336301e+00
5.296096426555336301e+00
5.296096426555336301e+00
5.296096426555336301e+00
5.299560281858908262e+00
5.299560281858908262e+00
5.299560281858908262e+00
5.299560281858908262e+00
5.303032473765712851e+00
5.303032473765712851e+00
5.303032473765712851e+00
5.303032473765712851e+00
5.303032473765712851e+00
5.303032473765712851e+00
5.303032473765712851e+00
5.303032473765712851e+00
5.303032473765712851e+00
5.303032473765712851e+00
5.303032473765712851e+00
5.303032473765712851e+00
5.306513042500674793e+00
5.310002028580554700e+00
5.310002028580554700e+00
5.313499472816781477e+00
5.313499472816781477e+00
5.317005416318316691e+00
5.317005416318316691e+00
5.320519900494553589e+00
5.320519900494553589e+00
5.320519900494553589e+00
5.320519900494553589e+00
5.324042967058250753e+00
5.327574658028504828e+00
5.327574658028504828e+00
5.327574658028504828e+00
5.331115015733752571e+00
5.331115015733752571e+00
5.331115015733752571e+00
5.334664082814823516e+00
5.334664082814823516e+00
5.334664082814823516e+00
5.334664082814823516e+00
5.341788517248205359e+00
5.341788517248205359e+00
5.341788517248205359e+00
5.341788517248205359e+00
5.345363971472032460e+00
5.348948308821071862e+00
5.348948308821071862e+00
5.348948308821071862e+00
5.348948308821071862e+00
5.352541573545079423e+00
5.352541573545079423e+00
5.352541573545079423e+00
5.356143810225275637e+00
5.356143810225275637e+00
5.359755063777654094e+00
5.359755063777654094e+00
5.359755063777654094e+00
5.359755063777654094e+00
5.367004802857041845e+00
5.370643379920390537e+00
5.381614497741393777e+00
5.381614497741393777e+00
5.385290155884791652e+00
5.388975202692647848e+00
5.392669686250389560e+00
5.392669686250389560e+00
5.392669686250389560e+00
5.407542962731919367e+00
5.407542962731919367e+00
5.430144391669052162e+00
5.430144391669052162e+00
5.456968179744762004e+00
5.460841188891969011e+00
5.460841188891969011e+00
5.476438043942986944e+00
5.488247346232620671e+00
5.504144973112828687e+00
7.445411148322362394e+00
7.460841188891969011e+00
7.460841188891969011e+00
7.476438043942986944e+00
7.492205359801303644e+00
7.573735245297902097e+00
7.590609063862298278e+00
7.590609063862298278e+00
7.590609063862298278e+00
7.607682577221239306e+00
7.642447995381916215e+00
7.642447995381916215e+00
7.660149997115375697e+00
7.660149997115375697e+00
7.660149997115375697e+00
7.660149997115375697e+00
7.660149997115375697e+00
7.678071905112637374e+00
7.678071905112637374e+00
7.678071905112637374e+00
7.678071905112637374e+00
7.678071905112637374e+00
7.678071905112637374e+00
7.696219251822896901e+00
7.696219251822896901e+00
7.696219251822896901e+00
7.696219251822896901e+00
7.714597781137751298e+00
7.714597781137751298e+00
7.714597781137751298e+00
7.714597781137751298e+00
7.733213459305098958e+00
7.733213459305098958e+00
7.733213459305098958e+00
7.733213459305098958e+00
7.733213459305098958e+00
7.733213459305098958e+00
7.733213459305098958e+00
7.733213459305098958e+00
7.733213459305098958e+00
7.752072486556414788e+00
7.752072486556414788e+00
7.752072486556414788e+00
7.752072486556414788e+00
7.752072486556414788e+00
7.752072486556414788e+00
7.771181309504119561e+00
7.771181309504119561e+00
7.771181309504119561e+00
7.771181309504119561e+00
7.771181309504119561e+00
7.771181309504119561e+00
7.771181309504119561e+00
7.771181309504119561e+00
7.771181309504119561e+00
7.771181309504119561e+00
7.771181309504119561e+00
7.771181309504119561e+00
7.790546634371049883e+00
7.790546634371049883e+00
7.790546634371049883e+00
7.790546634371049883e+00
7.790546634371049883e+00
7.790546634371049883e+00
7.790546634371049883e+00
7.790546634371049883e+00
7.790546634371049883e+00
7.790546634371049883e+00
7.810175441119982409e+00
7.810175441119982409e+00
7.810175441119982409e+00
7.810175441119982409e+00
7.810175441119982409e+00
7.810175441119982409e+00
7.810175441119982409e+00
7.810175441119982409e+00
7.810175441119982409e+00
7.810175441119982409e+00
7.810175441119982409e+00
7.810175441119982409e+00
7.810175441119982409e+00
7.810175441119982409e+00
7.810175441119982409e+00
7.830074998557687849e+00
7.830074998557687849e+00
7.830074998557687849e+00
7.830074998557687849e+00
7.830074998557687849e+00
7.830074998557687849e+00
7.830074998557687849e+00
7.830074998557687849e+00
7.830074998557687849e+00
7.830074998557687849e+00
7.830074998557687849e+00
7.830074998557687849e+00
7.830074998557687849e+00
7.830074998557687849e+00
7.830074998557687849e+00
7.830074998557687849e+00
7.830074998557687849e+00
7.830074998557687849e+00
7.850252880495317775e+00
7.850252880495317775e+00
7.850252880495317775e+00
7.850252880495317775e+00
7.850252880495317775e+00
7.850252880495317775e+00
7.850252880495317775e+00
7.850252880495317775e+00
7.850252880495317775e+00
7.850252880495317775e+00
7.850252880495317775e+00
7.850252880495317775e+00
7.850252880495317775e+00
7.850252880495317775e+00
7.850252880495317775e+00
7.870716983055033644e+00
7.870716983055033644e+00
7.870716983055033644e+00
7.870716983055033644e+00
7.870716983055033644e+00
7.870716983055033644e+00
7.870716983055033644e+00
7.870716983055033644e+00
7.870716983055033644e+00
7.870716983055033644e+00
7.870716983055033644e+00
7.870716983055033644e+00
7.870716983055033644e+00
7.870716983055033644e+00
7.870716983055033644e+00
7.870716983055033644e+00
7.870716983055033644e+00
7.870716983055033644e+00
7.891475543221830868e+00
7.891475543221830868e+00
7.891475543221830868e+00
7.891475543221830868e+00
7.891475543221830868e+00
7.891475543221830868e+00
7.891475543221830868e+00
7.891475543221830868e+00
7.891475543221830868e+00
7.891475543221830868e+00
7.891475543221830868e+00
7.891475543221830868e+00
7.891475543221830868e+00
7.891475543221830868e+00
7.891475543221830868e+00
7.891475543221830868e+00
7.891475543221830868e+00
7.891475543221830868e+00
7.891475543221830868e+00
7.891475543221830868e+00
7.891475543221830868e+00
7.891475543221830868e+00
7.891475543221830868e+00
7.891475543221830868e+00
7.912537158749660904e+00
7.912537158749660904e+00
7.912537158749660904e+00
7.912537158749660904e+00
7.912537158749660904e+00
7.912537158749660904e+00
7.912537158749660904e+00
7.912537158749660904e+00
7.912537158749660904e+00
7.912537158749660904e+00
7.912537158749660904e+00
7.912537158749660904e+00
7.912537158749660904e+00
7.912537158749660904e+00
7.912537158749660904e+00
7.912537158749660904e+00
7.933910809542227938e+00
7.933910809542227938e+00
7.933910809542227938e+00
7.933910809542227938e+00
7.933910809542227938e+00
7.933910809542227938e+00
7.933910809542227938e+00
7.933910809542227938e+00
7.933910809542227938e+00
7.933910809542227938e+00
7.933910809542227938e+00
7.933910809542227938e+00
7.933910809542227938e+00
7.933910809542227938e+00
7.933910809542227938e+00
7.933910809542227938e+00
7.933910809542227938e+00
7.933910809542227938e+00
7.933910809542227938e+00
7.933910809542227938e+00
7.933910809542227938e+00
7.933910809542227938e+00
7.933910809542227938e+00
7.933910809542227938e+00
7.955605880641546612e+00
7.955605880641546612e+00
7.955605880641546612e+00
7.955605880641546612e+00
7.955605880641546612e+00
7.955605880641546612e+00
7.955605880641546612e+00
7.955605880641546612e+00
7.955605880641546612e+00
7.955605880641546612e+00
7.955605880641546612e+00
7.955605880641546612e+00
7.955605880641546612e+00
7.955605880641546612e+00
7.955605880641546612e+00
7.955605880641546612e+00
7.955605880641546612e+00
7.955605880641546612e+00
7.955605880641546612e+00
7.955605880641546612e+00
7.955605880641546612e+00
7.955605880641546612e+00
7.955605880641546612e+00
7.955605880641546612e+00
7.955605880641546612e+00
7.955605880641546612e+00
7.955605880641546612e+00
7.955605880641546612e+00
7.977632186971545636e+00
7.977632186971545636e+00
7.977632186971545636e+00
7.977632186971545636e+00
7.977632186971545636e+00
7.977632186971545636e+00
7.977632186971545636e+00
7.977632186971545636e+00
7.977632186971545636e+00
7.977632186971545636e+00
7.977632186971545636e+00
7.977632186971545636e+00
7.977632186971545636e+00
7.977632186971545636e+00
7.977632186971545636e+00
7.977632186971545636e+00
7.977632186971545636e+00
7.977632186971545636e+00
7.977632186971545636e+00
7.977632186971545636e+00
7.977632186971545636e+00
8.000000000000000000e+00
8.000000000000000000e+00
8.000000000000000000e+00
8.000000000000000000e+00
8.000000000000000000e+00
8.000000000000000000e+00
8.000000000000000000e+00
8.000000000000000000e+00
8.000000000000000000e+00
8.000000000000000000e+00
8.000000000000000000e+00
8.000000000000000000e+00
8.000000000000000000e+00
8.000000000000000000e+00
8.000000000000000000e+00
8.000000000000000000e+00
8.000000000000000000e+00
8.000000000000000000e+00
8.000000000000000000e+00
8.000000000000000000e+00
8.000000000000000000e+00
8.022720076500084119e+00
8.022720076500084119e+00
8.022720076500084119e+00
8.022720076500084119e+00
8.022720076500084119e+00
8.022720076500084119e+00
8.022720076500084119e+00
8.022720076500084119e+00
8.022720076500084119e+00
8.022720076500084119e+00
8.022720076500084119e+00
8.022720076500084119e+00
8.022720076500084119e+00
8.022720076500084119e+00
8.022720076500084119e+00
8.022720076500084119e+00
8.022720076500084119e+00
8.022720076500084119e+00
8.022720076500084119e+00
8.022720076500084119e+00
8.022720076500084119e+00
8.022720076500084119e+00
8.022720076500084119e+00
8.022720076500084119e+00
8.045803689613125087e+00
8.045803689613125087e+00
8.045803689613125087e+00
8.045803689613125087e+00
8.045803689613125087e+00
8.045803689613125087e+00
8.045803689613125087e+00
8.045803689613125087e+00
8.045803689613125087e+00
8.045803689613125087e+00
8.045803689613125087e+00
8.045803689613125087e+00
8.045803689613125087e+00
8.045803689613125087e+00
8.045803689613125087e+00
8.045803689613125087e+00
8.045803689613125087e+00
8.045803689613125087e+00
8.045803689613125087e+00
8.045803689613125087e+00
8.045803689613125087e+00
8.045803689613125087e+00
8.045803689613125087e+00
8.045803689613125087e+00
8.045803689613125087e+00
8.045803689613125087e+00
8.045803689613125087e+00
8.045803689613125087e+00
8.069262662437113320e+00
8.069262662437113320e+00
8.069262662437113320e+00
8.069262662437113320e+00
8.069262662437113320e+00
8.069262662437113320e+00
8.069262662437113320e+00
8.069262662437113320e+00
8.069262662437113320e+00
8.069262662437113320e+00
8.069262662437113320e+00
8.069262662437113320e+00
8.069262662437113320e+00
8.069262662437113320e+00
8.069262662437113320e+00
8.069262662437113320e+00
8.069262662437113320e+00
8.069262662437113320e+00
8.069262662437113320e+00
8.069262662437113320e+00
8.069262662437113320e+00
8.093109404391482187e+00
8.093109404391482187e+00
8.093109404391482187e+00
8.093109404391482187e+00
8.093109404391482187e+00
8.093109404391482187e+00
8.093109404391482187e+00
8.093109404391482187e+00
8.093109404391482187e+00
8.093109404391482187e+00
8.093109404391482187e+00
8.093109404391482187e+00
8.093109404391482187e+00
8.093109404391482187e+00
8.093109404391482187e+00
8.093109404391482187e+00
8.093109404391482187e+00
8.093109404391482187e+00
8.093109404391482187e+00
8.093109404391482187e+00
8.093109404391482187e+00
8.093109404391482187e+00
8.093109404391482187e+00
8.093109404391482187e+00
8.093109404391482187e+00
8.117356950638159319e+00
8.117356950638159319e+00
8.117356950638159319e+00
8.117356950638159319e+00
8.117356950638159319e+00
8.117356950638159319e+00
8.117356950638159319e+00
8.117356950638159319e+00
8.117356950638159319e+00
8.117356950638159319e+00
8.117356950638159319e+00
8.117356950638159319e+00
8.142019004872427246e+00
8.142019004872427246e+00
8.142019004872427246e+00
8.142019004872427246e+00
8.142019004872427246e+00
8.142019004872427246e+00
8.142019004872427246e+00
8.142019004872427246e+00
8.142019004872427246e+00
8.142019004872427246e+00
8.142019004872427246e+00
8.142019004872427246e+00
8.142019004872427246e+00
8.142019004872427246e+00
8.142019004872427246e+00
8.142019004872427246e+00
8.142019004872427246e+00
8.142019004872427246e+00
8.142019004872427246e+00
8.142019004872427246e+00
8.142019004872427246e+00
8.142019004872427246e+00
8.167109985835258712e+00
8.167109985835258712e+00
8.167109985835258712e+00
8.167109985835258712e+00
8.167109985835258712e+00
8.167109985835258712e+00
8.167109985835258712e+00
8.167109985835258712e+00
8.167109985835258712e+00
8.167109985835258712e+00
8.167109985835258712e+00
8.167109985835258712e+00
8.167109985835258712e+00
8.167109985835258712e+00
8.192645077942396270e+00
8.192645077942396270e+00
8.192645077942396270e+00
8.192645077942396270e+00
8.192645077942396270e+00
8.192645077942396270e+00
8.192645077942396270e+00
8.192645077942396270e+00
8.192645077942396270e+00
8.192645077942396270e+00
8.192645077942396270e+00
8.192645077942396270e+00
8.192645077942396270e+00
8.192645077942396270e+00
8.192645077942396270e+00
8.192645077942396270e+00
8.192645077942396270e+00
8.192645077942396270e+00
8.218640286475340062e+00
8.218640286475340062e+00
8.218640286475340062e+00
8.218640286475340062e+00
8.218640286475340062e+00
8.218640286475340062e+00
8.218640286475340062e+00
8.218640286475340062e+00
8.218640286475340062e+00
8.218640286475340062e+00
8.218640286475340062e+00
8.218640286475340062e+00
8.218640286475340062e+00
8.245112497836531773e+00
8.245112497836531773e+00
8.245112497836531773e+00
8.245112497836531773e+00
8.245112497836531773e+00
8.245112497836531773e+00
8.245112497836531773e+00
8.245112497836531773e+00
8.245112497836531773e+00
8.245112497836531773e+00
8.245112497836531773e+00
8.245112497836531773e+00
8.245112497836531773e+00
8.245112497836531773e+00
8.272079545436801240e+00
8.272079545436801240e+00
8.272079545436801240e+00
8.272079545436801240e+00
8.272079545436801240e+00
8.272079545436801240e+00
8.272079545436801240e+00
8.272079545436801240e+00
8.272079545436801240e+00
8.272079545436801240e+00
8.272079545436801240e+00
8.272079545436801240e+00
8.272079545436801240e+00
8.272079545436801240e+00
8.272079545436801240e+00
8.272079545436801240e+00
8.299560281858907373e+00
8.299560281858907373e+00
8.299560281858907373e+00
8.299560281858907373e+00
8.299560281858907373e+00
8.299560281858907373e+00
8.299560281858907373e+00
8.299560281858907373e+00
8.299560281858907373e+00
8.299560281858907373e+00
8.299560281858907373e+00
8.327574658028504828e+00
8.327574658028504828e+00
8.327574658028504828e+00
8.327574658028504828e+00
8.356143810225274748e+00
8.356143810225274748e+00
8.356143810225274748e+00
8.356143810225274748e+00
8.356143810225274748e+00
8.356143810225274748e+00
8.385290155884792540e+00
8.385290155884792540e+00
8.385290155884792540e+00
8.385290155884792540e+00
8.415037499278843924e+00
8.415037499278843924e+00
8.445411148322362394e+00
8.445411148322362394e+00
8.445411148322362394e+00
8.476438043942987832e+00
8.476438043942987832e+00
8.476438043942987832e+00
8.476438043942987832e+00
8.508146903670326111e+00
8.508146903670326111e+00
8.508146903670326111e+00
8.508146903670326111e+00
8.540568381362703576e+00
8.573735245297902097e+00
8.573735245297902097e+00
8.573735245297902097e+00
8.642447995381916215e+00
8.678071905112638262e+00
