2.749109464276659143e+00
2.775998325801894762e+00
2.799101394961555744e+00
2.806474639498784729e+00
2.810175441119982853e+00
2.815744504594651421e+00
2.818847743134433426e+00
2.822580462010763291e+00
2.823826850892510176e+00
2.827572491354517492e+00
2.829448964683299650e+00
2.831954731775910616e+00
2.833836917353886875e+00
2.833836917353886875e+00
2.837608671243095237e+00
2.840759349588327431e+00
2.842021550054568024e+00
2.848983461107752024e+00
2.848983461107752024e+00
2.850252880495317775e+00
2.853431324259214197e+00
2.854704665066402747e+00
2.856616786010179432e+00
2.861088281857256721e+00
3.017006425305690076e+00
3.029175098637383101e+00
3.036381382556027297e+00
3.037103994662739392e+00
3.039998067931918957e+00
3.047258752813511773e+00
3.050173289240889041e+00
3.050902844270792169e+00
3.050902844270792169e+00
3.061890673780761407e+00
3.063362060997429470e+00
3.064098317732413257e+00
3.064098317732413257e+00
3.064098317732413257e+00
3.064834950396305047e+00
3.064834950396305047e+00
3.064834950396305047e+00
3.066309345047766310e+00
3.067047107805285222e+00
3.067047107805285222e+00
3.068523766113208318e+00
3.068523766113208318e+00
3.070001937390973712e+00
3.070001937390973712e+00
3.071481624742109950e+00
3.072962831279705487e+00
3.075187496394219178e+00
3.076672514580807594e+00
3.077415597286336180e+00
3.080391761396746197e+00
3.081882148968227320e+00
3.082627920523158593e+00
3.082627920523158593e+00
3.082627920523158593e+00
3.082627920523158593e+00
3.083374077788764378e+00
3.083374077788764378e+00
3.085614867844557185e+00
3.086362571950896694e+00
3.086362571950896694e+00
3.087859143704279052e+00
3.090106916229958145e+00
3.090856952660102852e+00
3.090856952660102852e+00
3.091607379226249730e+00
3.091607379226249730e+00
3.091607379226249730e+00
3.092358196334473064e+00
3.092358196334473064e+00
3.093109404391481299e+00
3.093109404391481299e+00
3.093861003804619703e+00
3.093861003804619703e+00
3.096118154263819644e+00
3.096871323187680769e+00
3.096871323187680769e+00
3.096871323187680769e+00
3.097624885513974302e+00
3.097624885513974302e+00
3.097624885513974302e+00
3.098378841653887772e+00
3.099133192019251304e+00
3.099887937022543394e+00
3.101398612596062421e+00
3.102154543994488645e+00
3.102910871687243777e+00
3.103667596090057934e+00
3.103667596090057934e+00
3.103667596090057934e+00
3.103667596090057934e+00
3.104424717619315821e+00
3.105940153725978092e+00
3.105940153725978092e+00
3.106698469139436369e+00
3.106698469139436369e+00
3.107457183351447938e+00
3.108216296781689980e+00
3.108975809850502703e+00
3.112017866941545918e+00
3.112779384531615179e+00
3.114303626660604785e+00
3.115066352050238407e+00
3.115829480891564973e+00
3.115829480891564973e+00
3.116593013611630436e+00
3.116593013611630436e+00
3.117356950638158875e+00
3.117356950638158875e+00
3.117356950638158875e+00
3.118121292399554711e+00
3.121949087271463252e+00
3.121949087271463252e+00
3.121949087271463252e+00
3.123483053435000212e+00
3.123483053435000212e+00
3.125018652346225334e+00
3.125018652346225334e+00
3.127325119729394309e+00
3.128094762340813073e+00
3.130406156759216074e+00
3.130406156759216074e+00
3.131177445225000966e+00
3.134266729148241115e+00
3.135040084857399822e+00
3.137362642441206440e+00
3.138137659940848589e+00
3.138913094004606386e+00
3.139688945080518323e+00
3.142796528491834440e+00
3.143574471374469326e+00
3.144352833972734018e+00
3.150594899052241438e+00
3.152159644369286973e+00
3.153726088650093740e+00
3.348051389276553991e+00
3.357948307072023297e+00
3.363375379456351233e+00
3.379780174492513556e+00
3.380697044584313193e+00
3.383451156221010780e+00
3.384370363031902418e+00
3.386210535527419907e+00
3.387131502708959463e+00
3.387131502708959463e+00
3.389897937000335482e+00
3.389897937000335482e+00
3.393594787302215199e+00
3.393594787302215199e+00
3.394520481938331002e+00
3.394520481938331002e+00
3.395446770920963253e+00
3.396373655013808168e+00
3.398229211592290078e+00
3.405675396075152683e+00
3.405675396075152683e+00
3.408477653429264898e+00
3.410348853485214882e+00
3.411285364417736332e+00
3.412222483671789597e+00
3.413160212038173214e+00
3.414098550309228486e+00
3.414098550309228486e+00
3.415977059742458355e+00
3.416917232497066692e+00
3.420684062419985683e+00
3.423515653203148545e+00
3.424460753165469384e+00
3.425406472662388957e+00
3.426352812506678003e+00
3.430144391669052162e+00
3.432043924584533556e+00
3.433945961828908544e+00
3.436803727783262818e+00
3.441579286731335507e+00
3.447330902485728377e+00
3.452141493941583317e+00
3.454070230914532580e+00
3.456001549865458600e+00
3.458903384650476198e+00
3.458903384650476198e+00
3.459871961417900099e+00
3.462781599461403736e+00
3.468618539483687702e+00
3.477418468745169911e+00
3.477418468745169911e+00
3.482330611866188086e+00
3.485285945861513301e+00
3.496174262004249300e+00
3.504144973112829131e+00
3.577935233827187478e+00
3.608756410572557805e+00
3.616295707525947645e+00
3.617375973425083657e+00
3.621705144088108064e+00
3.623874610723825551e+00
3.624960568653075477e+00
3.626047344629806712e+00
3.630402653721323425e+00
3.631493538492308382e+00
3.632585248753172458e+00
3.635865344991948245e+00
3.636960369743485799e+00
3.642447995381916215e+00
3.643548029778245656e+00
3.644648903575187227e+00
3.644648903575187227e+00
3.644648903575187227e+00
3.649060818453569333e+00
3.651271845768922386e+00
3.653486266834364393e+00
3.653486266834364393e+00
3.654594753282204511e+00
3.655704092084183010e+00
3.656814284552118988e+00
3.662378098007492255e+00
3.663493440189745876e+00
3.664609645306075247e+00
3.669083121885383214e+00
3.670203661779298354e+00
3.671325072672052769e+00
3.674694544910317440e+00
3.674694544910317440e+00
3.674694544910317440e+00
3.674694544910317440e+00
3.676945239658353515e+00
3.678071905112637818e+00
3.681457190297276139e+00
3.682587386235130822e+00
3.684850437743699469e+00
3.684850437743699469e+00
3.685983296098641837e+00
3.687117044715644720e+00
3.690523646158894167e+00
3.691660969860592889e+00
3.692799190859190617e+00
3.695078330418327450e+00
3.695078330418327450e+00
3.697361076212447806e+00
3.698503805017451018e+00
3.700791981612721049e+00
3.703083793120710787e+00
3.704231065579492110e+00
3.706528351161865409e+00
3.712287620450550385e+00
3.714597781137751742e+00
3.715754250170329787e+00
3.715754250170329787e+00
3.722712599869643313e+00
3.725039527859398625e+00
3.726204400785735338e+00
3.728536972095625401e+00
3.739080466337095121e+00
3.739080466337095121e+00
3.744971430181270655e+00
3.748517589379787740e+00
3.750886547286271799e+00
3.752072486556414344e+00
3.754447293744318070e+00
3.763985808099915342e+00
3.765182568882675884e+00
3.768778819288814752e+00
3.769979564294366092e+00
3.771181309504119117e+00
3.775998325801894762e+00
3.778412878735195157e+00
3.778412878735195157e+00
3.779621672304771973e+00
3.779621672304771973e+00
3.783254141804694104e+00
3.784467000254344349e+00
3.784467000254344349e+00
3.785680879199234017e+00
3.788111705453996336e+00
3.791765641660211461e+00
3.791765641660211461e+00
3.792985679822467482e+00
3.792985679822467482e+00
3.792985679822467482e+00
3.792985679822467482e+00
3.792985679822467482e+00
3.794206750602842959e+00
3.794206750602842959e+00
3.795428855750796249e+00
3.795428855750796249e+00
3.796651997020237257e+00
3.797876176169539431e+00
3.797876176169539431e+00
3.797876176169539431e+00
3.799101394961555744e+00
3.800327655163635576e+00
3.804012701971491328e+00
3.805243145577752006e+00
3.808940785468343471e+00
3.810175441119982853e+00
3.811411154292652093e+00
3.813885760458357588e+00
3.815124657091716109e+00
3.816364618526781438e+00
3.817605646595471303e+00
3.817605646595471303e+00
3.817605646595471303e+00
3.817605646595471303e+00
3.818847743134433426e+00
3.821335148993528108e+00
3.822580462010763291e+00
3.822580462010763291e+00
3.823826850892510176e+00
3.825074317499321364e+00
3.826322863696580256e+00
3.827572491354517492e+00
3.830074998557687849e+00
3.831327881867769403e+00
3.832581854168262581e+00
3.832581854168262581e+00
3.832581854168262581e+00
3.833836917353886875e+00
3.835093073324312041e+00
3.835093073324312041e+00
3.836350323984174970e+00
3.836350323984174970e+00
3.838868117015693748e+00
3.840128663221610505e+00
3.841390311785521927e+00
3.841390311785521927e+00
3.845181890947896086e+00
3.845181890947896086e+00
3.846447968291887953e+00
3.846447968291887953e+00
3.846447968291887953e+00
3.848983461107752024e+00
3.848983461107752024e+00
3.848983461107752024e+00
3.851523417821722806e+00
3.851523417821722806e+00
3.851523417821722806e+00
3.852795075057771079e+00
3.852795075057771079e+00
3.852795075057771079e+00
3.854067854179484165e+00
3.854067854179484165e+00
3.855341757168117667e+00
3.857892942697449978e+00
3.859170229226998927e+00
3.860448647601206318e+00
3.861728199827779040e+00
3.863008887919770373e+00
3.864290713895600415e+00
3.866857787599399021e+00
3.866857787599399021e+00
3.870716983055033644e+00
3.870716983055033644e+00
3.872005679023605929e+00
3.872005679023605929e+00
3.872005679023605929e+00
3.872005679023605929e+00
3.874586529516685030e+00
3.875878688170812492e+00
3.878466482659968406e+00
3.878466482659968406e+00
3.879762122658040546e+00
3.884956349838290190e+00
3.890169345721206096e+00
3.901967917039473210e+00
3.903284845511464152e+00
3.912537158749660460e+00
3.917850958646128312e+00
3.932565639243478017e+00
3.940655539175574873e+00
3.951513126007663690e+00
3.958340848362785547e+00
3.966576998462549852e+00
3.972094003430115539e+00
3.973476557480234206e+00
3.977632186971545636e+00
3.994375450806121997e+00
4.000000000000000000e+00
4.004232849122198346e+00
4.009896036142500009e+00
4.018432718096985212e+00
4.028456446049228035e+00
4.037103994662739836e+00
4.042897958437714045e+00
4.048715285033027911e+00
4.058952393659419400e+00
4.067785248031614564e+00
4.067785248031614564e+00
4.070741591363026934e+00
4.292640867919117476e+00
4.308256480828725365e+00
4.324042967058250753e+00
4.324042967058250753e+00
4.331115015733752571e+00
4.336441895782726874e+00
4.341788517248205359e+00
4.350743822482685097e+00
4.350743822482685097e+00
4.352541573545079423e+00
4.354341567591290207e+00
4.357948307072023297e+00
4.357948307072023297e+00
4.359755063777654094e+00
4.361564086009527941e+00
4.361564086009527941e+00
4.367004802857041845e+00
4.368822944296021582e+00
4.370643379920390537e+00
4.374291156935534275e+00
4.376118509986541838e+00
4.377948180543623558e+00
4.377948180543623558e+00
4.379780174492513112e+00
4.383451156221010336e+00
4.383451156221010336e+00
4.383451156221010336e+00
4.385290155884791652e+00
4.385290155884791652e+00
4.385290155884791652e+00
4.385290155884791652e+00
4.388975202692647848e+00
4.388975202692647848e+00
4.390821261858020463e+00
4.392669686250389560e+00
4.394520481938331002e+00
4.396373655013808168e+00
4.398229211592290078e+00
4.398229211592290078e+00
4.398229211592290078e+00
4.400087157812872185e+00
4.401947499838399835e+00
4.401947499838399835e+00
4.403810243855589945e+00
4.403810243855589945e+00
4.403810243855589945e+00
4.405675396075152683e+00
4.407542962731919367e+00
4.409412950084965921e+00
4.411285364417736332e+00
4.415037499278843924e+00
4.415037499278843924e+00
4.415037499278843924e+00
4.415037499278843924e+00
4.416917232497066692e+00
4.418799418075042951e+00
4.420684062419986127e+00
4.424460753165469384e+00
4.426352812506678447e+00
4.428247356496454401e+00
4.432043924584533556e+00
4.432043924584533556e+00
4.433945961828908544e+00
4.433945961828908544e+00
4.435850510014268444e+00
4.435850510014268444e+00
4.437757575778927155e+00
4.437757575778927155e+00
4.439667165787558822e+00
4.441579286731335507e+00
4.441579286731335507e+00
4.441579286731335507e+00
4.445411148322362394e+00
4.445411148322362394e+00
4.447330902485727933e+00
4.449253214616756935e+00
4.456968179744762004e+00
4.456968179744762004e+00
4.458903384650476198e+00
4.458903384650476198e+00
4.460841188891969011e+00
4.460841188891969011e+00
4.460841188891969011e+00
4.476438043942986944e+00
4.476438043942986944e+00
4.480363747156786758e+00
4.484300161715957245e+00
4.488247346232620671e+00
4.490224995673062658e+00
4.492205359801303644e+00
4.494188446080405797e+00
4.496174262004249300e+00
4.508146903670325223e+00
4.508146903670325223e+00
4.510152039560701986e+00
4.522241733556112031e+00
4.534433595190600741e+00
4.538520552713843692e+00
4.552916773790347982e+00
4.891475543221830868e+00
4.933910809542227938e+00
4.933910809542227938e+00
4.942008277240824476e+00
4.966576998462549852e+00
4.974860437721491557e+00
4.985979529685065081e+00
5.017006425305689632e+00
5.017006425305689632e+00
5.034215715337913011e+00
5.075187496394218734e+00
5.078159062925509559e+00
5.148250958583942882e+00
