5.646853174501917039e+00
5.664609645306074803e+00
5.664609645306074803e+00
5.678071905112637374e+00
5.696219251822896901e+00
5.700791981612721493e+00
5.714597781137751298e+00
5.723875594725762461e+00
5.747334567549751583e+00
5.747334567549751583e+00
5.752072486556414788e+00
5.756826016527049283e+00
5.761595260674921448e+00
5.761595260674921448e+00
5.761595260674921448e+00
5.766380323240298367e+00
5.771181309504119561e+00
5.771181309504119561e+00
5.771181309504119561e+00
5.775998325801895206e+00
5.780831479537838824e+00
5.780831479537838824e+00
5.785680879199234461e+00
5.785680879199234461e+00
5.785680879199234461e+00
5.790546634371049883e+00
5.810175441119982409e+00
5.810175441119982409e+00
5.810175441119982409e+00
5.810175441119982409e+00
5.815124657091716109e+00
5.815124657091716109e+00
5.820090909985065508e+00
5.830074998557687849e+00
5.830074998557687849e+00
5.830074998557687849e+00
5.835093073324312485e+00
5.845181890947896086e+00
5.845181890947896086e+00
5.845181890947896086e+00
5.845181890947896086e+00
5.850252880495317775e+00
5.865573679779074290e+00
5.870716983055033644e+00
5.881058927276492376e+00
5.886257833950812035e+00
5.886257833950812035e+00
5.886257833950812035e+00
5.912537158749660904e+00
5.923184402949169147e+00
5.933910809542227938e+00
5.933910809542227938e+00
5.939304068312446283e+00
5.939304068312446283e+00
5.939304068312446283e+00
5.944717564498810169e+00
5.950151450549438614e+00
5.966576998462549852e+00
5.972094003430115094e+00
5.977632186971545636e+00
6.011315313227834523e+00
6.034215715337913011e+00
6.057485494660760139e+00
6.063362060997429026e+00
6.129635280416595222e+00
6.179821037584812160e+00
6.179821037584812160e+00
6.199100100079695252e+00
6.212097440608568277e+00
6.218640286475340062e+00
6.225212940398826333e+00
6.231815675223074003e+00
6.231815675223074003e+00
6.265290379774161700e+00
6.265290379774161700e+00
6.278900811292814410e+00
6.278900811292814410e+00
6.278900811292814410e+00
6.278900811292814410e+00
6.285754482333877569e+00
6.285754482333877569e+00
6.292640867919117476e+00
6.292640867919117476e+00
6.292640867919117476e+00
6.299560281858908262e+00
6.313499472816781477e+00
6.320519900494553589e+00
6.320519900494553589e+00
6.320519900494553589e+00
6.320519900494553589e+00
6.320519900494553589e+00
6.320519900494553589e+00
6.327574658028504828e+00
6.327574658028504828e+00
6.334664082814823516e+00
6.334664082814823516e+00
6.341788517248205359e+00
6.341788517248205359e+00
6.341788517248205359e+00
6.341788517248205359e+00
6.341788517248205359e+00
6.341788517248205359e+00
6.341788517248205359e+00
6.341788517248205359e+00
6.348948308821071862e+00
6.348948308821071862e+00
6.356143810225275637e+00
6.363375379456351233e+00
6.363375379456351233e+00
6.370643379920390537e+00
6.370643379920390537e+00
6.370643379920390537e+00
6.370643379920390537e+00
6.370643379920390537e+00
6.370643379920390537e+00
6.377948180543623558e+00
6.377948180543623558e+00
6.377948180543623558e+00
6.377948180543623558e+00
6.377948180543623558e+00
6.377948180543623558e+00
6.385290155884791652e+00
6.385290155884791652e+00
6.385290155884791652e+00
6.385290155884791652e+00
6.392669686250389560e+00
6.392669686250389560e+00
6.392669686250389560e+00
6.400087157812872185e+00
6.400087157812872185e+00
6.400087157812872185e+00
6.400087157812872185e+00
6.407542962731919367e+00
6.407542962731919367e+00
6.407542962731919367e+00
6.407542962731919367e+00
6.415037499278843924e+00
6.415037499278843924e+00
6.415037499278843924e+00
6.415037499278843924e+00
6.415037499278843924e+00
6.415037499278843924e+00
6.422571171964251313e+00
6.422571171964251313e+00
6.422571171964251313e+00
6.422571171964251313e+00
6.430144391669052162e+00
6.430144391669052162e+00
6.437757575778927155e+00
6.437757575778927155e+00
6.437757575778927155e+00
6.445411148322362394e+00
6.445411148322362394e+00
6.460841188891969011e+00
6.460841188891969011e+00
6.460841188891969011e+00
6.460841188891969011e+00
6.460841188891969011e+00
6.460841188891969011e+00
6.468618539483688146e+00
6.468618539483688146e+00
6.468618539483688146e+00
6.468618539483688146e+00
6.476438043942986944e+00
6.476438043942986944e+00
6.476438043942986944e+00
6.484300161715957245e+00
6.500154112916794347e+00
6.500154112916794347e+00
6.500154112916794347e+00
6.508146903670325223e+00
6.508146903670325223e+00
6.508146903670325223e+00
6.508146903670325223e+00
6.516184222735743603e+00
6.516184222735743603e+00
6.516184222735743603e+00
6.516184222735743603e+00
6.532394449917002355e+00
6.532394449917002355e+00
6.532394449917002355e+00
6.548788888167671018e+00
6.548788888167671018e+00
6.557056504151272058e+00
6.557056504151272058e+00
6.582147485114101748e+00
6.590609063862298278e+00
6.590609063862298278e+00
6.599120563717815635e+00
6.624960568653075477e+00
6.642447995381916215e+00
6.678071905112637374e+00
6.696219251822896901e+00
7.129635280416595222e+00
7.167109985835258712e+00
7.192645077942396270e+00
7.231815675223074003e+00
7.245112497836531773e+00
7.245112497836531773e+00
7.258533013598853501e+00
7.258533013598853501e+00
7.272079545436801240e+00
7.285754482333877569e+00
7.313499472816781477e+00
7.313499472816781477e+00
7.327574658028504828e+00
7.327574658028504828e+00
7.341788517248205359e+00
7.356143810225275637e+00
7.356143810225275637e+00
7.356143810225275637e+00
7.356143810225275637e+00
7.356143810225275637e+00
7.370643379920390537e+00
7.370643379920390537e+00
7.385290155884791652e+00
7.400087157812872185e+00
7.400087157812872185e+00
7.400087157812872185e+00
7.400087157812872185e+00
7.415037499278843924e+00
7.415037499278843924e+00
7.415037499278843924e+00
7.430144391669052162e+00
7.430144391669052162e+00
7.430144391669052162e+00
7.430144391669052162e+00
7.430144391669052162e+00
7.430144391669052162e+00
7.445411148322362394e+00
7.445411148322362394e+00
7.460841188891969011e+00
7.460841188891969011e+00
7.460841188891969011e+00
7.460841188891969011e+00
7.460841188891969011e+00
7.476438043942986944e+00
7.476438043942986944e+00
7.476438043942986944e+00
7.476438043942986944e+00
7.492205359801303644e+00
7.492205359801303644e+00
7.492205359801303644e+00
7.524266569033602359e+00
7.540568381362702688e+00
7.540568381362702688e+00
7.557056504151272058e+00
7.557056504151272058e+00
7.624960568653075477e+00
7.624960568653075477e+00
7.642447995381916215e+00
7.642447995381916215e+00
7.642447995381916215e+00
7.678071905112637374e+00
7.752072486556414788e+00
