22.5081
20.1735
19.7857
19.1266
21.8503
19.4454
21.3276
19.1113
23.6781
22.2721
21.0811
21.415
20.2585
19.1358
23.0458
18.0575
18.6557
18.555
19.6871
20.2121
20.5991
20.1235
17.5416
22.4764
18.6446
19.7521
20.1358
20.9666
21.2585
17.04
19.6293
20.5571
16.9895
17.6579
19.8656
17.9888
19.6646
20.2056
18.6624
23.2996
20.1671
19.6601
19.1959
20.6163
19.1926
22.9125
20.7239
21.3135
21.3418
18.597
23.142
21.0227
19.8301
18.7332
17.626
22.3561
22.2186
19.7054
21.5571
21.2996
20.1235
18.7616
17.07
23.0931
19.6337
21.3853
20.7808
20.2056
22.8301
18.5758
20.9339
23.9125
21.7332
21.2721
20.3561
19.6337
20.5488
21.4764
21.142
19.2653
21.5081
21.6781
20.6513
18.6403
18.7568
19.6163
18.5927
19.6646
20.5081
18.5243
19.6381
19.0961
18.0357
18.71
22.3853
19.8052
19.0056
19.8052
19.7808
18.7784
20.8503
18.6939
20.5991
20.1608
20.1545
20.7239
22.7146
19.8553
20.1798
19.1143
19.0871
19.0901
17.5622
17.4892
18.1529
20.0056
19.8604
24.0931
19.9502
20.6601
22.1926
19.5122
17.6315
19.1052
21.1296
20.5243
20.2121
20.5906
20.4764
20.902
21.5906
22.2721
20.6424
19.0371
21.3706
21.0575
22.6424
20.0458
20.5654
19.0342
20.625
19.5612
21.3853
20.5243
21.4764
20.1991
19.6424
19.5283
17.555
20.3135
18.5122
21.4922
21.142
20.8401
18.7497
19.6469
20.2721
22.2996
22.8301
22.4454
23.3561
21.1926
18.1327
17.6435
18.612
19.9611
18.6962
22.7905
19.776
18.4667
18.5991
18.9099
20.2585
19.6381
21.7332
20.4378
22.6781
22.6781
18.6098
18.5779
20.7426
17.5885
24.1926
19.2121
17.5222
20.4531
17.5112
23.0458
20.0575
19.6293
21.6077
22.7146
21.5737
18.1113
22.0227
22.6077
22.6424
18.1862
21.3135
19.5949
21.4608
18.3276
21.6781
19.1389
18.059
20.625
18.0856
20.8102
19.2619
21.415
19.776
20.8102
21.2585
19.5612
20.8201
20.8301
18.6962
20.5081
20.6781
19.6871
19.3489
17.389
18.5002
19.5821
20.5737
18.7239
22.3276
21.4608
22.5737
21.3418
21.2996
18.3908
19.1735
22.3561
19.0516
18.0782
20.5906
20.8401
20.1798
22.6077
23.0458
18.6359
18.986
19.1766
19.31
18.0386
23.9125
19.1174
18.6469
21.4764
20.8301
20.9339
22.1174
20.6424
18.2219
17.6424
20.3927
19.8811
18.0156
20.8503
22.4454
19.9776
21.3418
20.5991
22.2721
22.1174
19.1735
20.6962
21.1671
18.5612
22.415
21.415
21.3418
19.8052
18.6781
21.4764
22.2996
19.7332
18.6055
19.6293
19.5821
19.8811
20.9666
21.7521
18.1174
21.4608
18.8226
20.3779
20.8811
18.5885
20.7616
21.2996
21.6781
17.6469
20.8003
17.938
21.0931
19.8351
21.3706
19.6513
19.5864
20.0056
21.8503
18.5467
21
22.2451
20.7239
20.0811
21.0575
19.0056
21.3561
20.6962
20.8915
18.0901
20.8707
18.5906
22.6077
20.7616
19.8707
23.6077
18.6469
19.8301
20.7332
22.3853
19.902
21.0458
19.902
20.3853
23.0931
18.6337
22.5406
19.0142
20.6962
21.2858
21.1052
20.1608
20.3779
18.7712
20.3065
17.5447
20.3634
18.5529
20.7808
20.2384
20.3634
21.2858
18.1204
18.6491
23.2996
20.1608
21.4608
23
20.7521
23.0931
18.8226
21.9125
22.1926
20.4608
19.7239
19.0901
21.6601
20.1358
21.6962
20.0931
17.5314
22.415
19.7857
21.2721
19.0313
21.0458
22.1926
18.0693
22.5081
21.5243
20.1296
22.7521
19.0634
18.5591
18.5283
20.0113
21.1052
23.0458
20.1358
19.6736
19.7332
22.4454
20.2858
18.0127
21.3276
20.1174
20.5488
20.6077
21.1926
18.7008
20.5243
20.2789
21.8102
24.415
19.7285
18.6359
17.0071
19.8915
20.3418
20.3205
22.2186
19.0429
18.5821
19.2121
20.9125
21.4454
17.5664
19.4493
21.2996
20.0991
17.0285
22.6424
19.5991
20.8102
21
20.7332
17.5021
20.4922
22.8301
21.7521
21.4764
19.7712
18.5633
20.7712
20.7146
19.5202
17.5716
20.2653
19.0113
24.8301
17.9888
19.6646
22.5081
19.1862
18.0127
22.5737
22.3561
20.3634
19.0782
20.0113
19.7192
21.3135
20.7616
21.3853
19.7473
19.0313
22.0458
19.9888
18.7239
21.3135
20.7146
22.7146
19.0429
19.9393
21.415
19.6557
21.3135
21.6077
20.5737
22.3276
20.0752
21.2585
20.8707
19.8201
19.2219
20.1296
23.415
19.776
21.1926
21.3561
20.4378
20.1358
18.8028
22.2186
18.58
21.4001
21.1174
17.5821
23.6077
24
19.8102
20.3205
18.612
19.5695
18.0886
19.2518
20.142
19.7905
21.9556
21.5243
18.4942
22.2996
21.415
18.0976
18.5571
22.7521
20.4843
20.8201
20.2585
17.9502
21.9339
19.9447
20.7905
18.4902
22.9125
21.5906
24.0931
19.8151
19.142
19.9072
22.9556
19.8553
20.4454
23.2451
21.4001
19.6736
19.2518
18.6691
18.8503
21.6781
21.5571
20.4075
19.8052
20.3561
19.1296
23.9125
22.2996
19.1022
21.3418
20.2384
21.6424
21.2585
18.2926
18.0242
19.5991
17.6601
21.415
21.625
18.5304
17.993
23.1926
21.9125
22.7521
20.0693
23.1926
20.6781
21.1926
18.4188
22.7521
18.612
21.2996
19.9776
21.2186
19.1514
22.0458
20.1113
19.2585
20.7521
22.6781
22.6077
19.4764
20.8301
20.8707
19.5447
19.5365
20.3135
22.1671
20.2384
22.3276
21.1798
21.6424
18.0648
20.5821
19.8863
22.5737
22.9125
21.1798
22.8301
19.1451
22.4454
19.0342
21.5906
20.902
21.4922
20.7054
19.1022
20.0752
19.9179
19.8656
22.0693
20.04
19.7192
21.3135
20.902
21.415
20.142
20.1545
19.0458
20.8915
23.3561
20.3853
20.902
17.056
23.5406
17.0414
18.056
21.0342
17.9393
18.5488
20.8201
20.5324
20.902
17.4833
18.6013
21.6424
22.6781
22.142
19.367
19.3382
21.3853
19.2186
19.1926
22.9125
16.9673
22.1671
19.0634
19.6826
20.0575
22.8301
21.8102
23
21.3276
18.4589
21.3706
20.7905
19.0901
19.1798
23.5406
19.7857
22.1174
18.9447
23.142
21.6077
20.1608
21.3276
22.3276
22.0931
20.5488
18.017
21.3853
19.1022
21.4001
18.9072
19.0313
21.3135
20.625
18.5283
22.6424
18.8028
17.5051
20.2252
18.8604
18.5122
21.6781
20.1926
23.6077
21.625
20.0458
22.4764
18.6228
20.7616
19.1082
18.7979
19.303
21.2318
22.7905
17.4863
22.0227
20.8003
18.6917
19.1703
20.3489
18.6163
23.415
19.0841
19.5821
21.2318
18.5906
23.3561
20.6962
21.4301
20.7616
19.1639
18.7808
18.5633
20.2121
19.9339
20.6962
20.7054
18.1296
19.9339
18.0256
21.1671
20.2653
18.8656
18.6691
19.8503
19.1735
20.0634
20.0516
19.183
20.8604
18.7616
19.1174
19.2789
22.3276
19.2892
23.2451
21.3561
22.7521
17.942
22.2996
20.6077
22.2996
22.7146
21.4001
24.1926
18.5488
19.1862
19.0722
22.3561
18.6469
19.0901
19.1113
20.6871
21.7521
22.6077
19.6826
20.8604
22.8301
20.7146
17.625
18.8276
18.4512
19.1862
22.5406
19.1113
21.2318
19.1483
19.9832
20.3418
22.9556
17.5716
20.8811
20.5324
21.7332
21.2451
19.8811
21.5406
20.7521
21.2996
20.0458
21.2585
19.902
20.4454
19.3205
20.4843
18.5406
21.9776
21.415
20.8707
21.8102
18.5529
20.7054
19.5162
22.8301
18.9393
19.7712
19.0142
18.6513
23.5406
19.6781
18.6424
22.0931
21.3561
18.6141
20.2451
20.7239
20.6781
21.7712
18.8477
20.7054
19.3276
20.5406
19.142
20.7332
19.7473
19.1483
19.2619
19.7054
21.4001
19.3276
20.6691
20.3418
21.8707
19.6557
21.1545
20.04
20.2996
19.4922
19.5949
18.2451
23.0458
18.4902
18.6803
22.5737
21.2996
20.1862
20.4531
24
22.5081
18.0156
20.0752
20.8301
17.9285
18.4784
17.0092
20.1174
22.2186
21.6601
17.5243
19.4922
20.2518
19.6206
19.0871
18.5821
22.6077
22.9125
19.2653
18.5675
19.0871
19.8863
18.4863
17.6917
19.7712
21.0342
18.2318
21.6424
18.5716
21.7146
18.0502
23.1926
18.6055
21.4301
18.5991
20.0871
20.1608
20.2653
20.0991
18.1037
20.6781
20.9232
19.317
21.2721
18.7688
19.8251
21.0342
20.2653
19.7905
21.2585
20.2996
21.3135
19.5002
20.9447
21.8503
20.1113
18.4982
19.6381
20.0285
20.2318
22.2996
19.2485
22.415
21.3561
19.6513
20.7146
19.7192
21.9776
20.1174
20.5243
17.9693
21.415
20.0752
19.183
18.2892
20.9888
20.1358
18.7426
19.7379
17.9407
20.2451
20.5821
20.3853
20.6601
20.7521
21.5737
21.2451
19.7426
20.7332
18.5571
19.2056
18.8052
24.0931
21.3561
20.7808
21.8707
21.0113
20.9232
22.4454
23
19.9285
20.6601
19.7857
19.2056
21.5406
18.0213
22.2996
21.142
22.2996
21.2858
18.5864
22.6424
18.6736
21.8915
19.9944
24
18.6337
19.7008
20.3347
21.5081
20.5002
23.2996
18.8028
19.04
19.1327
20.0227
19.8656
18.0313
17.455
20.7054
19.8811
18.5633
21.3135
22.1671
18.5591
19.1926
21.0227
20.3135
20.1113
20.7426
19.8503
19.1052
20.7712
22.1671
18.2269
19.8052
22.2996
21.9556
21.3706
20.7426
20.9888
18.0502
20.0342
20.3135
19.1266
17.6077
21.0931
19.7239
20.7616
20.2789
20.1926
18.5406
19.0961
19.1022
18.5885
20.0342
18.0619
22.6077
18.8028
18.4301
22.4764
18.6713
20.8201
21.7905
21.2996
19.7379
20.2653
21.4764
21.2858
18.6691
19.1022
21.5081
23.4764
18.6446
21.9776
19.6826
20.6871
21.5243
19.0841
20.7616
17.4992
20.7521
20.415
18.7881
21.5571
21.3706
18.0604
21.3561
18.5906
19.0371
21.5737
19.1235
20.8503
18.0841
19.0871
22.1926
19.9944
21.2721
20.6601
20.625
22.5406
20.0342
23
17.5633
19.4301
22.3276
20.6962
20.3418
20.7239
21.9125
19.9125
25
18.6424
21.3561
19.1862
21.8102
21.4301
19.8553
18.6098
18.0458
18.0085
19.8102
18.5991
19.9776
20.7616
19.776
21.415
18.0357
18.6337
17.9776
20.8301
19.8553
22.6077
24.1926
19.5695
20.4378
21.2056
18.5222
18.5467
19.6601
22.415
23.0931
18.9099
21.1926
22.5737
23.1926
20.0871
19.8707
19.8151
21.2186
19.2219
19.8604
22.142
21.5243
18.625
21.5406
19.8863
19.1545
21.3276
19.1235
19.0931
20.7616
18.5385
19.5571
22.2186
16.9895
20.4843
21.2056
20.3634
18.4608
21.4764
20.7332
18.6446
21.3853
18.2219
20.5571
19.0991
21.6077
21.1798
24.415
17.6185
19.2384
18.6163
22.1671
19.8553
21.7146
22.9125
19.5654
19.8811
20.2585
18.7239
18.9804
18.9556
18.5927
19.1296
19.9666
19.6206
17.659
20.8915
21
19.5821
20.6513
19.1545
22.9125
20.2653
18.5591
18.8427
21.625
18.5737
22.6781
21.7712
21.415
20.3347
20.4075
20.5821
19.5779
21.8301
19.5779
21.0342
20.5324
19.7616
22.415
19.6513
21.2451
19.7808
20.1545
18.793
20.9232
20.9776
23.8301
22.6424
19.1703
19.7285
21.1545
20.2056
19.7239
19.6691
20.5906
23.142
23.142
23.2451
19.0342
18.5758
17.0626
18.5906
21.2721
20.6163
20.1991
20.8811
18.6077
21.0811
20.9666
21.5737
20.6163
19.0604
22.415
19.2687
20.9232
18.6535
22.1926
16.968
19.8201
21.3706
21.3418
20.2121
19.3065
19.04
20.4378
23.9125
19.8967
21.7332
19.8102
17.0328
21.0113
19.8863
20.0227
19.2789
19.1926
20.2518
21.3561
20.5991
19.6601
21.1545
22.5737
21.1052
19.5571
19.0085
20.6781
17.4863
20.4075
18.555
21.5243
19.6962
17.6996
20.8102
18.0502
19.303
21.7521
18.5716
20.4764
19.6381
22.5737
22.2721
19.1052
21.5406
21.3135
20.8102
18.04
21.3853
24.415
23.415
21.5406
18.6491
21.5081
21.5081
17.5927
17.4794
20.1483
19.1514
21.5406
18.5365
20.9125
19.5612
19.0142
20.04
19.7664
20.0634
20.0516
19.1703
21.5906
19.71
18.5142
19.5122
19.9832
20.6871
19.1266
19.0871
18.457
19.0871
20.2789
22.1671
19.2755
20.7712
21.2585
22.7905
18.5344
23
21.2721
19.8553
19.9721
18.5843
22.5737
19.6424
20.7712
21.2318
21.4001
20.2585
21.5906
18.902
20.0991
20.2318
23
20.3779
19.6736
20.7905
20.6601
19.776
20.3205
24.1926
19.0782
20.9232
17.6546
20.0516
18.612
17.579
18.5406
19.1862
20.2056
18.8126
19.5283
20.3706
19.7808
20.0811
19.2552
21.0113
21.3561
22.9556
19.0604
19.6381
19.7239
19.6381
20.1235
24.5406
18.5675
21.5406
21.3418
22.6077
19.612
19.2252
20.902
18.5864
21.7712
23
19.2219
20.7332
19.7146
19.9832
20.1991
20.1862
18.5021
21.4922
20.8604
21.625
20.7521
18.2252
18.5081
19.0516
21.6781
18.6513
21.2996
18.8915
20.6424
19.6691
18.4882
22.8707
19.71
20.1798
22.6424
19.2996
21.7146
19.6293
17.5324
22.3561
19.7954
18.1655
18.5243
22.6424
17.668
19.5779
20.8301
20.902
20.7808
19.8351
20.1671
20.7239
21.5571
19.7568
20.0342
18.6293
23.8301
20.5821
19.8503
17.4647
21.3853
18.0886
23.2451
18.0961
20.0342
19.9721
22.8707
20.4454
23.7521
20.4764
21.3135
18.7592
18.4863
19.8401
19.8052
19.5612
18.6055
18.0752
19.3454
19.1113
19.612
19.0782
18.2996
19.3311
19.1082
20.4531
23.6781
23.6077
18.4301
19.2088
22.3276
18.5864
22.8301
21.9556
19.7857
21.2318
18.5122
21.3706
18.8707
22.5081
21.1296
20.415
19.142
20.0056
18.5509
19.1052
17.556
20.6077
19.7426
18.9205
18.6077
19.8759
22.2721
25
22.3561
21.6962
20.8707
19.6337
21.3418
22.1174
19.1052
20.9447
20.415
21.4608
21.5906
18.1174
22.6424
20.6337
16.9707
20.2721
20.7332
22.6424
22.8707
18.8102
18.7736
18.4608
20.0056
20.6962
21.5243
20.6077
23.6077
22.8301
21.7521
20.5571
22.4764
22.9125
20.8811
19.6424
18.5821
20.8707
19.0961
19.3311
20.5737
21.2451
21.625
20.415
22.2996
20.8503
20.0991
22.4764
19.6826
20.6513
18.6985
20.5243
20.7054
19.1022
19.8102
19.1671
20.0575
19.8401
18.0242
19.6601
23.142
21.5906
21.5571
21.9556
19.9556
18.0184
21.2858
22.4764
21.0227
17.4378
21.1296
18.5426
16.9735
18.6803
19.2121
16.9832
20.9447
18.8837
18.6713
18.6758