17.6077
20.3853
20.2721
22.0931
21.9125
17.2121
21.9125
21.8301
21.7521
20.6781
20.0458
18.6337
22.8301
18.5906
22.8301
20.7521
18.1174
20.3853
18.5081
21.5406
20.0227
22.415
21.0931
21.8301
18.7521
18.5821
23.415
20.6077
22.2996
18.7808
22
20.415
20.0458
21.2451
19.5737
20.5081
19.6781
18.9447
20.2721
21.0458
20.4764
24.415
21.8301
20.9556
19.6962
20.2186
19.0811
21.6077
18.7521
17.5571
19.1296
20.3561
21
22.415
18.017
19.5737
22.6781
18.2653
21.8301
21.6781
21.2996
19.9339
18.8003
19.1052
22.2996
19.1052
18.5488
19.9556
21.6781
21.142
21.8301
22.6781
21.7521
19.8707
20.8707
20.0931
21.5406
18.4454
19.142
20.7521
24.415
21.6781
19.8707
20.5737
20.3853
21.1926
22.1926
21.5406
17.9125
20.3276
20.9125
22.5406
19.1174
17.6337
18.7616
26
22.1926
19.5571
20.0227
19.9125
20.5406
22.1926
18.5002
21.2996
21.6077
23.1926
24.415
19.8707
19.4764
23.415
21.3561
20.4764
21.8301
20.0693
20.0693
21.6077
20.4454
21.6781
18.5991
20.415
22.1926
20.415
19.7712
22.415
22.2996
22.6781
20.0227
19.3853
17.5906
20.2451
20.7521
18.6781
18.7054
17.5488
21.8301
16.9474
21.142
19.142
20.2451
22.2996
23.1926
21.142
19.2451
19.2186
20.2721
21.415
20.9125
19.8707
18.6163
22.415
25
19.8915
19.8102
23.6781
21.6781
20.2721
20
18.0931
20.9125
21.7521
20.2721
21.0458
20.9125
18.625
23.415
20.1174
20.5737
19.1174
21.8301
20.0458
20.2721
23
20.1926
19.6962
22.6781
23
19.7712
19.0931
18.2318
18.6871
18.1052
21
18.4608
20.9556
22.5406
22.415
20.0458
19.5906
21.7521
22.5406
22.5406
21.1926
18.6424
18.902
18.4301
20.1926
20.8301
22
20.3853
21.2996
20.2996
20.8707
19.7521
18.9232
18.0693
22.5406
19.0227
18.0634
21.8301
17.5243
23.415
26
19.2186
19.6424
21
19.1926
18.7712
20.9556
19.4301
20.1671
20.6077
20.0693
21.0931
19.6781
19.6424
22.2996
21.0458
17.9447
20
19.6781
19.0811
22.8301
19.8707
19.2318
22.5406
21.9125
19.3853
23.415
21.142
19.3706
21.0931
18.6337
20.415
19.7905
20.9125
21.0931
21.7521
22.0931
21.4764
17.4531
19.5406
21
18.8811
21.7521
23
19.8301
18.4378
24.415
20.1174
18.9888
19.0342
21.4764
20.2996
18.1174
19.9339
18.9888
18.7054
20.0458
21
20.6077
21.9125
18.5243
20.6077
20.2996
19.2056
21.2996
21.415
18.5906
19.9125
21.2451
20.0458
20.2451
18.4686
18.9125
19.9339
19.0458
19.7146
20.1174
21.2451
18.6871
20.7146
20.7905
20.8301
20.2186
20.6781
20.2186
18.8707
18.1608
20.4454
19.7905
17.5571
19.9776
18.8604
21.0458
20.8707
19
19.6781
22.8301
18.3853
19.3853
20.7905
22.6781
21.7521
20.9125
18.9339
20.3276
20.1671
17.0028
21.6077
19.6962
20.9556
21.6077
20.2451
19.7712
19.8301
18.7146
22.8301
22.6781
22.5406
20.8301
20.9556
19.6781
19.3561
20.4454
22.8301
19.2186
23.6781
19.2318
17.5324
20.142
21.8301
21.142
19.1545
20.6781
18.2121
17.5202
22.415
18.902
20.9125
17.0961
18.8201
20.1174
19.7905
21.2996
19.5571
19.9339
21.2451
19.1926
22.2996
21.8301
21.415
20.9125
21.2451
22.8301
21.415
19.7521
22.5406
22.6781
22.1926
21.2451
22.0931
19.1052
18.6781
20.0227
22.2996
18.0811
18.7054
19.6601
20.2721
20.2721
20.6077
20.5406
20.4764
17.6163
18.4764