5.723875594725762461e+00
5.771181309504119561e+00
5.771181309504119561e+00
5.785680879199234461e+00
5.790546634371049883e+00
5.790546634371049883e+00
5.790546634371049883e+00
5.795428855750796693e+00
5.805243145577752450e+00
5.805243145577752450e+00
5.805243145577752450e+00
5.810175441119982409e+00
5.815124657091716109e+00
5.815124657091716109e+00
5.820090909985065508e+00
5.820090909985065508e+00
5.820090909985065508e+00
5.820090909985065508e+00
5.820090909985065508e+00
5.825074317499320919e+00
5.825074317499320919e+00
5.830074998557687849e+00
5.830074998557687849e+00
5.830074998557687849e+00
5.835093073324312485e+00
5.835093073324312485e+00
5.835093073324312485e+00
5.835093073324312485e+00
5.840128663221610950e+00
5.840128663221610950e+00
5.840128663221610950e+00
5.845181890947896086e+00
5.845181890947896086e+00
5.845181890947896086e+00
5.845181890947896086e+00
5.850252880495317775e+00
5.850252880495317775e+00
5.850252880495317775e+00
5.855341757168117667e+00
5.855341757168117667e+00
5.855341757168117667e+00
5.855341757168117667e+00
5.855341757168117667e+00
5.860448647601206318e+00
5.860448647601206318e+00
5.860448647601206318e+00
5.860448647601206318e+00
5.860448647601206318e+00
5.865573679779074290e+00
5.865573679779074290e+00
5.865573679779074290e+00
5.865573679779074290e+00
5.865573679779074290e+00
5.865573679779074290e+00
5.865573679779074290e+00
5.865573679779074290e+00
5.865573679779074290e+00
5.865573679779074290e+00
5.870716983055033644e+00
5.870716983055033644e+00
5.870716983055033644e+00
5.870716983055033644e+00
5.870716983055033644e+00
5.870716983055033644e+00
5.875878688170812048e+00
5.875878688170812048e+00
5.875878688170812048e+00
5.875878688170812048e+00
5.875878688170812048e+00
5.875878688170812048e+00
5.875878688170812048e+00
5.875878688170812048e+00
5.881058927276492376e+00
5.881058927276492376e+00
5.881058927276492376e+00
5.881058927276492376e+00
5.881058927276492376e+00
5.881058927276492376e+00
5.881058927276492376e+00
5.881058927276492376e+00
5.881058927276492376e+00
5.881058927276492376e+00
5.886257833950812035e+00
5.886257833950812035e+00
5.886257833950812035e+00
5.886257833950812035e+00
5.886257833950812035e+00
5.886257833950812035e+00
5.886257833950812035e+00
5.886257833950812035e+00
5.886257833950812035e+00
5.886257833950812035e+00
5.891475543221830868e+00
5.891475543221830868e+00
5.891475543221830868e+00
5.891475543221830868e+00
5.891475543221830868e+00
5.891475543221830868e+00
5.891475543221830868e+00
5.891475543221830868e+00
5.891475543221830868e+00
5.891475543221830868e+00
5.891475543221830868e+00
5.891475543221830868e+00
5.891475543221830868e+00
5.891475543221830868e+00
5.896712191587978324e+00
5.896712191587978324e+00
5.896712191587978324e+00
5.896712191587978324e+00
5.896712191587978324e+00
5.901967917039473654e+00
5.901967917039473654e+00
5.901967917039473654e+00
5.901967917039473654e+00
5.901967917039473654e+00
5.901967917039473654e+00
5.901967917039473654e+00
5.901967917039473654e+00
5.901967917039473654e+00
5.901967917039473654e+00
5.901967917039473654e+00
5.901967917039473654e+00
5.901967917039473654e+00
5.901967917039473654e+00
5.901967917039473654e+00
5.901967917039473654e+00
5.901967917039473654e+00
5.907242859080147568e+00
5.907242859080147568e+00
5.907242859080147568e+00
5.907242859080147568e+00
5.907242859080147568e+00
5.907242859080147568e+00
5.907242859080147568e+00
5.907242859080147568e+00
5.907242859080147568e+00
5.907242859080147568e+00
5.907242859080147568e+00
5.912537158749660904e+00
5.912537158749660904e+00
5.912537158749660904e+00
5.912537158749660904e+00
5.912537158749660904e+00
5.912537158749660904e+00
5.912537158749660904e+00
5.912537158749660904e+00
5.912537158749660904e+00
5.912537158749660904e+00
5.912537158749660904e+00
5.912537158749660904e+00
5.912537158749660904e+00
5.917850958646128312e+00
5.917850958646128312e+00
5.917850958646128312e+00
5.917850958646128312e+00
5.917850958646128312e+00
5.917850958646128312e+00
5.917850958646128312e+00
5.917850958646128312e+00
5.917850958646128312e+00
5.917850958646128312e+00
5.917850958646128312e+00
5.917850958646128312e+00
5.917850958646128312e+00
5.917850958646128312e+00
5.917850958646128312e+00
5.917850958646128312e+00
5.917850958646128312e+00
5.917850958646128312e+00
5.917850958646128312e+00
5.917850958646128312e+00
5.917850958646128312e+00
5.923184402949169147e+00
5.923184402949169147e+00
5.923184402949169147e+00
5.923184402949169147e+00
5.923184402949169147e+00
5.923184402949169147e+00
5.923184402949169147e+00
5.923184402949169147e+00
5.923184402949169147e+00
5.923184402949169147e+00
5.923184402949169147e+00
5.923184402949169147e+00
5.923184402949169147e+00
5.923184402949169147e+00
5.923184402949169147e+00
5.923184402949169147e+00
5.923184402949169147e+00
5.928537637443375807e+00
5.928537637443375807e+00
5.928537637443375807e+00
5.928537637443375807e+00
5.928537637443375807e+00
5.928537637443375807e+00
5.928537637443375807e+00
5.928537637443375807e+00
5.928537637443375807e+00
5.928537637443375807e+00
5.928537637443375807e+00
5.928537637443375807e+00
5.928537637443375807e+00
5.928537637443375807e+00
5.928537637443375807e+00
5.928537637443375807e+00
5.928537637443375807e+00
5.928537637443375807e+00
5.928537637443375807e+00
5.928537637443375807e+00
5.928537637443375807e+00
5.928537637443375807e+00
5.928537637443375807e+00
5.928537637443375807e+00
5.928537637443375807e+00
5.933910809542227938e+00
5.933910809542227938e+00
5.933910809542227938e+00
5.933910809542227938e+00
5.933910809542227938e+00
5.933910809542227938e+00
5.933910809542227938e+00
5.933910809542227938e+00
5.933910809542227938e+00
5.933910809542227938e+00
5.933910809542227938e+00
5.933910809542227938e+00
5.933910809542227938e+00
5.933910809542227938e+00
5.933910809542227938e+00
5.933910809542227938e+00
5.933910809542227938e+00
5.933910809542227938e+00
5.933910809542227938e+00
5.933910809542227938e+00
5.933910809542227938e+00
5.933910809542227938e+00
5.933910809542227938e+00
5.933910809542227938e+00
5.933910809542227938e+00
5.933910809542227938e+00
5.933910809542227938e+00
5.939304068312446283e+00
5.939304068312446283e+00
5.939304068312446283e+00
5.939304068312446283e+00
5.939304068312446283e+00
5.939304068312446283e+00
5.939304068312446283e+00
5.939304068312446283e+00
5.939304068312446283e+00
5.939304068312446283e+00
5.939304068312446283e+00
5.939304068312446283e+00
5.939304068312446283e+00
5.939304068312446283e+00
5.939304068312446283e+00
5.939304068312446283e+00
5.939304068312446283e+00
5.939304068312446283e+00
5.939304068312446283e+00
5.939304068312446283e+00
5.944717564498810169e+00
5.944717564498810169e+00
5.944717564498810169e+00
5.944717564498810169e+00
5.944717564498810169e+00
5.944717564498810169e+00
5.944717564498810169e+00
5.944717564498810169e+00
5.944717564498810169e+00
5.944717564498810169e+00
5.944717564498810169e+00
5.944717564498810169e+00
5.944717564498810169e+00
5.944717564498810169e+00
5.944717564498810169e+00
5.944717564498810169e+00
5.944717564498810169e+00
5.944717564498810169e+00
5.950151450549438614e+00
5.950151450549438614e+00
5.950151450549438614e+00
5.950151450549438614e+00
5.950151450549438614e+00
5.950151450549438614e+00
5.950151450549438614e+00
5.950151450549438614e+00
5.950151450549438614e+00
5.950151450549438614e+00
5.950151450549438614e+00
5.950151450549438614e+00
5.950151450549438614e+00
5.950151450549438614e+00
5.950151450549438614e+00
5.950151450549438614e+00
5.950151450549438614e+00
5.950151450549438614e+00
5.950151450549438614e+00
5.950151450549438614e+00
5.950151450549438614e+00
5.950151450549438614e+00
5.950151450549438614e+00
5.950151450549438614e+00
5.950151450549438614e+00
5.950151450549438614e+00
5.955605880641546612e+00
5.955605880641546612e+00
5.955605880641546612e+00
5.955605880641546612e+00
5.955605880641546612e+00
5.955605880641546612e+00
5.955605880641546612e+00
5.955605880641546612e+00
5.955605880641546612e+00
5.955605880641546612e+00
5.955605880641546612e+00
5.955605880641546612e+00
5.955605880641546612e+00
5.955605880641546612e+00
5.955605880641546612e+00
5.955605880641546612e+00
5.961081010707697914e+00
5.961081010707697914e+00
5.961081010707697914e+00
5.961081010707697914e+00
5.961081010707697914e+00
5.961081010707697914e+00
5.961081010707697914e+00
5.961081010707697914e+00
5.961081010707697914e+00
5.961081010707697914e+00
5.961081010707697914e+00
5.961081010707697914e+00
5.961081010707697914e+00
5.961081010707697914e+00
5.961081010707697914e+00
5.961081010707697914e+00
5.961081010707697914e+00
5.961081010707697914e+00
5.961081010707697914e+00
5.961081010707697914e+00
5.966576998462549852e+00
5.966576998462549852e+00
5.966576998462549852e+00
5.966576998462549852e+00
5.966576998462549852e+00
5.966576998462549852e+00
5.966576998462549852e+00
5.966576998462549852e+00
5.966576998462549852e+00
5.966576998462549852e+00
5.966576998462549852e+00
5.966576998462549852e+00
5.966576998462549852e+00
5.966576998462549852e+00
5.966576998462549852e+00
5.966576998462549852e+00
5.966576998462549852e+00
5.966576998462549852e+00
5.966576998462549852e+00
5.966576998462549852e+00
5.966576998462549852e+00
5.966576998462549852e+00
5.966576998462549852e+00
5.966576998462549852e+00
5.966576998462549852e+00
5.966576998462549852e+00
5.972094003430115094e+00
5.972094003430115094e+00
5.972094003430115094e+00
5.972094003430115094e+00
5.972094003430115094e+00
5.972094003430115094e+00
5.972094003430115094e+00
5.972094003430115094e+00
5.972094003430115094e+00
5.972094003430115094e+00
5.972094003430115094e+00
5.972094003430115094e+00
5.972094003430115094e+00
5.972094003430115094e+00
5.972094003430115094e+00
5.972094003430115094e+00
5.972094003430115094e+00
5.972094003430115094e+00
5.972094003430115094e+00
5.977632186971545636e+00
5.977632186971545636e+00
5.977632186971545636e+00
5.977632186971545636e+00
5.977632186971545636e+00
5.977632186971545636e+00
5.977632186971545636e+00
5.977632186971545636e+00
5.977632186971545636e+00
5.977632186971545636e+00
5.977632186971545636e+00
5.977632186971545636e+00
5.977632186971545636e+00
5.977632186971545636e+00
5.977632186971545636e+00
5.977632186971545636e+00
5.977632186971545636e+00
5.977632186971545636e+00
5.977632186971545636e+00
5.977632186971545636e+00
5.977632186971545636e+00
5.977632186971545636e+00
5.977632186971545636e+00
5.977632186971545636e+00
5.977632186971545636e+00
5.977632186971545636e+00
5.977632186971545636e+00
5.977632186971545636e+00
5.983191712313446153e+00
5.983191712313446153e+00
5.983191712313446153e+00
5.983191712313446153e+00
5.983191712313446153e+00
5.983191712313446153e+00
5.983191712313446153e+00
5.983191712313446153e+00
5.983191712313446153e+00
5.983191712313446153e+00
5.983191712313446153e+00
5.983191712313446153e+00
5.983191712313446153e+00
5.983191712313446153e+00
5.983191712313446153e+00
5.983191712313446153e+00
5.983191712313446153e+00
5.983191712313446153e+00
5.983191712313446153e+00
5.983191712313446153e+00
5.983191712313446153e+00
5.988772744576746021e+00
5.988772744576746021e+00
5.988772744576746021e+00
5.988772744576746021e+00
5.988772744576746021e+00
5.988772744576746021e+00
5.988772744576746021e+00
5.988772744576746021e+00
5.988772744576746021e+00
5.988772744576746021e+00
5.988772744576746021e+00
5.988772744576746021e+00
5.988772744576746021e+00
5.988772744576746021e+00
5.988772744576746021e+00
5.988772744576746021e+00
5.988772744576746021e+00
5.988772744576746021e+00
5.988772744576746021e+00
5.988772744576746021e+00
5.988772744576746021e+00
5.988772744576746021e+00
5.988772744576746021e+00
5.988772744576746021e+00
5.988772744576746021e+00
5.988772744576746021e+00
5.988772744576746021e+00
5.988772744576746021e+00
5.988772744576746021e+00
5.988772744576746021e+00
5.988772744576746021e+00
5.988772744576746021e+00
5.994375450806121997e+00
5.994375450806121997e+00
5.994375450806121997e+00
5.994375450806121997e+00
5.994375450806121997e+00
5.994375450806121997e+00
5.994375450806121997e+00
5.994375450806121997e+00
5.994375450806121997e+00
5.994375450806121997e+00
5.994375450806121997e+00
5.994375450806121997e+00
5.994375450806121997e+00
5.994375450806121997e+00
5.994375450806121997e+00
5.994375450806121997e+00
5.994375450806121997e+00
5.994375450806121997e+00
5.994375450806121997e+00
5.994375450806121997e+00
5.994375450806121997e+00
5.994375450806121997e+00
5.994375450806121997e+00
5.994375450806121997e+00
5.994375450806121997e+00
6.000000000000000000e+00
6.000000000000000000e+00
6.000000000000000000e+00
6.000000000000000000e+00
6.000000000000000000e+00
6.000000000000000000e+00
6.000000000000000000e+00
6.000000000000000000e+00
6.000000000000000000e+00
6.000000000000000000e+00
6.000000000000000000e+00
6.000000000000000000e+00
6.000000000000000000e+00
6.000000000000000000e+00
6.000000000000000000e+00
6.000000000000000000e+00
6.000000000000000000e+00
6.000000000000000000e+00
6.000000000000000000e+00
6.000000000000000000e+00
6.000000000000000000e+00
6.000000000000000000e+00
6.000000000000000000e+00
6.000000000000000000e+00
6.000000000000000000e+00
6.000000000000000000e+00
6.000000000000000000e+00
6.000000000000000000e+00
6.000000000000000000e+00
6.000000000000000000e+00
6.000000000000000000e+00
6.000000000000000000e+00
6.000000000000000000e+00
6.005646563141142202e+00
6.005646563141142202e+00
6.005646563141142202e+00
6.005646563141142202e+00
6.005646563141142202e+00
6.005646563141142202e+00
6.005646563141142202e+00
6.005646563141142202e+00
6.005646563141142202e+00
6.005646563141142202e+00
6.005646563141142202e+00
6.005646563141142202e+00
6.005646563141142202e+00
6.005646563141142202e+00
6.005646563141142202e+00
6.005646563141142202e+00
6.005646563141142202e+00
6.005646563141142202e+00
6.005646563141142202e+00
6.005646563141142202e+00
6.005646563141142202e+00
6.005646563141142202e+00
6.005646563141142202e+00
6.011315313227834523e+00
6.011315313227834523e+00
6.011315313227834523e+00
6.011315313227834523e+00
6.011315313227834523e+00
6.011315313227834523e+00
6.011315313227834523e+00
6.011315313227834523e+00
6.011315313227834523e+00
6.011315313227834523e+00
6.011315313227834523e+00
6.011315313227834523e+00
6.011315313227834523e+00
6.011315313227834523e+00
6.011315313227834523e+00
6.011315313227834523e+00
6.011315313227834523e+00
6.011315313227834523e+00
6.011315313227834523e+00
6.011315313227834523e+00
6.011315313227834523e+00
6.011315313227834523e+00
6.011315313227834523e+00
6.017006425305689632e+00
6.017006425305689632e+00
6.017006425305689632e+00
6.017006425305689632e+00
6.017006425305689632e+00
6.017006425305689632e+00
6.017006425305689632e+00
6.017006425305689632e+00
6.017006425305689632e+00
6.017006425305689632e+00
6.017006425305689632e+00
6.017006425305689632e+00
6.017006425305689632e+00
6.017006425305689632e+00
6.017006425305689632e+00
6.017006425305689632e+00
6.017006425305689632e+00
6.017006425305689632e+00
6.017006425305689632e+00
6.017006425305689632e+00
6.017006425305689632e+00
6.017006425305689632e+00
6.017006425305689632e+00
6.017006425305689632e+00
6.017006425305689632e+00
6.017006425305689632e+00
6.017006425305689632e+00
6.017006425305689632e+00
6.017006425305689632e+00
6.022720076500083231e+00
6.022720076500083231e+00
6.022720076500083231e+00
6.022720076500083231e+00
6.022720076500083231e+00
6.022720076500083231e+00
6.022720076500083231e+00
6.022720076500083231e+00
6.022720076500083231e+00
6.022720076500083231e+00
6.022720076500083231e+00
6.022720076500083231e+00
6.022720076500083231e+00
6.022720076500083231e+00
6.022720076500083231e+00
6.022720076500083231e+00
6.022720076500083231e+00
6.022720076500083231e+00
6.022720076500083231e+00
6.022720076500083231e+00
6.022720076500083231e+00
6.022720076500083231e+00
6.022720076500083231e+00
6.022720076500083231e+00
6.022720076500083231e+00
6.022720076500083231e+00
6.022720076500083231e+00
6.022720076500083231e+00
6.028456446049228035e+00
6.028456446049228035e+00
6.028456446049228035e+00
6.028456446049228035e+00
6.028456446049228035e+00
6.028456446049228035e+00
6.028456446049228035e+00
6.028456446049228035e+00
6.028456446049228035e+00
6.028456446049228035e+00
6.028456446049228035e+00
6.028456446049228035e+00
6.028456446049228035e+00
6.028456446049228035e+00
6.028456446049228035e+00
6.028456446049228035e+00
6.034215715337913011e+00
6.034215715337913011e+00
6.034215715337913011e+00
6.034215715337913011e+00
6.034215715337913011e+00
6.034215715337913011e+00
6.034215715337913011e+00
6.034215715337913011e+00
6.034215715337913011e+00
6.034215715337913011e+00
6.034215715337913011e+00
6.034215715337913011e+00
6.034215715337913011e+00
6.034215715337913011e+00
6.034215715337913011e+00
6.034215715337913011e+00
6.034215715337913011e+00
6.034215715337913011e+00
6.034215715337913011e+00
6.034215715337913011e+00
6.034215715337913011e+00
6.034215715337913011e+00
6.034215715337913011e+00
6.034215715337913011e+00
6.034215715337913011e+00
6.034215715337913011e+00
6.034215715337913011e+00
6.034215715337913011e+00
6.034215715337913011e+00
6.034215715337913011e+00
6.034215715337913011e+00
6.039998067931919401e+00
6.039998067931919401e+00
6.039998067931919401e+00
6.039998067931919401e+00
6.039998067931919401e+00
6.039998067931919401e+00
6.039998067931919401e+00
6.039998067931919401e+00
6.039998067931919401e+00
6.039998067931919401e+00
6.039998067931919401e+00
6.039998067931919401e+00
6.039998067931919401e+00
6.039998067931919401e+00
6.039998067931919401e+00
6.039998067931919401e+00
6.039998067931919401e+00
6.039998067931919401e+00
6.039998067931919401e+00
6.039998067931919401e+00
6.039998067931919401e+00
6.039998067931919401e+00
6.039998067931919401e+00
6.045803689613125087e+00
6.045803689613125087e+00
6.045803689613125087e+00
6.045803689613125087e+00
6.045803689613125087e+00
6.045803689613125087e+00
6.045803689613125087e+00
6.045803689613125087e+00
6.045803689613125087e+00
6.045803689613125087e+00
6.045803689613125087e+00
6.045803689613125087e+00
6.045803689613125087e+00
6.045803689613125087e+00
6.045803689613125087e+00
6.045803689613125087e+00
6.045803689613125087e+00
6.045803689613125087e+00
6.045803689613125087e+00
6.045803689613125087e+00
6.045803689613125087e+00
6.045803689613125087e+00
6.045803689613125087e+00
6.045803689613125087e+00
6.045803689613125087e+00
6.045803689613125087e+00
6.051632768415322161e+00
6.051632768415322161e+00
6.051632768415322161e+00
6.051632768415322161e+00
6.051632768415322161e+00
6.051632768415322161e+00
6.051632768415322161e+00
6.051632768415322161e+00
6.051632768415322161e+00
6.051632768415322161e+00
6.051632768415322161e+00
6.051632768415322161e+00
6.051632768415322161e+00
6.051632768415322161e+00
6.051632768415322161e+00
6.051632768415322161e+00
6.051632768415322161e+00
6.051632768415322161e+00
6.051632768415322161e+00
6.051632768415322161e+00
6.051632768415322161e+00
6.051632768415322161e+00
6.051632768415322161e+00
6.051632768415322161e+00
6.051632768415322161e+00
6.057485494660760139e+00
6.057485494660760139e+00
6.057485494660760139e+00
6.057485494660760139e+00
6.057485494660760139e+00
6.057485494660760139e+00
6.057485494660760139e+00
6.057485494660760139e+00
6.057485494660760139e+00
6.057485494660760139e+00
6.057485494660760139e+00
6.057485494660760139e+00
6.057485494660760139e+00
6.063362060997429026e+00
6.063362060997429026e+00
6.063362060997429026e+00
6.063362060997429026e+00
6.063362060997429026e+00
6.063362060997429026e+00
6.063362060997429026e+00
6.063362060997429026e+00
6.063362060997429026e+00
6.063362060997429026e+00
6.063362060997429026e+00
6.063362060997429026e+00
6.063362060997429026e+00
6.063362060997429026e+00
6.063362060997429026e+00
6.069262662437113320e+00
6.069262662437113320e+00
6.069262662437113320e+00
6.069262662437113320e+00
6.069262662437113320e+00
6.069262662437113320e+00
6.069262662437113320e+00
6.069262662437113320e+00
6.069262662437113320e+00
6.069262662437113320e+00
6.069262662437113320e+00
6.069262662437113320e+00
6.069262662437113320e+00
6.069262662437113320e+00
6.075187496394218734e+00
6.075187496394218734e+00
6.075187496394218734e+00
6.075187496394218734e+00
6.075187496394218734e+00
6.075187496394218734e+00
6.075187496394218734e+00
6.075187496394218734e+00
6.075187496394218734e+00
6.075187496394218734e+00
6.075187496394218734e+00
6.075187496394218734e+00
6.075187496394218734e+00
6.075187496394218734e+00
6.081136762725405376e+00
6.081136762725405376e+00
6.081136762725405376e+00
6.081136762725405376e+00
6.081136762725405376e+00
6.081136762725405376e+00
6.081136762725405376e+00
6.081136762725405376e+00
6.081136762725405376e+00
6.081136762725405376e+00
6.081136762725405376e+00
6.081136762725405376e+00
6.081136762725405376e+00
6.081136762725405376e+00
6.081136762725405376e+00
6.081136762725405376e+00
6.081136762725405376e+00
6.081136762725405376e+00
6.081136762725405376e+00
6.081136762725405376e+00
6.087110663770038066e+00
6.087110663770038066e+00
6.087110663770038066e+00
6.087110663770038066e+00
6.087110663770038066e+00
6.087110663770038066e+00
6.087110663770038066e+00
6.087110663770038066e+00
6.087110663770038066e+00
6.087110663770038066e+00
6.087110663770038066e+00
6.087110663770038066e+00
6.093109404391481299e+00
6.093109404391481299e+00
6.093109404391481299e+00
6.093109404391481299e+00
6.093109404391481299e+00
6.093109404391481299e+00
6.093109404391481299e+00
6.093109404391481299e+00
6.093109404391481299e+00
6.093109404391481299e+00
6.093109404391481299e+00
6.093109404391481299e+00
6.093109404391481299e+00
6.093109404391481299e+00
6.093109404391481299e+00
6.099133192019251304e+00
6.099133192019251304e+00
6.099133192019251304e+00
6.099133192019251304e+00
6.099133192019251304e+00
6.099133192019251304e+00
6.099133192019251304e+00
6.099133192019251304e+00
6.099133192019251304e+00
6.099133192019251304e+00
6.099133192019251304e+00
6.099133192019251304e+00
6.099133192019251304e+00
6.099133192019251304e+00
6.099133192019251304e+00
6.099133192019251304e+00
6.099133192019251304e+00
6.105182236692056286e+00
6.105182236692056286e+00
6.105182236692056286e+00
6.105182236692056286e+00
6.105182236692056286e+00
6.105182236692056286e+00
6.105182236692056286e+00
6.105182236692056286e+00
6.105182236692056286e+00
6.105182236692056286e+00
6.105182236692056286e+00
6.105182236692056286e+00
6.111256751101740825e+00
6.111256751101740825e+00
6.111256751101740825e+00
6.111256751101740825e+00
6.111256751101740825e+00
6.111256751101740825e+00
6.111256751101740825e+00
6.111256751101740825e+00
6.111256751101740825e+00
6.111256751101740825e+00
6.111256751101740825e+00
6.111256751101740825e+00
6.111256751101740825e+00
6.111256751101740825e+00
6.111256751101740825e+00
6.111256751101740825e+00
6.111256751101740825e+00
6.117356950638158430e+00
6.117356950638158430e+00
6.117356950638158430e+00
6.117356950638158430e+00
6.117356950638158430e+00
6.117356950638158430e+00
6.117356950638158430e+00
6.117356950638158430e+00
6.117356950638158430e+00
6.117356950638158430e+00
6.117356950638158430e+00
6.117356950638158430e+00
6.117356950638158430e+00
6.117356950638158430e+00
6.117356950638158430e+00
6.117356950638158430e+00
6.117356950638158430e+00
6.117356950638158430e+00
6.123483053435000656e+00
6.123483053435000656e+00
6.123483053435000656e+00
6.123483053435000656e+00
6.123483053435000656e+00
6.123483053435000656e+00
6.123483053435000656e+00
6.123483053435000656e+00
6.123483053435000656e+00
6.123483053435000656e+00
6.123483053435000656e+00
6.123483053435000656e+00
6.123483053435000656e+00
6.123483053435000656e+00
6.123483053435000656e+00
6.123483053435000656e+00
6.129635280416595222e+00
6.129635280416595222e+00
6.129635280416595222e+00
6.129635280416595222e+00
6.129635280416595222e+00
6.129635280416595222e+00
6.129635280416595222e+00
6.129635280416595222e+00
6.135813855345720214e+00
6.135813855345720214e+00
6.135813855345720214e+00
6.135813855345720214e+00
6.135813855345720214e+00
6.135813855345720214e+00
6.135813855345720214e+00
6.135813855345720214e+00
6.142019004872428134e+00
6.142019004872428134e+00
6.142019004872428134e+00
6.142019004872428134e+00
6.142019004872428134e+00
6.142019004872428134e+00
6.142019004872428134e+00
6.142019004872428134e+00
6.142019004872428134e+00
6.148250958583942882e+00
6.148250958583942882e+00
6.148250958583942882e+00
6.148250958583942882e+00
6.148250958583942882e+00
6.148250958583942882e+00
6.148250958583942882e+00
6.148250958583942882e+00
6.154509949055625206e+00
6.154509949055625206e+00
6.154509949055625206e+00
6.154509949055625206e+00
6.154509949055625206e+00
6.154509949055625206e+00
6.154509949055625206e+00
6.160796211903056374e+00
6.160796211903056374e+00
6.160796211903056374e+00
6.160796211903056374e+00
6.160796211903056374e+00
6.160796211903056374e+00
6.160796211903056374e+00
6.160796211903056374e+00
6.167109985835258712e+00
6.167109985835258712e+00
6.167109985835258712e+00
6.167109985835258712e+00
6.167109985835258712e+00
6.167109985835258712e+00
6.167109985835258712e+00
6.167109985835258712e+00
6.173451512709084987e+00
6.173451512709084987e+00
6.173451512709084987e+00
6.173451512709084987e+00
6.173451512709084987e+00
6.173451512709084987e+00
6.179821037584812160e+00
6.179821037584812160e+00
6.179821037584812160e+00
6.186218808782962597e+00
6.186218808782962597e+00
6.192645077942396270e+00
6.192645077942396270e+00
6.192645077942396270e+00
6.199100100079695252e+00
6.199100100079695252e+00
6.199100100079695252e+00
6.199100100079695252e+00
6.199100100079695252e+00
6.205584133649893808e+00
6.205584133649893808e+00
6.212097440608568277e+00
6.218640286475340062e+00
6.218640286475340062e+00
6.218640286475340062e+00
6.218640286475340062e+00
6.225212940398826333e+00
6.225212940398826333e+00
6.238448767555520469e+00
6.245112497836531773e+00
6.258533013598853501e+00
6.265290379774161700e+00
6.278900811292814410e+00
6.313499472816781477e+00
6.334664082814823516e+00
