9.745143431916110099e-01
9.750335161262209116e-01
9.758992197470900409e-01
9.784994518253685714e-01
9.786729673756275893e-01
9.802355471502615103e-01
9.821476680940384174e-01
9.831917123134461534e-01
9.847591966673184816e-01
9.849334667697093870e-01
9.851077579255708150e-01
9.852820701399904735e-01
9.859795296850654145e-01
9.866773265745524268e-01
9.872008958203238871e-01
9.875500475744213302e-01
9.877246551438796374e-01
9.880739336931922967e-01
9.882486046832826831e-01
9.884232968238229056e-01
9.894718941135153267e-01
9.896467344507454689e-01
9.898215959794595120e-01
9.899964787047950132e-01
9.901713826318916389e-01
9.903463077658906100e-01
9.910462204738034186e-01
9.913963042029877437e-01
9.917464729039516813e-01
9.919215891317432199e-01
9.924470653862828007e-01
9.926222666787306581e-01
9.927974892502571258e-01
9.931479982512253502e-01
9.933232846910119429e-01
9.938492718296896289e-01
9.943754508061218855e-01
9.952528424532394169e-01
9.956039485734655692e-01
9.957795336818049403e-01
9.959551401625632572e-01
9.966577799138873761e-01
9.968334933348328430e-01
9.971849843929460055e-01
9.971849843929460055e-01
9.971849843929460055e-01
9.973607620405455787e-01
9.973607620405455787e-01
9.975365611074649141e-01
9.978882235201480544e-01
9.980640868763588358e-01
9.987677547556369495e-01
9.987677547556369495e-01
9.989437253652212467e-01
9.991197174411807769e-01
9.996478225196989698e-01
1.000000000000000000e+00
1.000176120984274108e+00
1.000704612976589303e+00
1.000880820004703242e+00
1.000880820004703242e+00
1.000880820004703242e+00
1.001762178111953672e+00
1.001938514363580612e+00
1.002291251539149330e+00
1.002467652473634230e+00
1.002644074979618605e+00
1.002820519062378679e+00
1.002820519062378679e+00
1.002996984727192675e+00
1.003349980824106424e+00
1.003349980824106424e+00
1.003526511266772614e+00
1.003879636966954259e+00
1.003879636966954259e+00
1.004056232235047696e+00
1.004232849122198568e+00
1.004409487633700415e+00
1.004409487633700415e+00
1.005116258029165266e+00
1.005116258029165266e+00
1.005293004741899532e+00
1.006177063254083848e+00
1.007061663834186271e+00
1.007238649056868995e+00
1.007415655994197801e+00
1.007415655994197801e+00
1.007592684651501758e+00
1.007769735034111935e+00
1.007769735034111935e+00
1.007946807147361401e+00
1.007946807147361401e+00
1.007946807147361401e+00
1.008301016587120014e+00
1.008478153924304621e+00
1.009009696469177486e+00
1.009364166996977730e+00
1.009541434926289449e+00
1.009718724639678600e+00
1.009718724639678600e+00
1.009896036142500009e+00
1.010073369440109836e+00
1.010073369440109836e+00
1.010782920685638020e+00
1.010782920685638020e+00
1.010960363037609833e+00
1.011847902309458425e+00
1.012203070957458317e+00
1.013269101824353369e+00
1.013269101824353369e+00
1.013624620564666179e+00
1.013802412793727070e+00
1.014691702744149104e+00
1.015937630313563433e+00
1.016471928834906002e+00
1.017184634810071708e+00
1.017897693043240404e+00
1.018432718096985434e+00
1.019503363816540720e+00
1.019860422360842955e+00
1.020753455531350440e+00
1.023077932148920510e+00
1.023972959810165451e+00
1.024510243054245873e+00
1.036562001653714260e+00
1.374291156935534719e+00
1.383221445999859966e+00
1.384370363031902418e+00
1.385980385564278716e+00
1.386901205790777247e+00
1.387592206861330002e+00
1.387592206861330002e+00
1.388053058180019228e+00
1.389436496074959670e+00
1.389436496074959670e+00
1.390359525563188203e+00
1.390590375238196952e+00
1.390821261858020685e+00
1.390821261858020685e+00
1.391514143504680279e+00
1.392207358080789881e+00
1.393132162625847936e+00
1.393363456420473989e+00
1.393594787302215199e+00
1.393826155282967605e+00
1.393826155282967605e+00
1.393826155282967605e+00
1.394289002589115700e+00
1.395678436122727684e+00
1.395910138530820355e+00
1.396141878157194371e+00
1.396373655013808168e+00
1.396605469112625952e+00
1.396837320465618149e+00
1.396837320465618149e+00
1.396837320465618149e+00
1.397301134982035009e+00
1.397301134982035009e+00
1.397765098658935834e+00
1.397765098658935834e+00
1.397765098658935834e+00
1.397997136462554524e+00
1.398925661058332048e+00
1.398925661058332048e+00
1.399390147553293717e+00
1.399854783641331979e+00
1.400087157812872407e+00
1.400319569418834398e+00
1.400552018471280968e+00
1.400552018471280968e+00
1.400784504982281131e+00
1.400784504982281131e+00
1.401017028963909228e+00
1.401714825853396240e+00
1.401947499838400057e+00
1.401947499838400057e+00
1.402180211354493000e+00
1.402180211354493000e+00
1.402180211354493000e+00
1.402412960413784271e+00
1.402412960413784271e+00
1.402412960413784271e+00
1.402645747028389955e+00
1.402878571210431469e+00
1.403344332325336952e+00
1.403577269282473283e+00
1.403577269282473283e+00
1.403810243855589723e+00
1.403810243855589723e+00
1.403810243855589723e+00
1.404043256056837441e+00
1.404276305898373156e+00
1.404276305898373156e+00
1.404509393392359140e+00
1.404509393392359140e+00
1.404742518550964325e+00
1.404975681386362973e+00
1.404975681386362973e+00
1.405208881910735563e+00
1.405208881910735563e+00
1.405208881910735563e+00
1.405208881910735563e+00
1.405208881910735563e+00
1.405442120136267903e+00
1.405675396075152683e+00
1.406142061141776756e+00
1.406142061141776756e+00
1.406142061141776756e+00
1.406375450293929852e+00
1.406608877208263220e+00
1.406842341896997972e+00
1.406842341896997972e+00
1.406842341896997972e+00
1.406842341896997972e+00
1.407075844372362328e+00
1.407075844372362328e+00
1.407542962731919589e+00
1.407542962731919589e+00
1.407542962731919589e+00
1.407776578640597798e+00
1.408010232384875327e+00
1.408010232384875327e+00
1.408010232384875327e+00
1.408243923977009926e+00
1.408477653429265120e+00
1.408477653429265120e+00
1.408711420753909982e+00
1.408711420753909982e+00
1.408711420753909982e+00
1.409646869021982329e+00
1.410348853485214660e+00
1.410348853485214660e+00
1.410582924231390312e+00
1.410582924231390312e+00
1.410582924231390312e+00
1.410582924231390312e+00
1.410817032960648643e+00
1.411051179685318901e+00
1.411051179685318901e+00
1.411519587170241730e+00
1.411519587170241730e+00
1.411519587170241730e+00
1.411753847955182772e+00
1.411753847955182772e+00
1.411988146784912246e+00
1.411988146784912246e+00
1.411988146784912246e+00
1.411988146784912246e+00
1.412222483671789819e+00
1.412456858628180267e+00
1.412691271666455251e+00
1.412925722798991757e+00
1.412925722798991757e+00
1.412925722798991757e+00
1.413394739396389710e+00
1.413394739396389710e+00
1.413394739396389710e+00
1.413394739396389710e+00
1.413629304886035332e+00
1.413629304886035332e+00
1.413629304886035332e+00
1.413863908519512602e+00
1.413863908519512602e+00
1.413863908519512602e+00
1.413863908519512602e+00
1.414098550309228708e+00
1.414098550309228708e+00
1.414098550309228708e+00
1.414098550309228708e+00
1.414333230267597274e+00
1.414567948407037701e+00
1.414802704739976047e+00
1.414802704739976047e+00
1.414802704739976047e+00
1.415037499278843924e+00
1.415037499278843924e+00
1.415037499278843924e+00
1.415272332036078939e+00
1.415272332036078939e+00
1.415507203024125360e+00
1.415742112255433227e+00
1.415742112255433227e+00
1.415742112255433227e+00
1.415977059742458355e+00
1.415977059742458355e+00
1.416212045497662775e+00
1.416212045497662775e+00
1.416212045497662775e+00
1.416212045497662775e+00
1.416447069533515180e+00
1.416917232497066692e+00
1.416917232497066692e+00
1.416917232497066692e+00
1.417152371449732717e+00
1.417152371449732717e+00
1.417152371449732717e+00
1.417622764359308896e+00
1.417622764359308896e+00
1.418093310691232567e+00
1.418328641421856107e+00
1.418564010545616538e+00
1.418799418075042951e+00
1.418799418075042951e+00
1.418799418075042951e+00
1.419034864022671094e+00
1.419034864022671094e+00
1.419034864022671094e+00
1.419034864022671094e+00
1.419034864022671094e+00
1.419505871222704663e+00
1.420212670473008476e+00
1.420448347193436156e+00
1.420919816165242766e+00
1.420919816165242766e+00
1.420919816165242766e+00
1.421391439262247314e+00
1.421391439262247314e+00
1.421627308639195286e+00
1.422335148235154278e+00
1.422335148235154278e+00
1.422335148235154278e+00
1.422807234312955860e+00
1.423043335293908029e+00
1.423515653203148545e+00
1.423515653203148545e+00
1.423751870156748645e+00
1.423988125793220094e+00
1.423988125793220094e+00
1.423988125793220094e+00
1.423988125793220094e+00
1.424697124926609160e+00
1.424697124926609160e+00
1.424697124926609160e+00
1.424697124926609160e+00
1.424933535421343711e+00
1.425169984662369549e+00
1.425642999434111324e+00
1.425642999434111324e+00
1.426116169343531359e+00
1.426589494492425558e+00
1.426589494492425558e+00
1.426826215313514501e+00
1.427062974982690857e+00
1.427299773512707759e+00
1.427299773512707759e+00
1.427299773512707759e+00
1.428010402395422762e+00
1.428010402395422762e+00
1.428247356496454623e+00
1.428484349522184838e+00
1.428721381485404063e+00
1.428721381485404063e+00
1.428721381485404063e+00
1.429432711127995859e+00
1.429669898969202269e+00
1.430381696553358672e+00
1.430619040477705717e+00
1.430856423454940352e+00
1.431806346149926856e+00
1.431806346149926856e+00
1.432043924584533778e+00
1.432043924584533778e+00
1.432519198856955667e+00
1.432994629752966542e+00
1.432994629752966542e+00
1.432994629752966542e+00
1.433232403967083624e+00
1.433470217375829137e+00
1.433945961828908322e+00
1.434421863215671111e+00
1.434659872791545165e+00
1.434897921639686658e+00
1.435136009773057886e+00
1.435374137204627587e+00
1.436088755418309049e+00
1.436088755418309049e+00
1.436565364289802194e+00
1.437757575778927377e+00
1.438473375863514203e+00
1.438473375863514203e+00
1.438712054835170839e+00
1.439428328763440845e+00
1.439428328763440845e+00
1.439667165787558822e+00
1.439667165787558822e+00
1.440383914187275405e+00
1.440861944357616276e+00
1.441818480139972714e+00
1.442296985962232991e+00
1.442775650545551791e+00
1.444212597916226803e+00
1.444452228352935741e+00
1.445890847425997050e+00
1.449253214616756713e+00
1.450215332052140482e+00
1.454311504439785852e+00
1.454311504439785852e+00
1.950151450549438392e+00
1.955605880641546612e+00
1.956972716405452450e+00
1.957314627780649019e+00
1.958340848362785325e+00
1.960738205658944633e+00
1.962796258848025666e+00
1.963826387446514943e+00
1.965888853903407396e+00
1.966576998462549630e+00
1.966921193869380691e+00
1.967265471413286004e+00
1.967265471413286004e+00
1.969677717355964974e+00
1.970367671955862487e+00
1.971057956677590761e+00
1.971403222932891719e+00
1.974168331667974119e+00
1.975206615297451229e+00
1.975552875959353250e+00
1.979367238342293112e+00
1.980061843575204872e+00
1.980061843575204872e+00
1.980061843575204872e+00
1.980061843575204872e+00
1.980756783396392162e+00
1.980756783396392162e+00
1.981104378878350447e+00
1.981452058128349680e+00
1.981799821186774224e+00
1.982147668094038417e+00
1.982147668094038417e+00
1.982147668094038417e+00
1.982495598890585242e+00
1.982495598890585242e+00
1.982495598890585242e+00
1.983539895020792976e+00
1.983539895020792976e+00
1.984236512630121574e+00
1.984236512630121574e+00
1.984584947613312389e+00
1.984584947613312389e+00
1.985282070139990473e+00
1.985282070139990473e+00
1.985979529685065303e+00
1.985979529685065303e+00
1.985979529685065303e+00
1.986328385941362962e+00
1.986328385941362962e+00
1.986328385941362962e+00
1.986677326574552538e+00
1.987375461134940569e+00
1.987724655143879637e+00
1.987724655143879637e+00
1.988073933693192297e+00
1.988073933693192297e+00
1.988772744576745799e+00
1.988772744576745799e+00
1.989122276992965288e+00
1.989122276992965288e+00
1.989471894113515216e+00
1.989471894113515216e+00
1.989821595979459623e+00
1.989821595979459623e+00
1.990171382631891639e+00
1.990521254111935257e+00
1.990871210460743779e+00
1.990871210460743779e+00
1.991221251719500485e+00
1.991571377929419295e+00
1.991571377929419295e+00
1.991571377929419295e+00
1.991571377929419295e+00
1.991921589131743220e+00
1.991921589131743220e+00
1.991921589131743220e+00
1.992271885367745909e+00
1.992271885367745909e+00
1.992622266678730769e+00
1.992622266678730769e+00
1.992972733106031402e+00
1.993323284691012054e+00
1.993323284691012054e+00
1.993673921475066058e+00
1.993673921475066058e+00
1.994024643499617833e+00
1.994024643499617833e+00
1.994375450806121997e+00
1.994726343436062477e+00
1.995077321430954731e+00
1.995077321430954731e+00
1.995077321430954731e+00
1.995077321430954731e+00
1.995428384832343749e+00
1.996130768020944357e+00
1.996130768020944357e+00
1.996482087891398027e+00
1.996482087891398027e+00
1.996482087891398027e+00
1.996833493334832843e+00
1.996833493334832843e+00
1.996833493334832843e+00
1.996833493334832843e+00
1.997184984392945895e+00
1.997184984392945895e+00
1.997536561107464914e+00
1.997888223520148054e+00
1.997888223520148054e+00
1.997888223520148054e+00
1.998239971672783888e+00
1.998591805607191629e+00
1.998591805607191629e+00
1.998591805607191629e+00
1.998943725365221358e+00
1.998943725365221358e+00
1.999295730988753350e+00
1.999647822519698970e+00
2.000000000000000000e+00
2.000000000000000000e+00
2.000352263471628866e+00
2.000352263471628866e+00
2.000704612976589303e+00
2.000704612976589303e+00
2.000704612976589303e+00
2.000704612976589303e+00
2.001057048556915241e+00
2.001409570254671255e+00
2.001409570254671255e+00
2.001409570254671255e+00
2.001409570254671255e+00
2.001762178111953894e+00
2.001762178111953894e+00
2.002114872170889015e+00
2.002114872170889015e+00
2.002114872170889015e+00
2.002114872170889015e+00
2.002114872170889015e+00
2.002467652473634452e+00
2.002820519062378679e+00
2.003526511266772836e+00
2.003879636966954259e+00
2.004232849122198346e+00
2.004232849122198346e+00
2.004232849122198346e+00
2.004586147774849003e+00
2.004586147774849003e+00
2.004586147774849003e+00
2.004939532967280780e+00
2.005293004741899310e+00
2.005646563141142202e+00
2.005646563141142202e+00
2.006000208207476820e+00
2.006353939983403389e+00
2.006353939983403389e+00
2.006353939983403389e+00
2.006353939983403389e+00
2.006707758511452333e+00
2.006707758511452333e+00
2.007061663834186049e+00
2.007061663834186049e+00
2.007061663834186049e+00
2.007769735034111935e+00
2.007769735034111935e+00
2.008123900996585220e+00
2.008123900996585220e+00
2.008832493859989743e+00
2.008832493859989743e+00
2.009186920846390834e+00
2.009186920846390834e+00
2.009186920846390834e+00
2.009186920846390834e+00
2.009186920846390834e+00
2.009896036142500009e+00
2.009896036142500009e+00
2.009896036142500009e+00
2.010250724537867129e+00
2.010250724537867129e+00
2.010605500155267400e+00
2.010605500155267400e+00
2.010960363037610055e+00
2.010960363037610055e+00
2.011315313227834078e+00
2.011670350768912208e+00
2.012025475703846933e+00
2.012380688075674495e+00
2.012380688075674495e+00
2.012735987927461334e+00
2.013091375302306751e+00
2.013446850243341135e+00
2.013446850243341135e+00
2.013802412793727292e+00
2.013802412793727292e+00
2.013802412793727292e+00
2.013802412793727292e+00
2.013802412793727292e+00
2.013802412793727292e+00
2.014513800895364692e+00
2.014513800895364692e+00
2.014869626533100977e+00
2.015225539953159117e+00
2.015225539953159117e+00
2.015581541198861792e+00
2.015937630313563211e+00
2.015937630313563211e+00
2.016293807340650446e+00
2.017006425305690076e+00
2.017362866330576043e+00
2.017362866330576043e+00
2.017719395441717189e+00
2.018076012682660014e+00
2.018076012682660014e+00
2.018076012682660014e+00
2.018432718096985212e+00
2.018432718096985212e+00
2.018789511728305452e+00
2.018789511728305452e+00
2.019146393620264490e+00
2.019146393620264490e+00
2.019146393620264490e+00
2.019503363816540720e+00
2.019860422360842733e+00
2.020574804668526792e+00
2.020574804668526792e+00
2.020932128519489890e+00
2.021647041834857106e+00
2.022362309594123886e+00
2.022362309594123886e+00
2.022720076500083675e+00
2.023077932148920510e+00
2.023077932148920510e+00
2.023077932148920510e+00
2.024510243054245873e+00
2.025585410194473024e+00
2.026302633694648136e+00
2.026661379199639512e+00
2.027020213933709236e+00
2.027020213933709236e+00
2.027379137941254683e+00
2.027738151266708311e+00
2.029894109387819334e+00
2.030253749185491063e+00
2.030253749185491063e+00
2.030253749185491063e+00
2.031333206804791569e+00
2.032413472703927582e+00
2.032773741164006331e+00
2.033855086654398292e+00
2.034215715337913011e+00
2.034576434189870664e+00
2.034576434189870664e+00
2.035298142579553105e+00
2.036020212184660672e+00
2.036020212184660672e+00
2.038188591912836856e+00
2.038912110002669476e+00
2.041809816306262348e+00
2.042535153194788844e+00
2.043260854940919913e+00
2.051997869022329279e+00
2.063362060997429470e+00
2.920515216173184658e+00
2.927197465455792624e+00
2.937953862279509387e+00
2.942685122217296723e+00
2.944717564498810169e+00
2.946752874087573471e+00
2.946752874087573471e+00
2.953558051992688060e+00
2.962453046037821558e+00
2.962453046037821558e+00
2.963139553326954001e+00
2.963826387446514943e+00
2.964513548707845558e+00
2.965201037422732444e+00
2.965888853903407618e+00
2.965888853903407618e+00
2.965888853903407618e+00
2.967265471413286004e+00
2.967954273069191462e+00
2.968643403744291032e+00
2.969332863753058493e+00
2.969332863753058493e+00
2.970022653410420599e+00
2.970022653410420599e+00
2.970022653410420599e+00
2.970022653410420599e+00
2.970712773031754850e+00
2.971403222932891719e+00
2.972094003430115539e+00
2.972094003430115539e+00
2.972094003430115539e+00
2.972785114840164944e+00
2.972785114840164944e+00
2.972785114840164944e+00
2.972785114840164944e+00
2.974168331667974119e+00
2.974168331667974119e+00
2.974860437721491557e+00
2.974860437721491557e+00
2.975552875959353027e+00
2.975552875959353027e+00
2.975552875959353027e+00
2.976938750264665146e+00
2.976938750264665146e+00
2.977632186971545636e+00
2.978325957141630287e+00
2.979020061095788208e+00
2.979020061095788208e+00
2.980409271642119329e+00
2.980409271642119329e+00
2.981104378878350669e+00
2.981104378878350669e+00
2.981799821186774224e+00
2.981799821186774224e+00
2.982495598890585242e+00
2.983191712313446153e+00
2.983888161779488346e+00
2.984584947613312611e+00
2.984584947613312611e+00
2.984584947613312611e+00
2.984584947613312611e+00
2.985282070139990473e+00
2.985282070139990473e+00
2.985979529685065526e+00
2.985979529685065526e+00
2.985979529685065526e+00
2.985979529685065526e+00
2.986677326574552538e+00
2.987375461134940569e+00
2.987375461134940569e+00
2.988073933693192075e+00
2.988073933693192075e+00
2.988073933693192075e+00
2.988772744576746021e+00
2.988772744576746021e+00
2.988772744576746021e+00
2.988772744576746021e+00
2.989471894113515216e+00
2.990171382631891639e+00
2.990171382631891639e+00
2.990871210460743779e+00
2.990871210460743779e+00
2.991571377929419295e+00
2.991571377929419295e+00
2.991571377929419295e+00
2.992271885367745909e+00
2.992271885367745909e+00
2.992271885367745909e+00
2.992972733106031402e+00
2.992972733106031402e+00
2.992972733106031402e+00
2.993673921475066280e+00
2.993673921475066280e+00
2.993673921475066280e+00
2.994375450806121997e+00
2.995077321430954953e+00
2.995077321430954953e+00
2.995077321430954953e+00
2.995779533681804718e+00
2.995779533681804718e+00
2.996482087891398027e+00
2.996482087891398027e+00
2.996482087891398027e+00
2.996482087891398027e+00
2.996482087891398027e+00
2.996482087891398027e+00
2.997184984392946117e+00
2.997184984392946117e+00
2.997888223520147832e+00
2.998591805607191407e+00
2.998591805607191407e+00
2.999295730988753572e+00
3.000000000000000000e+00
3.000000000000000000e+00
3.000000000000000000e+00
3.000000000000000000e+00
3.001409570254671255e+00
3.001409570254671255e+00
3.002114872170889015e+00
3.002114872170889015e+00
3.002114872170889015e+00
3.002114872170889015e+00
3.002820519062378679e+00
3.002820519062378679e+00
3.002820519062378679e+00
3.002820519062378679e+00
3.002820519062378679e+00
3.002820519062378679e+00
3.003526511266772836e+00
3.003526511266772836e+00
3.003526511266772836e+00
3.004232849122198346e+00
3.004939532967280780e+00
3.004939532967280780e+00
3.004939532967280780e+00
3.004939532967280780e+00
3.005646563141142202e+00
3.005646563141142202e+00
3.005646563141142202e+00
3.006353939983403389e+00
3.006353939983403389e+00
3.006353939983403389e+00
3.007061663834186049e+00
3.007061663834186049e+00
3.007061663834186049e+00
3.007061663834186049e+00
3.007061663834186049e+00
3.007769735034111935e+00
3.007769735034111935e+00
3.007769735034111935e+00
3.008478153924304621e+00
3.008478153924304621e+00
3.009896036142500009e+00
3.010605500155267400e+00
3.010605500155267400e+00
3.010605500155267400e+00
3.011315313227834078e+00
3.011315313227834078e+00
3.012025475703846933e+00
3.012025475703846933e+00
3.014158062996659559e+00
3.014158062996659559e+00
3.014869626533100977e+00
3.015581541198861792e+00
3.015581541198861792e+00
3.015581541198861792e+00
3.015581541198861792e+00
3.015581541198861792e+00
3.016293807340650446e+00
3.017719395441717189e+00
3.017719395441717189e+00
3.018432718096985212e+00
3.018432718096985212e+00
3.018432718096985212e+00
3.018432718096985212e+00
3.019146393620264490e+00
3.019146393620264490e+00
3.019860422360842733e+00
3.020574804668526792e+00
3.020574804668526792e+00
3.020574804668526792e+00
3.021289540893642656e+00
3.022720076500083675e+00
3.023435876584670279e+00
3.023435876584670279e+00
3.023435876584670279e+00
3.023435876584670279e+00
3.023435876584670279e+00
3.023435876584670279e+00
3.024152031993215139e+00
3.024868543078660377e+00
3.024868543078660377e+00
3.024868543078660377e+00
3.025585410194473024e+00
3.025585410194473024e+00
3.025585410194473024e+00
3.026302633694648136e+00
3.026302633694648136e+00
3.026302633694648136e+00
3.027738151266708311e+00
3.027738151266708311e+00
3.028456446049228035e+00
3.029175098637383101e+00
3.029175098637383101e+00
3.029894109387819334e+00
3.029894109387819334e+00
3.029894109387819334e+00
3.029894109387819334e+00
3.029894109387819334e+00
3.030613478657717241e+00
3.032053294187292192e+00
3.032773741164006331e+00
3.032773741164006331e+00
3.032773741164006331e+00
3.033494548094259002e+00
3.033494548094259002e+00
3.033494548094259002e+00
3.034215715337913011e+00
3.034215715337913011e+00
3.034215715337913011e+00
3.036381382556027297e+00
3.037103994662739392e+00
3.038550305601804169e+00
3.039274005160942149e+00
3.039274005160942149e+00
3.041447284568988607e+00
3.043623842750329711e+00
3.043623842750329711e+00
3.045076707969679664e+00
3.045076707969679664e+00
3.045803689613124643e+00
3.045803689613124643e+00
3.046531037771152306e+00
3.046531037771152306e+00
3.047986835110513493e+00
3.048715285033027911e+00
3.048715285033027911e+00
3.050173289240889041e+00
3.053824759276441370e+00
3.061155542533828822e+00
3.063362060997429470e+00
3.064834950396305047e+00
3.073704005218888646e+00
3.074445560126445542e+00
