1.941331749659428452e+00
1.947431949195846279e+00
1.947771606652598075e+00
1.950151450549438392e+00
1.951853745780439020e+00
1.953558051992687838e+00
1.955605880641546612e+00
1.955947468198697914e+00
1.957314627780649019e+00
1.958683084170555366e+00
1.958683084170555366e+00
1.961423897231210356e+00
1.962109914857493420e+00
1.963826387446514943e+00
1.964169927164982843e+00
1.966576998462549630e+00
1.968988092562293790e+00
1.968988092562293790e+00
1.969332863753058716e+00
1.969332863753058716e+00
1.969677717355964974e+00
1.970022653410420821e+00
1.970367671955862487e+00
1.971057956677590761e+00
1.971057956677590761e+00
1.971057956677590761e+00
1.971057956677590761e+00
1.971748571837207198e+00
1.972439517751223059e+00
1.972785114840164944e+00
1.973822403110774282e+00
1.975206615297451229e+00
1.975206615297451229e+00
1.976245646700582892e+00
1.976245646700582892e+00
1.976592156859781735e+00
1.976592156859781735e+00
1.976938750264665368e+00
1.977632186971545414e+00
1.977979030353643752e+00
1.977979030353643752e+00
1.979367238342293112e+00
1.979367238342293112e+00
1.980061843575204872e+00
1.980061843575204872e+00
1.980409271642119107e+00
1.981799821186774224e+00
1.981799821186774224e+00
1.982495598890585242e+00
1.982843613616887213e+00
1.982843613616887213e+00
1.982843613616887213e+00
1.983191712313446153e+00
1.983191712313446153e+00
1.983191712313446153e+00
1.983539895020792976e+00
1.983539895020792976e+00
1.984236512630121574e+00
1.984584947613312389e+00
1.984933466769709387e+00
1.984933466769709387e+00
1.984933466769709387e+00
1.985282070139990473e+00
1.986328385941362962e+00
1.986328385941362962e+00
1.986677326574552538e+00
1.986677326574552538e+00
1.987375461134940569e+00
1.987375461134940569e+00
1.987375461134940569e+00
1.987724655143879637e+00
1.987724655143879637e+00
1.987724655143879637e+00
1.988073933693192297e+00
1.988073933693192297e+00
1.988772744576745799e+00
1.988772744576745799e+00
1.988772744576745799e+00
1.988772744576745799e+00
1.989122276992965288e+00
1.989122276992965288e+00
1.989122276992965288e+00
1.989122276992965288e+00
1.989471894113515216e+00
1.989471894113515216e+00
1.989821595979459623e+00
1.990171382631891639e+00
1.990521254111935257e+00
1.990521254111935257e+00
1.990521254111935257e+00
1.990871210460743779e+00
1.991221251719500485e+00
1.991571377929419295e+00
1.991571377929419295e+00
1.991571377929419295e+00
1.991571377929419295e+00
1.991921589131743220e+00
1.991921589131743220e+00
1.992271885367745909e+00
1.992271885367745909e+00
1.992622266678730769e+00
1.992972733106031402e+00
1.993323284691012054e+00
1.993673921475066058e+00
1.993673921475066058e+00
1.993673921475066058e+00
1.994024643499617833e+00
1.994024643499617833e+00
1.994375450806121997e+00
1.994375450806121997e+00
1.994375450806121997e+00
1.994726343436062477e+00
1.994726343436062477e+00
1.994726343436062477e+00
1.994726343436062477e+00
1.994726343436062477e+00
1.995428384832343749e+00
1.995779533681804940e+00
1.995779533681804940e+00
1.995779533681804940e+00
1.995779533681804940e+00
1.996130768020944357e+00
1.996130768020944357e+00
1.996482087891398027e+00
1.996482087891398027e+00
1.996482087891398027e+00
1.996482087891398027e+00
1.996482087891398027e+00
1.996833493334832843e+00
1.997184984392945895e+00
1.997536561107464914e+00
1.997536561107464914e+00
1.997536561107464914e+00
1.997888223520148054e+00
1.998239971672783888e+00
1.998591805607191629e+00
1.998943725365221358e+00
1.999295730988753350e+00
1.999295730988753350e+00
1.999647822519698970e+00
1.999647822519698970e+00
2.000000000000000000e+00
2.000000000000000000e+00
2.000000000000000000e+00
2.000352263471628866e+00
2.000704612976589303e+00
2.001057048556915241e+00
2.001057048556915241e+00
2.001409570254671255e+00
2.002114872170889015e+00
2.002114872170889015e+00
2.002467652473634452e+00
2.002467652473634452e+00
2.002820519062378679e+00
2.002820519062378679e+00
2.003173471979341258e+00
2.003173471979341258e+00
2.003173471979341258e+00
2.003526511266772836e+00
2.003526511266772836e+00
2.003879636966954259e+00
2.003879636966954259e+00
2.003879636966954259e+00
2.003879636966954259e+00
2.003879636966954259e+00
2.004939532967280780e+00
2.005293004741899310e+00
2.005293004741899310e+00
2.005293004741899310e+00
2.006000208207476820e+00
2.006353939983403389e+00
2.006707758511452333e+00
2.006707758511452333e+00
2.007061663834186049e+00
2.007061663834186049e+00
2.007415655994197579e+00
2.007769735034111935e+00
2.007769735034111935e+00
2.008123900996585220e+00
2.008123900996585220e+00
2.008478153924304621e+00
2.008478153924304621e+00
2.008832493859989743e+00
2.008832493859989743e+00
2.009541434926289671e+00
2.009541434926289671e+00
2.009896036142500009e+00
2.010250724537867129e+00
2.010250724537867129e+00
2.010250724537867129e+00
2.010605500155267400e+00
2.010605500155267400e+00
2.010960363037610055e+00
2.011670350768912208e+00
2.012025475703846933e+00
2.012025475703846933e+00
2.013091375302306751e+00
2.013446850243341135e+00
2.013446850243341135e+00
2.013446850243341135e+00
2.013802412793727292e+00
2.013802412793727292e+00
2.013802412793727292e+00
2.014158062996659559e+00
2.014158062996659559e+00
2.014158062996659559e+00
2.014158062996659559e+00
2.014513800895364692e+00
2.014869626533100977e+00
2.014869626533100977e+00
2.014869626533100977e+00
2.015225539953159117e+00
2.015581541198861792e+00
2.016293807340650446e+00
2.016650072323542542e+00
2.016650072323542542e+00
2.017006425305690076e+00
2.017006425305690076e+00
2.017006425305690076e+00
2.017719395441717189e+00
2.017719395441717189e+00
2.017719395441717189e+00
2.018076012682660014e+00
2.018076012682660014e+00
2.018432718096985212e+00
2.018432718096985212e+00
2.018789511728305452e+00
2.019146393620264490e+00
2.019860422360842733e+00
2.020932128519489890e+00
2.021289540893642656e+00
2.021647041834857106e+00
2.022004631387038565e+00
2.023077932148920510e+00
2.023077932148920510e+00
2.023435876584670279e+00
2.023793909851401285e+00
2.024510243054245873e+00
2.024510243054245873e+00
2.024868543078660377e+00
2.025226932110658407e+00
2.025585410194473024e+00
2.025585410194473024e+00
2.025943977374369709e+00
2.025943977374369709e+00
2.025943977374369709e+00
2.026302633694648136e+00
2.026302633694648136e+00
2.026302633694648136e+00
2.026661379199639512e+00
2.026661379199639512e+00
2.027020213933709236e+00
2.027020213933709236e+00
2.027379137941254683e+00
2.028456446049228035e+00
2.029175098637383101e+00
2.029894109387819334e+00
2.030253749185491063e+00
2.030613478657717241e+00
2.030613478657717241e+00
2.030973297849229198e+00
2.031333206804791569e+00
2.032413472703927582e+00
2.032773741164006331e+00
2.032773741164006331e+00
2.033494548094259002e+00
2.034576434189870664e+00
2.036381382556027297e+00
2.037103994662739392e+00
2.037465436488728354e+00
2.038550305601804169e+00
2.038550305601804169e+00
2.038550305601804169e+00
2.039998067931918957e+00
2.041809816306262348e+00
2.042897958437714045e+00
2.043986921911901344e+00
2.045440153000166905e+00
2.051632768415322161e+00
2.065203407821596837e+00
