3.334664082814823960e+00
3.348948308821071418e+00
3.350743822482685541e+00
3.350743822482685541e+00
3.354341567591289763e+00
3.354341567591289763e+00
3.356143810225275192e+00
3.362469448474690203e+00
3.363375379456351233e+00
3.363375379456351233e+00
3.368822944296021582e+00
3.371554459862818653e+00
3.372466115527207986e+00
3.372466115527207986e+00
3.377033055209489820e+00
3.378863886725358867e+00
3.378863886725358867e+00
3.380697044584313193e+00
3.383451156221010780e+00
3.384370363031902418e+00
3.388053058180019228e+00
3.388975202692647848e+00
3.389897937000335482e+00
3.389897937000335482e+00
3.390821261858020463e+00
3.390821261858020463e+00
3.392669686250389116e+00
3.393594787302215199e+00
3.394520481938331002e+00
3.394520481938331002e+00
3.395446770920963253e+00
3.395446770920963253e+00
3.395446770920963253e+00
3.396373655013808168e+00
3.398229211592290078e+00
3.399157885612698937e+00
3.401017028963909006e+00
3.401947499838399835e+00
3.401947499838399835e+00
3.401947499838399835e+00
3.401947499838399835e+00
3.402878571210431691e+00
3.405675396075152683e+00
3.405675396075152683e+00
3.406608877208263220e+00
3.406608877208263220e+00
3.407542962731919367e+00
3.408477653429264898e+00
3.408477653429264898e+00
3.408477653429264898e+00
3.409412950084965921e+00
3.409412950084965921e+00
3.412222483671789597e+00
3.414098550309228486e+00
3.414098550309228486e+00
3.415037499278843924e+00
3.417858018341222603e+00
3.417858018341222603e+00
3.418799418075042951e+00
3.420684062419985683e+00
3.420684062419985683e+00
3.420684062419985683e+00
3.421627308639195508e+00
3.421627308639195508e+00
3.421627308639195508e+00
3.422571171964251313e+00
3.422571171964251313e+00
3.425406472662388957e+00
3.426352812506678003e+00
3.426352812506678003e+00
3.426352812506678003e+00
3.426352812506678003e+00
3.429195562275503484e+00
3.430144391669052162e+00
3.432994629752966542e+00
3.432994629752966542e+00
3.433945961828908544e+00
3.433945961828908544e+00
3.433945961828908544e+00
3.434897921639686658e+00
3.434897921639686658e+00
3.434897921639686658e+00
3.434897921639686658e+00
3.434897921639686658e+00
3.435850510014268444e+00
3.435850510014268444e+00
3.436803727783262818e+00
3.438712054835170839e+00
3.439667165787558822e+00
3.442536298402175898e+00
3.443493945328071959e+00
3.443493945328071959e+00
3.444452228352935741e+00
3.444452228352935741e+00
3.445411148322362838e+00
3.445411148322362838e+00
3.445411148322362838e+00
3.446370706083635493e+00
3.447330902485728377e+00
3.448291738379311688e+00
3.449253214616756935e+00
3.452141493941583317e+00
3.453105540112363148e+00
3.454070230914532580e+00
3.454070230914532580e+00
3.455035567210762881e+00
3.456001549865458600e+00
3.456968179744762448e+00
3.457935457716557526e+00
3.459871961417900099e+00
3.464724623379196622e+00
3.465697117545369466e+00
3.469593662900932074e+00
3.470569445853849189e+00
3.475458284964150657e+00
3.475458284964150657e+00
3.478399560276273395e+00
3.493196562204353928e+00
3.503146222611958738e+00
3.516184222735743603e+00
3.518200568334248324e+00
3.521230380524236647e+00
4.245112497836531773e+00
4.261907740379509590e+00
4.270379256446961591e+00
4.272079545436801240e+00
4.277192468830453009e+00
4.280611179057917326e+00
4.282323576933603881e+00
4.284038009744855380e+00
4.287472999560177023e+00
4.290916187449655972e+00
4.297827314634452556e+00
4.301295333229655071e+00
4.301295333229655071e+00
4.303032473765712851e+00
4.308256480828725365e+00
4.310002028580554700e+00
4.313499472816781477e+00
4.317005416318316691e+00
4.320519900494553589e+00
4.320519900494553589e+00
4.320519900494553589e+00
4.322280358358991492e+00
4.322280358358991492e+00
4.324042967058250753e+00
4.325807731854316884e+00
4.325807731854316884e+00
4.329343750881560204e+00
4.331115015733752571e+00
4.331115015733752571e+00
4.332888457924972236e+00
4.334664082814823516e+00
4.334664082814823516e+00
4.336441895782726874e+00
4.338221902228013072e+00
4.340004107570022640e+00
4.340004107570022640e+00
4.340004107570022640e+00
4.341788517248205359e+00
4.343575136722219732e+00
4.345363971472032460e+00
4.345363971472032460e+00
4.348948308821071862e+00
4.348948308821071862e+00
4.350743822482685097e+00
4.350743822482685097e+00
4.350743822482685097e+00
4.350743822482685097e+00
4.350743822482685097e+00
4.352541573545079423e+00
4.354341567591290207e+00
4.356143810225275637e+00
4.356143810225275637e+00
4.357948307072023297e+00
4.357948307072023297e+00
4.359755063777654094e+00
4.361564086009527941e+00
4.361564086009527941e+00
4.361564086009527941e+00
4.363375379456351233e+00
4.363375379456351233e+00
4.363375379456351233e+00
4.365188949828282539e+00
4.365188949828282539e+00
4.367004802857041845e+00
4.367004802857041845e+00
4.368822944296021582e+00
4.368822944296021582e+00
4.368822944296021582e+00
4.370643379920390537e+00
4.370643379920390537e+00
4.372466115527208430e+00
4.372466115527208430e+00
4.374291156935534275e+00
4.374291156935534275e+00
4.374291156935534275e+00
4.376118509986541838e+00
4.376118509986541838e+00
4.377948180543623558e+00
4.377948180543623558e+00
4.377948180543623558e+00
4.377948180543623558e+00
4.379780174492513112e+00
4.379780174492513112e+00
4.379780174492513112e+00
4.381614497741393777e+00
4.381614497741393777e+00
4.381614497741393777e+00
4.381614497741393777e+00
4.381614497741393777e+00
4.383451156221010336e+00
4.383451156221010336e+00
4.383451156221010336e+00
4.383451156221010336e+00
4.383451156221010336e+00
4.383451156221010336e+00
4.383451156221010336e+00
4.385290155884791652e+00
4.385290155884791652e+00
4.387131502708959019e+00
4.387131502708959019e+00
4.387131502708959019e+00
4.387131502708959019e+00
4.388975202692647848e+00
4.390821261858020463e+00
4.390821261858020463e+00
4.390821261858020463e+00
4.390821261858020463e+00
4.392669686250389560e+00
4.392669686250389560e+00
4.392669686250389560e+00
4.394520481938331002e+00
4.394520481938331002e+00
4.394520481938331002e+00
4.394520481938331002e+00
4.396373655013808168e+00
4.396373655013808168e+00
4.396373655013808168e+00
4.396373655013808168e+00
4.396373655013808168e+00
4.398229211592290078e+00
4.398229211592290078e+00
4.400087157812872185e+00
4.401947499838399835e+00
4.401947499838399835e+00
4.401947499838399835e+00
4.401947499838399835e+00
4.401947499838399835e+00
4.401947499838399835e+00
4.403810243855589945e+00
4.403810243855589945e+00
4.403810243855589945e+00
4.403810243855589945e+00
4.405675396075152683e+00
4.405675396075152683e+00
4.405675396075152683e+00
4.405675396075152683e+00
4.407542962731919367e+00
4.409412950084965921e+00
4.409412950084965921e+00
4.409412950084965921e+00
4.409412950084965921e+00
4.411285364417736332e+00
4.411285364417736332e+00
4.411285364417736332e+00
4.411285364417736332e+00
4.411285364417736332e+00
4.411285364417736332e+00
4.411285364417736332e+00
4.413160212038173214e+00
4.413160212038173214e+00
4.413160212038173214e+00
4.413160212038173214e+00
4.415037499278843924e+00
4.415037499278843924e+00
4.415037499278843924e+00
4.416917232497066692e+00
4.418799418075042951e+00
4.418799418075042951e+00
4.418799418075042951e+00
4.418799418075042951e+00
4.420684062419986127e+00
4.420684062419986127e+00
4.420684062419986127e+00
4.422571171964251313e+00
4.424460753165469384e+00
4.424460753165469384e+00
4.424460753165469384e+00
4.424460753165469384e+00
4.426352812506678447e+00
4.426352812506678447e+00
4.428247356496454401e+00
4.428247356496454401e+00
4.430144391669052162e+00
4.432043924584533556e+00
4.432043924584533556e+00
4.433945961828908544e+00
4.433945961828908544e+00
4.433945961828908544e+00
4.435850510014268444e+00
4.437757575778927155e+00
4.437757575778927155e+00
4.439667165787558822e+00
4.439667165787558822e+00
4.439667165787558822e+00
4.439667165787558822e+00
4.441579286731335507e+00
4.441579286731335507e+00
4.443493945328071959e+00
4.443493945328071959e+00
4.445411148322362394e+00
4.447330902485727933e+00
4.449253214616756935e+00
4.449253214616756935e+00
4.449253214616756935e+00
4.449253214616756935e+00
4.451178091541248882e+00
4.451178091541248882e+00
4.453105540112363592e+00
4.455035567210763325e+00
4.456968179744762004e+00
4.458903384650476198e+00
4.458903384650476198e+00
4.458903384650476198e+00
4.460841188891969011e+00
4.460841188891969011e+00
4.460841188891969011e+00
4.460841188891969011e+00
4.462781599461403736e+00
4.462781599461403736e+00
4.464724623379196622e+00
4.464724623379196622e+00
4.466670267694166085e+00
4.466670267694166085e+00
4.466670267694166085e+00
4.466670267694166085e+00
4.468618539483688146e+00
4.468618539483688146e+00
4.470569445853849189e+00
4.472522993939604063e+00
4.476438043942986944e+00
4.476438043942986944e+00
4.478399560276272950e+00
4.478399560276272950e+00
4.478399560276272950e+00
4.480363747156786758e+00
4.482330611866188086e+00
4.482330611866188086e+00
4.484300161715957245e+00
4.484300161715957245e+00
4.484300161715957245e+00
4.486272404047563001e+00
4.486272404047563001e+00
4.488247346232620671e+00
4.490224995673062658e+00
4.490224995673062658e+00
4.492205359801303644e+00
4.494188446080405797e+00
4.502148163048881990e+00
4.502148163048881990e+00
4.506144550759177747e+00
4.506144550759177747e+00
4.506144550759177747e+00
4.510152039560701986e+00
4.512159966176948700e+00
4.520219735970900210e+00
4.520219735970900210e+00
4.526294250380584749e+00
4.528324785607955150e+00
4.536475626728819321e+00
4.536475626728819321e+00
4.538520552713843692e+00
4.544672779695439147e+00
4.552916773790347982e+00
4.554985154131577119e+00
4.567458099611741318e+00
4.590609063862298278e+00
4.599120563717815635e+00
4.855341757168117667e+00
4.863008887919770373e+00
4.865573679779074290e+00
4.870716983055033644e+00
4.875878688170812048e+00
4.881058927276492376e+00
4.881058927276492376e+00
4.883656038762532070e+00
4.888864329765293171e+00
4.901967917039473654e+00
4.901967917039473654e+00
4.904602977207443537e+00
4.907242859080147568e+00
4.907242859080147568e+00
4.912537158749660904e+00
4.915191612195638271e+00
4.917850958646128312e+00
4.920515216173185102e+00
4.925858537247494340e+00
4.925858537247494340e+00
4.928537637443375807e+00
4.931221722014587527e+00
4.931221722014587527e+00
4.933910809542227938e+00
4.936604918711490875e+00
4.936604918711490875e+00
4.936604918711490875e+00
4.939304068312446283e+00
4.939304068312446283e+00
4.942008277240824476e+00
4.947431949195846279e+00
4.947431949195846279e+00
4.947431949195846279e+00
4.947431949195846279e+00
4.947431949195846279e+00
4.952876087885973888e+00
4.952876087885973888e+00
4.952876087885973888e+00
4.955605880641546612e+00
4.955605880641546612e+00
4.955605880641546612e+00
4.955605880641546612e+00
4.955605880641546612e+00
4.958340848362785103e+00
4.961081010707697914e+00
4.961081010707697914e+00
4.963826387446514943e+00
4.963826387446514943e+00
4.963826387446514943e+00
4.966576998462549852e+00
4.966576998462549852e+00
4.966576998462549852e+00
4.969332863753058938e+00
4.972094003430115094e+00
4.972094003430115094e+00
4.977632186971545636e+00
4.977632186971545636e+00
4.980409271642119329e+00
4.980409271642119329e+00
4.980409271642119329e+00
4.983191712313446153e+00
4.983191712313446153e+00
4.983191712313446153e+00
4.983191712313446153e+00
4.983191712313446153e+00
4.983191712313446153e+00
4.988772744576746021e+00
4.988772744576746021e+00
4.988772744576746021e+00
4.988772744576746021e+00
4.991571377929418851e+00
4.991571377929418851e+00
4.991571377929418851e+00
4.994375450806121997e+00
4.994375450806121997e+00
4.994375450806121997e+00
4.994375450806121997e+00
4.994375450806121997e+00
4.997184984392945672e+00
4.997184984392945672e+00
5.000000000000000000e+00
5.002820519062378679e+00
5.002820519062378679e+00
5.005646563141142202e+00
5.005646563141142202e+00
5.005646563141142202e+00
5.005646563141142202e+00
5.005646563141142202e+00
5.008478153924304621e+00
5.011315313227834523e+00
5.011315313227834523e+00
5.011315313227834523e+00
5.017006425305689632e+00
5.019860422360842733e+00
5.019860422360842733e+00
5.025585410194472580e+00
5.025585410194472580e+00
5.028456446049228035e+00
5.028456446049228035e+00
5.028456446049228035e+00
5.031333206804792013e+00
5.034215715337913011e+00
5.034215715337913011e+00
5.039998067931919401e+00
5.039998067931919401e+00
5.042897958437714045e+00
5.045803689613125087e+00
5.045803689613125087e+00
5.045803689613125087e+00
5.045803689613125087e+00
5.045803689613125087e+00
5.045803689613125087e+00
5.045803689613125087e+00
5.048715285033027911e+00
5.048715285033027911e+00
5.048715285033027911e+00
5.054556163622088150e+00
5.057485494660760139e+00
5.057485494660760139e+00
5.057485494660760139e+00
5.057485494660760139e+00
5.057485494660760139e+00
5.060420785685306733e+00
5.063362060997429026e+00
5.063362060997429026e+00
5.063362060997429026e+00
5.063362060997429026e+00
5.069262662437113320e+00
5.072222037917657467e+00
5.075187496394218734e+00
5.078159062925509559e+00
5.087110663770038066e+00
5.090106916229958145e+00
5.090106916229958145e+00
5.090106916229958145e+00
5.090106916229958145e+00
5.096118154263820088e+00
5.096118154263820088e+00
5.102154543994488201e+00
5.102154543994488201e+00
5.102154543994488201e+00
5.108216296781689536e+00
5.108216296781689536e+00
5.117356950638158430e+00
5.126555887484623319e+00
5.138913094004606386e+00
5.138913094004606386e+00
5.148250958583942882e+00
5.151377059570662276e+00
5.160796211903056374e+00
5.737905154629820537e+00
5.800327655163635576e+00
5.815124657091716109e+00
5.820090909985065508e+00
5.825074317499320919e+00
5.850252880495317775e+00
5.855341757168117667e+00
5.855341757168117667e+00
5.855341757168117667e+00
5.860448647601206318e+00
5.860448647601206318e+00
5.860448647601206318e+00
5.860448647601206318e+00
5.870716983055033644e+00
5.870716983055033644e+00
5.870716983055033644e+00
5.870716983055033644e+00
5.881058927276492376e+00
5.886257833950812035e+00
5.891475543221830868e+00
5.896712191587978324e+00
5.896712191587978324e+00
5.896712191587978324e+00
5.901967917039473654e+00
5.901967917039473654e+00
5.901967917039473654e+00
5.901967917039473654e+00
5.901967917039473654e+00
5.907242859080147568e+00
5.907242859080147568e+00
5.912537158749660904e+00
5.917850958646128312e+00
5.917850958646128312e+00
5.917850958646128312e+00
5.917850958646128312e+00
5.923184402949169147e+00
5.923184402949169147e+00
5.923184402949169147e+00
5.923184402949169147e+00
5.923184402949169147e+00
5.928537637443375807e+00
5.928537637443375807e+00
5.928537637443375807e+00
5.933910809542227938e+00
5.933910809542227938e+00
5.939304068312446283e+00
5.939304068312446283e+00
5.939304068312446283e+00
5.939304068312446283e+00
5.939304068312446283e+00
5.939304068312446283e+00
5.944717564498810169e+00
5.944717564498810169e+00
5.944717564498810169e+00
5.944717564498810169e+00
5.944717564498810169e+00
5.944717564498810169e+00
5.950151450549438614e+00
5.950151450549438614e+00
5.950151450549438614e+00
5.950151450549438614e+00
5.950151450549438614e+00
5.950151450549438614e+00
5.950151450549438614e+00
5.950151450549438614e+00
5.950151450549438614e+00
5.955605880641546612e+00
5.955605880641546612e+00
5.955605880641546612e+00
5.955605880641546612e+00
5.955605880641546612e+00
5.955605880641546612e+00
5.961081010707697914e+00
5.961081010707697914e+00
5.961081010707697914e+00
5.961081010707697914e+00
5.961081010707697914e+00
5.961081010707697914e+00
5.961081010707697914e+00
5.961081010707697914e+00
5.961081010707697914e+00
5.966576998462549852e+00
5.966576998462549852e+00
5.966576998462549852e+00
5.966576998462549852e+00
5.966576998462549852e+00
5.966576998462549852e+00
5.966576998462549852e+00
5.972094003430115094e+00
5.972094003430115094e+00
5.972094003430115094e+00
5.972094003430115094e+00
5.972094003430115094e+00
5.972094003430115094e+00
5.977632186971545636e+00
5.977632186971545636e+00
5.977632186971545636e+00
5.977632186971545636e+00
5.977632186971545636e+00
5.983191712313446153e+00
5.983191712313446153e+00
5.983191712313446153e+00
5.983191712313446153e+00
5.988772744576746021e+00
5.988772744576746021e+00
5.988772744576746021e+00
5.988772744576746021e+00
5.994375450806121997e+00
5.994375450806121997e+00
5.994375450806121997e+00
5.994375450806121997e+00
5.994375450806121997e+00
6.000000000000000000e+00
6.000000000000000000e+00
6.000000000000000000e+00
6.000000000000000000e+00
6.000000000000000000e+00
6.000000000000000000e+00
6.000000000000000000e+00
6.000000000000000000e+00
6.000000000000000000e+00
6.000000000000000000e+00
6.000000000000000000e+00
6.005646563141142202e+00
6.005646563141142202e+00
6.005646563141142202e+00
6.005646563141142202e+00
6.005646563141142202e+00
6.005646563141142202e+00
6.005646563141142202e+00
6.011315313227834523e+00
6.011315313227834523e+00
6.011315313227834523e+00
6.011315313227834523e+00
6.011315313227834523e+00
6.011315313227834523e+00
6.011315313227834523e+00
6.011315313227834523e+00
6.011315313227834523e+00
6.011315313227834523e+00
6.011315313227834523e+00
6.017006425305689632e+00
6.017006425305689632e+00
6.017006425305689632e+00
6.017006425305689632e+00
6.017006425305689632e+00
6.017006425305689632e+00
6.017006425305689632e+00
6.017006425305689632e+00
6.017006425305689632e+00
6.017006425305689632e+00
6.022720076500083231e+00
6.022720076500083231e+00
6.022720076500083231e+00
6.022720076500083231e+00
6.022720076500083231e+00
6.022720076500083231e+00
6.022720076500083231e+00
6.028456446049228035e+00
6.028456446049228035e+00
6.028456446049228035e+00
6.034215715337913011e+00
6.034215715337913011e+00
6.034215715337913011e+00
6.039998067931919401e+00
6.039998067931919401e+00
6.039998067931919401e+00
6.039998067931919401e+00
6.045803689613125087e+00
6.045803689613125087e+00
6.045803689613125087e+00
6.045803689613125087e+00
6.045803689613125087e+00
6.045803689613125087e+00
6.051632768415322161e+00
6.051632768415322161e+00
6.051632768415322161e+00
6.057485494660760139e+00
6.057485494660760139e+00
6.057485494660760139e+00
6.057485494660760139e+00
6.057485494660760139e+00
6.057485494660760139e+00
6.057485494660760139e+00
6.063362060997429026e+00
6.063362060997429026e+00
6.063362060997429026e+00
6.069262662437113320e+00
6.069262662437113320e+00
6.069262662437113320e+00
6.069262662437113320e+00
6.069262662437113320e+00
6.069262662437113320e+00
6.069262662437113320e+00
6.075187496394218734e+00
6.075187496394218734e+00
6.075187496394218734e+00
6.075187496394218734e+00
6.075187496394218734e+00
6.075187496394218734e+00
6.075187496394218734e+00
6.075187496394218734e+00
6.075187496394218734e+00
6.075187496394218734e+00
6.075187496394218734e+00
6.075187496394218734e+00
6.081136762725405376e+00
6.081136762725405376e+00
6.081136762725405376e+00
6.081136762725405376e+00
6.081136762725405376e+00
6.087110663770038066e+00
6.087110663770038066e+00
6.087110663770038066e+00
6.087110663770038066e+00
6.093109404391481299e+00
6.093109404391481299e+00
6.093109404391481299e+00
6.099133192019251304e+00
6.099133192019251304e+00
6.099133192019251304e+00
6.099133192019251304e+00
6.099133192019251304e+00
6.105182236692056286e+00
6.111256751101740825e+00
6.111256751101740825e+00
6.117356950638158430e+00
6.117356950638158430e+00
6.117356950638158430e+00
6.117356950638158430e+00
6.123483053435000656e+00
6.123483053435000656e+00
6.129635280416595222e+00
6.135813855345720214e+00
6.135813855345720214e+00
6.135813855345720214e+00
6.148250958583942882e+00
6.160796211903056374e+00
6.167109985835258712e+00
6.167109985835258712e+00
6.173451512709084987e+00
6.173451512709084987e+00
6.173451512709084987e+00
6.186218808782962597e+00
6.231815675223074003e+00
6.258533013598853501e+00
