12.2862
9.37698
12.4169
13.2162
14.9888
9.38391
12.1162
10.0894
12.1786
15.0142
10.1915
16.0342
12.9756
14.3525
12.9839
12.4497
12.9832
12.1967
15.0429
12.993
10.1003
12.1486
9.29307
10.192
13.0414
10.2066
12.9923
9.36021
12.9735
10.1795
9.3842
13.0386
10.3081
12.9756
12.1774
12.1651
12.2195
12.942
10.1686
13.0184
12.1935
9.29485
12.9618
12.979
10.1635
10.2055
12.1557
15.0722
14.0796
14.9502
14.0227
12.1643
13.0071
10.1967
12.9563
9.39123
12.2195
12.1999
12.2076
12.2048
14.8477
13.0357
12.2888
12.2162
10.1858
14.0156
12.1193
12.1628
10.1898
10.0982
12.1037
10.1958
13.1951
12.9749
10.1809
13.0612
12.1878
10.2006
12.183
14.0299
10.0861
12.2426
13.0064
10.2117
12.3192
12.2322
10.2988
13.0335
12.2683
12.9888
12.3126
10.1806
9.39227
10.1107
12.2125
12.1943
13.0553
10.2045
12.9652
12.1951
12.1374
15.0961
10.1932
12.3616
13.0321
12.2048
10.1878
14.9072
10.198
9.36723
12.206
9.28602
9.38869
12.993
14.1128
12.1502
11.5954
12.1878
15.0342
13.022
12.1651
12.1918
12.9958
10.1022
12.1802
12.4061
10.1978
12.1549
12.3738
10.1846
10.2008
10.2021
10.2013
10.1946
10.1983
13.0177
10.1739
9.37703
12.1651
10.1649
10.0924
10.173
10.2052
10.199
10.2169
12.2331
14.9529
10.2972
13.0184
14.9285
9.49648
10.1861
12.112
12.217
15.0901
10.0909
13.0612
12.3161
10.1866
13.0056
12.2211
16.0056
15.0841
10.0783
9.38489
13.9693
13.0064
13.0292
15.0142
10.1904
13.9488
10.1704
12.9944
9.37955
9.37978
16.0056
11.6304
9.27192
12.9353
12.1991
10.1873
9.3807
15.0634
10.1028
13.0263
10.0938
12.993
13.0263
10.1788
10.1905
12.2052
15
10.1939
9.29421
10.2105
12.9874
12.9769
9.36848
10.1719
9.29119
10.1949
12.2105
13.0199
9.38408
14.9888
12.9867
12.2052
13.0465
10.202
12.0867
12.9993
14.9888
10.0851
12.1711
10.091
9.39065
9.35857
12.2076
10.1002
12.1794
9.39117
10.196
9.38535
12.1758
10.3139
12.1471
12.9762
9.28147
10.2242
10.1777
14.0826
12.1951
10.1824
9.49475
10.215
12.4344
12.1541
12.2105
15.0056
12.9762
12.3922
13.9902
12.2227
12.1858
12.2199
14.9832
9.47662
9.38592
13.0285
15.0546
12.2117
14.0693
10.2
12.1914
12.9923
9.49966
12.2862
9.37698
12.4169
13.2162
14.9888
9.38391
12.1162
10.0894
12.1786
15.0142
10.1915
16.0342
12.9756
14.3525
12.9839
12.4497
12.9832
12.1967
15.0429
12.993
10.1003
12.1486
9.29307
10.192
13.0414
10.2066
12.9923
9.36021
12.9735
10.1795
9.3842
13.0386
10.3081
12.9756
12.1774
12.1651
12.2195
12.942
10.1686
13.0184
12.1935
9.29485
12.9618
12.979
10.1635
10.2055
12.1557
15.0722
14.0796
14.9502
14.0227
12.1643
13.0071
10.1967
12.9563
9.39123
12.2195
12.1999
12.2076
12.2048
14.8477
13.0357
12.2888
12.2162
10.1858
14.0156
12.1193
12.1628
10.1898
10.0982
12.1037
10.1958
13.1951
12.9749
10.1809
13.0612
12.1878
10.2006
12.183
14.0299
10.0861
12.2426
13.0064
10.2117
12.3192
12.2322
10.2988
13.0335
12.2683
12.9888
12.3126
10.1806
9.39227
10.1107
12.2125
12.1943
13.0553
10.2045
12.9652
12.1951
12.1374
15.0961
10.1932
12.3616
13.0321
12.2048
10.1878
14.9072
10.198
9.36723
12.206
9.28602
9.38869
12.993
14.1128
12.1502
11.5954
12.1878
15.0342
13.022
12.1651
12.1918
12.9958
10.1022
12.1802
12.4061
10.1978
12.1549
12.3738
10.1846
10.2008
10.2021
10.2013
10.1946
10.1983
13.0177
10.1739
9.37703
12.1651
10.1649
10.0924
10.173
10.2052
10.199
10.2169
12.2331
14.9529
10.2972
13.0184
14.9285
9.49648
10.1861
12.112
12.217
15.0901
10.0909
13.0612
12.3161
10.1866
13.0056
12.2211
16.0056
15.0841
10.0783
9.38489
13.9693
13.0064
13.0292
15.0142
10.1904
13.9488
10.1704
12.9944
9.37955
9.37978
16.0056
11.6304
9.27192
12.9353
12.1991
10.1873
9.3807
15.0634
10.1028
13.0263
10.0938
12.993
13.0263
10.1788
10.1905
12.2052
15
10.1939
9.29421
10.2105
12.9874
12.9769
9.36848
10.1719
9.29119
10.1949
12.2105
13.0199
9.38408
14.9888
12.9867
12.2052
13.0465
10.202
12.0867
12.9993
14.9888
10.0851
12.1711
10.091
9.39065
9.35857
12.2076
10.1002
12.1794
9.39117
10.196
9.38535
12.1758
10.3139
12.1471
12.9762
9.28147
10.2242
10.1777
14.0826
12.1951
10.1824
9.49475
10.215
12.4344
12.1541
12.2105
15.0056
12.9762
12.3922
13.9902
12.2227
12.1858
12.2199
14.9832
9.47662
9.38592
13.0285
15.0546
12.2117
14.0693
10.2
12.1914
12.9923
9.49966
12.2862
9.37698
12.4169
13.2162
14.9888
9.38391
12.1162
10.0894
12.1786
15.0142
10.1915
16.0342
12.9756
14.3525
12.9839
12.4497
12.9832
12.1967
15.0429
12.993
10.1003
12.1486
9.29307
10.192
13.0414
10.2066
12.9923
9.36021
12.9735
10.1795
9.3842
13.0386
10.3081
12.9756
12.1774
12.1651
12.2195
12.942
10.1686
13.0184
12.1935
9.29485
12.9618
12.979
10.1635
10.2055
12.1557
15.0722
14.0796
14.9502
14.0227
12.1643
13.0071
10.1967
12.9563
9.39123
12.2195
12.1999
12.2076
12.2048
14.8477
13.0357
12.2888
12.2162
10.1858
14.0156
12.1193
12.1628
10.1898
10.0982
12.1037
10.1958
13.1951
12.9749
10.1809
13.0612
12.1878
10.2006
12.183
14.0299
10.0861
12.2426
13.0064
10.2117
12.3192
12.2322
10.2988
13.0335
12.2683
12.9888
12.3126
10.1806
9.39227
10.1107
12.2125
12.1943
13.0553
10.2045
12.9652
12.1951
12.1374
15.0961
10.1932
12.3616
13.0321
12.2048
10.1878
14.9072
10.198
9.36723
12.206
9.28602
9.38869
12.993
14.1128
12.1502
11.5954
12.1878
15.0342
13.022
12.1651
12.1918
12.9958
10.1022
12.1802
12.4061
10.1978
12.1549
12.3738
10.1846
10.2008
10.2021
10.2013
10.1946
10.1983
13.0177
10.1739
9.37703
12.1651
10.1649
10.0924
10.173
10.2052
10.199
10.2169
12.2331
14.9529
10.2972
13.0184
14.9285
9.49648
10.1861
12.112
12.217
15.0901
10.0909
13.0612
12.3161
10.1866
13.0056
12.2211
16.0056
15.0841
10.0783
9.38489
13.9693
13.0064
13.0292
15.0142
10.1904
13.9488
10.1704
12.9944
9.37955
9.37978
16.0056
11.6304
9.27192
12.9353
12.1991
10.1873
9.3807
15.0634
10.1028
13.0263
10.0938
12.993
13.0263
10.1788
10.1905
12.2052
15
10.1939
9.29421
10.2105
12.9874
12.9769
9.36848
10.1719
9.29119
10.1949
12.2105
13.0199
9.38408
14.9888
12.9867
12.2052
13.0465
10.202
12.0867
12.9993
14.9888
10.0851
12.1711
10.091
9.39065
9.35857
12.2076
10.1002
12.1794
9.39117
10.196
9.38535
12.1758
10.3139
12.1471
12.9762
9.28147
10.2242
10.1777
14.0826
12.1951
10.1824
9.49475
10.215
12.4344
12.1541
12.2105
15.0056
12.9762
12.3922
13.9902
12.2227
12.1858
12.2199
14.9832
9.47662
9.38592
13.0285
15.0546
12.2117
14.0693
10.2
12.1914
12.9923
9.49966
12.2862
9.37698
12.4169
13.2162
14.9888
9.38391
12.1162
10.0894
12.1786
15.0142
10.1915
16.0342
12.9756
14.3525
12.9839
12.4497
12.9832
12.1967
15.0429
12.993
10.1003
12.1486
9.29307
10.192
13.0414
10.2066
12.9923
9.36021
12.9735
10.1795
9.3842
13.0386
10.3081
12.9756
12.1774
12.1651
12.2195
12.942
10.1686
13.0184
12.1935
9.29485
12.9618
12.979
10.1635
10.2055
12.1557
15.0722
14.0796
14.9502
14.0227
12.1643
13.0071
10.1967
12.9563
9.39123
12.2195
12.1999
12.2076
12.2048
14.8477
13.0357
12.2888
12.2162
10.1858
14.0156
12.1193
12.1628
10.1898
10.0982
12.1037
10.1958
13.1951
12.9749
10.1809
13.0612
12.1878
10.2006
12.183
14.0299
10.0861
12.2426
13.0064
10.2117
12.3192
12.2322
10.2988
13.0335
12.2683
12.9888
12.3126
10.1806
9.39227
10.1107
12.2125
12.1943
13.0553
10.2045
12.9652
12.1951
12.1374
15.0961
10.1932
12.3616
13.0321
12.2048
10.1878
14.9072
10.198
9.36723
12.206
9.28602
9.38869
12.993
14.1128
12.1502
11.5954
12.1878
15.0342
13.022
12.1651
12.1918
12.9958
10.1022
12.1802
12.4061
10.1978
12.1549
12.3738
10.1846
10.2008
10.2021
10.2013
10.1946
10.1983
13.0177
10.1739
9.37703
12.1651
10.1649
10.0924
10.173
10.2052
10.199
10.2169
12.2331
14.9529
10.2972
13.0184
14.9285
9.49648
10.1861
12.112
12.217
15.0901
10.0909
13.0612
12.3161
10.1866
13.0056
12.2211
16.0056
15.0841
10.0783
9.38489
13.9693
13.0064
13.0292
15.0142
10.1904
13.9488
10.1704
12.9944
9.37955
9.37978
16.0056
11.6304
9.27192
12.9353
12.1991
10.1873
9.3807
15.0634
10.1028
13.0263
10.0938
12.993
13.0263
10.1788
10.1905
12.2052
15
10.1939
9.29421
10.2105
12.9874
12.9769
9.36848
10.1719
9.29119
10.1949
12.2105
13.0199
9.38408
14.9888
12.9867
12.2052
13.0465
10.202
12.0867
12.9993
14.9888
10.0851
12.1711
10.091
9.39065
9.35857
12.2076
10.1002
12.1794
9.39117
10.196
9.38535
12.1758
10.3139
12.1471
12.9762
9.28147
10.2242
10.1777
14.0826
12.1951
10.1824
9.49475
10.215
12.4344
12.1541
12.2105
15.0056
12.9762
12.3922
13.9902
12.2227
12.1858
12.2199
14.9832
9.47662
9.38592
13.0285
15.0546
12.2117
14.0693
10.2
12.1914
12.9923
9.49966
12.2862
9.37698
12.4169
13.2162
14.9888
9.38391
12.1162
10.0894
12.1786
15.0142
10.1915
16.0342
12.9756
14.3525
12.9839
12.4497
12.9832
12.1967
15.0429
12.993
10.1003
12.1486
9.29307
10.192
13.0414
10.2066
12.9923
9.36021
12.9735
10.1795
9.3842
13.0386
10.3081
12.9756
12.1774
12.1651
12.2195
12.942
10.1686
13.0184
12.1935
9.29485
12.9618
12.979
10.1635
10.2055
12.1557
15.0722
14.0796
14.9502
14.0227
12.1643
13.0071
10.1967
12.9563
9.39123
12.2195
12.1999
12.2076
12.2048
14.8477
13.0357
12.2888
12.2162
10.1858
14.0156
12.1193
12.1628
10.1898
10.0982
12.1037
10.1958
13.1951
12.9749
10.1809
13.0612
12.1878
10.2006
12.183
14.0299
10.0861
12.2426
13.0064
10.2117
12.3192
12.2322
10.2988
13.0335
12.2683
12.9888
12.3126
10.1806
9.39227
10.1107
12.2125
12.1943
13.0553
10.2045
12.9652
12.1951
12.1374
15.0961
10.1932
12.3616
13.0321
12.2048
10.1878
14.9072
10.198
9.36723
12.206
9.28602
9.38869
12.993
14.1128
12.1502
11.5954
12.1878
15.0342
13.022
12.1651
12.1918
12.9958
10.1022
12.1802
12.4061
10.1978
12.1549
12.3738
10.1846
10.2008
10.2021
10.2013
10.1946
10.1983
13.0177
10.1739
9.37703
12.1651
10.1649
10.0924
10.173
10.2052
10.199
10.2169
12.2331
14.9529
10.2972
13.0184
14.9285
9.49648
10.1861
12.112
12.217
15.0901
10.0909
13.0612
12.3161
10.1866
13.0056
12.2211
16.0056
15.0841
10.0783
9.38489
13.9693
13.0064
13.0292
15.0142
10.1904
13.9488
10.1704
12.9944
9.37955
9.37978
16.0056
11.6304
9.27192
12.9353
12.1991
10.1873
9.3807
15.0634
10.1028
13.0263
10.0938
12.993
13.0263
10.1788
10.1905
12.2052
15
10.1939
9.29421
10.2105
12.9874
12.9769
9.36848
10.1719
9.29119
10.1949
12.2105
13.0199
9.38408
14.9888
12.9867
12.2052
13.0465
10.202
12.0867
12.9993
14.9888
10.0851
12.1711
10.091
9.39065
9.35857
12.2076
10.1002
12.1794
9.39117
10.196
9.38535
12.1758
10.3139
12.1471
12.9762
9.28147
10.2242
10.1777
14.0826
12.1951
10.1824
9.49475
10.215
12.4344
12.1541
12.2105
15.0056
12.9762
12.3922
13.9902
12.2227
12.1858
12.2199
14.9832
9.47662
9.38592
13.0285
15.0546
12.2117
14.0693
10.2
12.1914
12.9923
9.49966
12.2862
9.37698
12.4169
13.2162
14.9888
9.38391
12.1162
10.0894
12.1786
15.0142
10.1915
16.0342
12.9756
14.3525
12.9839
12.4497
12.9832
12.1967
15.0429
12.993
10.1003
12.1486
9.29307
10.192
13.0414
10.2066
12.9923
9.36021
12.9735
10.1795
9.3842
13.0386
10.3081
12.9756
12.1774
12.1651
12.2195
12.942
10.1686
13.0184
12.1935
9.29485
12.9618
12.979
10.1635
10.2055
12.1557
15.0722
14.0796
14.9502
14.0227
12.1643
13.0071
10.1967
12.9563
9.39123
12.2195
12.1999
12.2076
12.2048
14.8477
13.0357
12.2888
12.2162
10.1858
14.0156
12.1193
12.1628
10.1898
10.0982
12.1037
10.1958
13.1951
12.9749
10.1809
13.0612
12.1878
10.2006
12.183
14.0299
10.0861
12.2426
13.0064
10.2117
12.3192
12.2322
10.2988
13.0335
12.2683
12.9888
12.3126
10.1806
9.39227
10.1107
12.2125
12.1943
13.0553
10.2045
12.9652
12.1951
12.1374
15.0961
10.1932
12.3616
13.0321
12.2048
10.1878
14.9072
10.198
9.36723
12.206
9.28602
9.38869
12.993
14.1128
12.1502
11.5954
12.1878
15.0342
13.022
12.1651
12.1918
12.9958
10.1022
12.1802
12.4061
10.1978
12.1549
12.3738
10.1846
10.2008
10.2021
10.2013
10.1946
10.1983
13.0177
10.1739
9.37703
12.1651
10.1649
10.0924
10.173
10.2052
10.199
10.2169
12.2331
14.9529
10.2972
13.0184
14.9285
9.49648
10.1861
12.112
12.217
15.0901
10.0909
13.0612
12.3161
10.1866
13.0056
12.2211
16.0056
15.0841
10.0783
9.38489
13.9693
13.0064
13.0292
15.0142
10.1904
13.9488
10.1704
12.9944
9.37955
9.37978
16.0056
11.6304
9.27192
12.9353
12.1991
10.1873
9.3807
15.0634
10.1028
13.0263
10.0938
12.993
13.0263
10.1788
10.1905
12.2052
15
10.1939
9.29421
10.2105
12.9874
12.9769
9.36848
10.1719
9.29119
10.1949
12.2105
13.0199
9.38408
14.9888
12.9867
12.2052
13.0465
10.202
12.0867
12.9993
14.9888
10.0851
12.1711
10.091
9.39065
9.35857
12.2076
10.1002
12.1794
9.39117
10.196
9.38535
12.1758
10.3139
12.1471
12.9762
9.28147
10.2242
10.1777
14.0826
12.1951
10.1824
9.49475
10.215
12.4344
12.1541
12.2105
15.0056
12.9762
12.3922
13.9902
12.2227
12.1858
12.2199
14.9832
9.47662
9.38592
13.0285
15.0546
12.2117
14.0693
10.2
12.1914
12.9923
9.49966
12.2862
9.37698
12.4169
13.2162
14.9888
9.38391
12.1162
10.0894
12.1786
15.0142
10.1915
16.0342
12.9756
14.3525
12.9839
12.4497
12.9832
12.1967
15.0429
12.993
10.1003
12.1486
9.29307
10.192
13.0414
10.2066
12.9923
9.36021
12.9735
10.1795
9.3842
13.0386
10.3081
12.9756
12.1774
12.1651
12.2195
12.942
10.1686
13.0184
12.1935
9.29485
12.9618
12.979
10.1635
10.2055
12.1557
15.0722
14.0796
14.9502
14.0227
12.1643
13.0071
10.1967
12.9563
9.39123
12.2195
12.1999
12.2076
12.2048
14.8477
13.0357
12.2888
12.2162
10.1858
14.0156
12.1193
12.1628
10.1898
10.0982
12.1037
10.1958
13.1951
12.9749
10.1809
13.0612
12.1878
10.2006
12.183
14.0299
10.0861
12.2426
13.0064
10.2117
12.3192
12.2322
10.2988
13.0335
12.2683
12.9888
12.3126
10.1806
9.39227
10.1107
12.2125
12.1943
13.0553
10.2045
12.9652
12.1951
12.1374
15.0961
10.1932
12.3616
13.0321
12.2048
10.1878
14.9072
10.198
9.36723
12.206
9.28602
9.38869
12.993
14.1128
12.1502
11.5954
12.1878
15.0342
13.022
12.1651
12.1918
12.9958
10.1022
12.1802
12.4061
10.1978
12.1549
12.3738
10.1846
10.2008
10.2021
10.2013
10.1946
10.1983
13.0177
10.1739
9.37703
12.1651
10.1649
10.0924
10.173
10.2052
10.199
10.2169
12.2331
14.9529
10.2972
13.0184
14.9285
9.49648
10.1861
12.112
12.217
15.0901
10.0909
13.0612
12.3161
10.1866
13.0056
12.2211
16.0056
15.0841
10.0783
9.38489
13.9693
13.0064
13.0292
15.0142
10.1904
13.9488
10.1704
12.9944
9.37955
9.37978
16.0056
11.6304
9.27192
12.9353
12.1991
10.1873
9.3807
15.0634
10.1028
13.0263
10.0938
12.993
13.0263
10.1788
10.1905
12.2052
15
10.1939
9.29421
10.2105
12.9874
12.9769
9.36848
10.1719
9.29119
10.1949
12.2105
13.0199
9.38408
14.9888
12.9867
12.2052
13.0465
10.202
12.0867
12.9993
14.9888
10.0851
12.1711
10.091
9.39065
9.35857
12.2076
10.1002
12.1794
9.39117
10.196
9.38535
12.1758
10.3139
12.1471
12.9762
9.28147
10.2242
10.1777
14.0826
12.1951
10.1824
9.49475
10.215
12.4344
12.1541
12.2105
15.0056
12.9762
12.3922
13.9902
12.2227
12.1858
12.2199
14.9832
9.47662
9.38592
13.0285
15.0546
12.2117
14.0693
10.2
12.1914
12.9923
9.49966
12.2862
9.37698
12.4169
13.2162
14.9888
9.38391
12.1162
10.0894
12.1786
15.0142
10.1915
16.0342
12.9756
14.3525
12.9839
12.4497
12.9832
12.1967
15.0429
12.993
10.1003
12.1486
9.29307
10.192
13.0414
10.2066
12.9923
9.36021
12.9735
10.1795
9.3842
13.0386
10.3081
12.9756
12.1774
12.1651
12.2195
12.942
10.1686
13.0184
12.1935
9.29485
12.9618
12.979
10.1635
10.2055
12.1557
15.0722
14.0796
14.9502
14.0227
12.1643
13.0071
10.1967
12.9563
9.39123
12.2195
12.1999
12.2076
12.2048
14.8477
13.0357
12.2888
12.2162
10.1858
14.0156
12.1193
12.1628
10.1898
10.0982
12.1037
10.1958
13.1951
12.9749
10.1809
13.0612
12.1878
10.2006
12.183
14.0299
10.0861
12.2426
13.0064
10.2117
12.3192
12.2322
10.2988
13.0335
12.2683
12.9888
12.3126
10.1806
9.39227
10.1107
12.2125
12.1943
13.0553
10.2045
12.9652
12.1951
12.1374
15.0961
10.1932
12.3616
13.0321
12.2048
10.1878
14.9072
10.198
9.36723
12.206
9.28602
9.38869
12.993
14.1128
12.1502
11.5954
12.1878
15.0342
13.022
12.1651
12.1918
12.9958
10.1022
12.1802
12.4061
10.1978
12.1549
12.3738
10.1846
10.2008
10.2021
10.2013
10.1946
10.1983
13.0177
10.1739
9.37703
12.1651
10.1649
10.0924
10.173
10.2052
10.199
10.2169
12.2331
14.9529
10.2972
13.0184
14.9285
9.49648
10.1861
12.112
12.217
15.0901
10.0909
13.0612
12.3161
10.1866
13.0056
12.2211
16.0056
15.0841
10.0783
9.38489
13.9693
13.0064
13.0292
15.0142
10.1904
13.9488
10.1704
12.9944
9.37955
9.37978
16.0056
11.6304
9.27192
12.9353
12.1991
10.1873
9.3807
15.0634
10.1028
13.0263
10.0938
12.993
13.0263
10.1788
10.1905
12.2052
15
10.1939
9.29421
10.2105
12.9874
12.9769
9.36848
10.1719
9.29119
10.1949
12.2105
13.0199
9.38408
14.9888
12.9867
12.2052
13.0465
10.202
12.0867
12.9993
14.9888
10.0851
12.1711
10.091
9.39065
9.35857
12.2076
10.1002
12.1794
9.39117
10.196
9.38535
12.1758
10.3139
12.1471
12.9762
9.28147
10.2242
10.1777
14.0826
12.1951
10.1824
9.49475
10.215
12.4344
12.1541
12.2105
15.0056
12.9762
12.3922
13.9902
12.2227
12.1858
12.2199
14.9832
9.47662
9.38592
13.0285
15.0546
12.2117
14.0693
10.2
12.1914
12.9923
9.49966
12.2862
9.37698
12.4169
13.2162
14.9888
9.38391
12.1162
10.0894
12.1786
15.0142
10.1915
16.0342
12.9756
14.3525
12.9839
12.4497
12.9832
12.1967
15.0429
12.993
10.1003
12.1486
9.29307
10.192
13.0414
10.2066
12.9923
9.36021
12.9735
10.1795
9.3842
13.0386
10.3081
12.9756
12.1774
12.1651
12.2195
12.942
10.1686
13.0184
12.1935
9.29485
12.9618
12.979
10.1635
10.2055
12.1557
15.0722
14.0796
14.9502
14.0227
12.1643
13.0071
10.1967
12.9563
9.39123
12.2195
12.1999
12.2076
12.2048
14.8477
13.0357
12.2888
12.2162
10.1858
14.0156
12.1193
12.1628
10.1898
10.0982
12.1037
10.1958
13.1951
12.9749
10.1809
13.0612
12.1878
10.2006
12.183
14.0299
10.0861
12.2426
13.0064
10.2117
12.3192
12.2322
10.2988
13.0335
12.2683
12.9888
12.3126
10.1806
9.39227
10.1107
12.2125
12.1943
13.0553
10.2045
12.9652
12.1951
12.1374
15.0961
10.1932
12.3616
13.0321
12.2048
10.1878
14.9072
10.198
9.36723
12.206
9.28602
9.38869
12.993
14.1128
12.1502
11.5954
12.1878
15.0342
13.022
12.1651
12.1918
12.9958
10.1022
12.1802
12.4061
10.1978
12.1549
12.3738
10.1846
10.2008
10.2021
10.2013
10.1946
10.1983
13.0177
10.1739
9.37703
12.1651
10.1649
10.0924
10.173
10.2052
10.199
10.2169
12.2331
14.9529
10.2972
13.0184
14.9285
9.49648
10.1861
12.112
12.217
15.0901
10.0909
13.0612
12.3161
10.1866
13.0056
12.2211
16.0056
15.0841
10.0783
9.38489
13.9693
13.0064
13.0292
15.0142
10.1904
13.9488
10.1704
12.9944
9.37955
9.37978
16.0056
11.6304
9.27192
12.9353
12.1991
10.1873
9.3807
15.0634
10.1028
13.0263
10.0938
12.993
13.0263
10.1788
10.1905
12.2052
15
10.1939
9.29421
10.2105
12.9874
12.9769
9.36848
10.1719
9.29119
10.1949
12.2105
13.0199
9.38408
14.9888
12.9867
12.2052
13.0465
10.202
12.0867
12.9993
14.9888
10.0851
12.1711
10.091
9.39065
9.35857
12.2076
10.1002
12.1794
9.39117
10.196
9.38535
12.1758
10.3139
12.1471
12.9762
9.28147
10.2242
10.1777
14.0826
12.1951
10.1824
9.49475
10.215
12.4344
12.1541
12.2105
15.0056
12.9762
12.3922
13.9902
12.2227
12.1858
12.2199
14.9832
9.47662
9.38592
13.0285
15.0546
12.2117
14.0693
10.2
12.1914
12.9923
9.49966
12.2862
9.37698
12.4169
13.2162
14.9888
9.38391
12.1162
10.0894
12.1786
15.0142
10.1915
16.0342
12.9756
14.3525
12.9839
12.4497
12.9832
12.1967
15.0429
12.993
10.1003
12.1486
9.29307
10.192
13.0414
10.2066
12.9923
9.36021
12.9735
10.1795
9.3842
13.0386
10.3081
12.9756
12.1774
12.1651
12.2195
12.942
10.1686
13.0184
12.1935
9.29485
12.9618
12.979
10.1635
10.2055
12.1557
15.0722
14.0796
14.9502
14.0227
12.1643
13.0071
10.1967
12.9563
9.39123
12.2195
12.1999
12.2076
12.2048
14.8477
13.0357
12.2888
12.2162
10.1858
14.0156
12.1193
12.1628
10.1898
10.0982
12.1037
10.1958
13.1951
12.9749
10.1809
13.0612
12.1878
10.2006
12.183
14.0299
10.0861
12.2426
13.0064
10.2117
12.3192
12.2322
10.2988
13.0335
12.2683
12.9888
12.3126
10.1806
9.39227
10.1107
12.2125
12.1943
13.0553
10.2045
12.9652
12.1951
12.1374
15.0961
10.1932
12.3616
13.0321
12.2048
10.1878
14.9072
10.198
9.36723
12.206
9.28602
9.38869
12.993
14.1128
12.1502
11.5954
12.1878
15.0342
13.022
12.1651
12.1918
12.9958
10.1022
12.1802
12.4061
10.1978
12.1549
12.3738
10.1846
10.2008
10.2021
10.2013
10.1946
10.1983
13.0177
10.1739
9.37703
12.1651
10.1649
10.0924
10.173
10.2052
10.199
10.2169
12.2331
14.9529
10.2972
13.0184
14.9285
9.49648
10.1861
12.112
12.217
15.0901
10.0909
13.0612
12.3161
10.1866
13.0056
12.2211
16.0056
15.0841
10.0783
9.38489
13.9693
13.0064
13.0292
15.0142
10.1904
13.9488
10.1704
12.9944
9.37955
9.37978
16.0056
11.6304
9.27192
12.9353
12.1991
10.1873
9.3807
15.0634
10.1028
13.0263
10.0938
12.993
13.0263
10.1788
10.1905
12.2052
15
10.1939
9.29421
10.2105
12.9874
12.9769
9.36848
10.1719
9.29119
10.1949
12.2105
13.0199
9.38408
14.9888
12.9867
12.2052
13.0465
10.202
12.0867
12.9993
14.9888
10.0851
12.1711
10.091
9.39065
9.35857
12.2076
10.1002
12.1794
9.39117
10.196
9.38535
12.1758
10.3139
12.1471
12.9762
9.28147
10.2242
10.1777
14.0826
12.1951
10.1824
9.49475
10.215
12.4344
12.1541
12.2105
15.0056
12.9762
12.3922
13.9902
12.2227
12.1858
12.2199
14.9832
9.47662
9.38592
13.0285
15.0546
12.2117
14.0693
10.2
12.1914
12.9923
9.49966
12.2862
9.37698
12.4169
13.2162
14.9888
9.38391
12.1162
10.0894
12.1786
15.0142
10.1915
16.0342
12.9756
14.3525
12.9839
12.4497
12.9832
12.1967
15.0429
12.993
10.1003
12.1486
9.29307
10.192
13.0414
10.2066
12.9923
9.36021
12.9735
10.1795
9.3842
13.0386
10.3081
12.9756
12.1774
12.1651
12.2195
12.942
10.1686
13.0184
12.1935
9.29485
12.9618
12.979
10.1635
10.2055
12.1557
15.0722
14.0796
14.9502
14.0227
12.1643
13.0071
10.1967
12.9563
9.39123
12.2195
12.1999
12.2076
12.2048
14.8477
13.0357
12.2888
12.2162
10.1858
14.0156
12.1193
12.1628
10.1898
10.0982
12.1037
10.1958
13.1951
12.9749
10.1809
13.0612
12.1878
10.2006
12.183
14.0299
10.0861
12.2426
13.0064
10.2117
12.3192
12.2322
10.2988
13.0335
12.2683
12.9888
12.3126
10.1806
9.39227
10.1107
12.2125
12.1943
13.0553
10.2045
12.9652
12.1951
12.1374
15.0961
10.1932
12.3616
13.0321
12.2048
10.1878
14.9072
10.198
9.36723
12.206
9.28602
9.38869
12.993
14.1128
12.1502
11.5954
12.1878
15.0342
13.022
12.1651
12.1918
12.9958
10.1022
12.1802
12.4061
10.1978
12.1549
12.3738
10.1846
10.2008
10.2021
10.2013
10.1946
10.1983
13.0177
10.1739
9.37703
12.1651
10.1649
10.0924
10.173
10.2052
10.199
10.2169
12.2331
14.9529
10.2972
13.0184
14.9285
9.49648
10.1861
12.112
12.217
15.0901
10.0909
13.0612
12.3161
10.1866
13.0056
12.2211
16.0056
15.0841
10.0783
9.38489
13.9693
13.0064
13.0292
15.0142
10.1904
13.9488
10.1704
12.9944
9.37955
9.37978
16.0056
11.6304
9.27192
12.9353
12.1991
10.1873
9.3807
15.0634
10.1028
13.0263
10.0938
12.993
13.0263
10.1788
10.1905
12.2052
15
10.1939
9.29421
10.2105
12.9874
12.9769
9.36848
10.1719
9.29119
10.1949
12.2105
13.0199
9.38408
14.9888
12.9867
12.2052
13.0465
10.202
12.0867
12.9993
14.9888
10.0851
12.1711
10.091
9.39065
9.35857
12.2076
10.1002
12.1794
9.39117
10.196
9.38535
12.1758
10.3139
12.1471
12.9762
9.28147
10.2242
10.1777
14.0826
12.1951
10.1824
9.49475
10.215
12.4344
12.1541
12.2105
15.0056
12.9762
12.3922
13.9902
12.2227
12.1858
12.2199
14.9832
9.47662
9.38592
13.0285
15.0546
12.2117
14.0693
10.2
12.1914
12.9923
9.49966
12.2862
9.37698
12.4169
13.2162
14.9888
9.38391
12.1162
10.0894
12.1786
15.0142
10.1915
16.0342
12.9756
14.3525
12.9839
12.4497
12.9832
12.1967
15.0429
12.993
10.1003
12.1486
9.29307
10.192
13.0414
10.2066
12.9923
9.36021
12.9735
10.1795
9.3842
13.0386
10.3081
12.9756
12.1774
12.1651
12.2195
12.942
10.1686
13.0184
12.1935
9.29485
12.9618
12.979
10.1635
10.2055
12.1557
15.0722
14.0796
14.9502
14.0227
12.1643
13.0071
10.1967
12.9563
9.39123
12.2195
12.1999
12.2076
12.2048
14.8477
13.0357
12.2888
12.2162
10.1858
14.0156
12.1193
12.1628
10.1898
10.0982
12.1037
10.1958
13.1951
12.9749
10.1809
13.0612
12.1878
10.2006
12.183
14.0299
10.0861
12.2426
13.0064
10.2117
12.3192
12.2322
10.2988
13.0335
12.2683
12.9888
12.3126
10.1806
9.39227
10.1107
12.2125
12.1943
13.0553
10.2045
12.9652
12.1951
12.1374
15.0961
10.1932
12.3616
13.0321
12.2048
10.1878
14.9072
10.198
9.36723
12.206
9.28602
9.38869
12.993
14.1128
12.1502
11.5954
12.1878
15.0342
13.022
12.1651
12.1918
12.9958
10.1022
12.1802
12.4061
10.1978
12.1549
12.3738
10.1846
10.2008
10.2021
10.2013
10.1946
10.1983
13.0177
10.1739
9.37703
12.1651
10.1649
10.0924
10.173
10.2052
10.199
10.2169
12.2331
14.9529
10.2972
13.0184
14.9285
9.49648
10.1861
12.112
12.217
15.0901
10.0909
13.0612
12.3161
10.1866
13.0056
12.2211
16.0056
15.0841
10.0783
9.38489
13.9693
13.0064
13.0292
15.0142
10.1904
13.9488
10.1704
12.9944
9.37955
9.37978
16.0056
11.6304
9.27192
12.9353
12.1991
10.1873
9.3807
15.0634
10.1028
13.0263
10.0938
12.993
13.0263
10.1788
10.1905
12.2052
15
10.1939
9.29421
10.2105
12.9874
12.9769
9.36848
10.1719
9.29119
10.1949
12.2105
13.0199
9.38408
14.9888
12.9867
12.2052
13.0465
10.202
12.0867
12.9993
14.9888
10.0851
12.1711
10.091
9.39065
9.35857
12.2076
10.1002
12.1794
9.39117
10.196
9.38535
12.1758
10.3139
12.1471
12.9762
9.28147
10.2242
10.1777
14.0826
12.1951
10.1824
9.49475
10.215
12.4344
12.1541
12.2105
15.0056
12.9762
12.3922
13.9902
12.2227
12.1858
12.2199
14.9832
9.47662
9.38592
13.0285
15.0546
12.2117
14.0693
10.2
12.1914
12.9923
9.49966
12.2862
9.37698
12.4169
13.2162
14.9888
9.38391
12.1162
10.0894
12.1786
15.0142
10.1915
16.0342
12.9756
14.3525
12.9839
12.4497
12.9832
12.1967
15.0429
12.993
10.1003
12.1486
9.29307
10.192
13.0414
10.2066
12.9923
9.36021
12.9735
10.1795
9.3842
13.0386
10.3081
12.9756
12.1774
12.1651
12.2195
12.942
10.1686
13.0184
12.1935
9.29485
12.9618
12.979
10.1635
10.2055
12.1557
15.0722
14.0796
14.9502
14.0227
12.1643
13.0071
10.1967
12.9563
9.39123
12.2195
12.1999
12.2076
12.2048
14.8477
13.0357
12.2888
12.2162
10.1858
14.0156
12.1193
12.1628
10.1898
10.0982
12.1037
10.1958
13.1951
12.9749
10.1809
13.0612
12.1878
10.2006
12.183
14.0299
10.0861
12.2426
13.0064
10.2117
12.3192
12.2322
10.2988
13.0335
12.2683
12.9888
12.3126
10.1806
9.39227
10.1107
12.2125
12.1943
13.0553
10.2045
12.9652
12.1951
12.1374
15.0961
10.1932
12.3616
13.0321
12.2048
10.1878
14.9072
10.198
9.36723
12.206
9.28602
9.38869
12.993
14.1128
12.1502
11.5954
12.1878
15.0342
13.022
12.1651
12.1918
12.9958
10.1022
12.1802
12.4061
10.1978
12.1549
12.3738
10.1846
10.2008
10.2021
10.2013
10.1946
10.1983
13.0177
10.1739
9.37703
12.1651
10.1649
10.0924
10.173
10.2052
10.199
10.2169
12.2331
14.9529
10.2972
13.0184
14.9285
9.49648
10.1861
12.112
12.217
15.0901
10.0909
13.0612
12.3161
10.1866
13.0056
12.2211
16.0056
15.0841
10.0783
9.38489
13.9693
13.0064
13.0292
15.0142
10.1904
13.9488
10.1704
12.9944
9.37955
9.37978
16.0056
11.6304
9.27192
12.9353
12.1991
10.1873
9.3807
15.0634
10.1028
13.0263
10.0938
12.993
13.0263
10.1788
10.1905
12.2052
15
10.1939
9.29421
10.2105
12.9874
12.9769
9.36848
10.1719
9.29119
10.1949
12.2105
13.0199
9.38408
14.9888
12.9867
12.2052
13.0465
10.202
12.0867
12.9993
14.9888
10.0851
12.1711
10.091
9.39065
9.35857
12.2076
10.1002
12.1794
9.39117
10.196
9.38535
12.1758
10.3139
12.1471
12.9762
9.28147
10.2242
10.1777
14.0826
12.1951
10.1824
9.49475
10.215
12.4344
12.1541
12.2105
15.0056
12.9762
12.3922
13.9902
12.2227
12.1858
12.2199
14.9832
9.47662
9.38592
13.0285
15.0546
12.2117
14.0693
10.2
12.1914
12.9923
9.49966
12.2862
9.37698
12.4169
13.2162
14.9888
9.38391
12.1162
10.0894
12.1786
15.0142
10.1915
16.0342
12.9756
14.3525
12.9839
12.4497
12.9832
12.1967
15.0429
12.993
10.1003
12.1486
9.29307
10.192
13.0414
10.2066
12.9923
9.36021
12.9735
10.1795
9.3842
13.0386
10.3081
12.9756
12.1774
12.1651
12.2195
12.942
10.1686
13.0184
12.1935
9.29485
12.9618
12.979
10.1635
10.2055
12.1557
15.0722
14.0796
14.9502
14.0227
12.1643
13.0071
10.1967
12.9563
9.39123
12.2195
12.1999
12.2076
12.2048
14.8477
13.0357
12.2888
12.2162
10.1858
14.0156
12.1193
12.1628
10.1898
10.0982
12.1037
10.1958
13.1951
12.9749
10.1809
13.0612
12.1878
10.2006
12.183
14.0299
10.0861
12.2426
13.0064
10.2117
12.3192
12.2322
10.2988
13.0335
12.2683
12.9888
12.3126
10.1806
9.39227
10.1107
12.2125
12.1943
13.0553
10.2045
12.9652
12.1951
12.1374
15.0961
10.1932
12.3616
13.0321
12.2048
10.1878
14.9072
10.198
9.36723
12.206
9.28602
9.38869
12.993
14.1128
12.1502
11.5954
12.1878
15.0342
13.022
12.1651
12.1918
12.9958
10.1022
12.1802
12.4061
10.1978
12.1549
12.3738
10.1846
10.2008
10.2021
10.2013
10.1946
10.1983
13.0177
10.1739
9.37703
12.1651
10.1649
10.0924
10.173
10.2052
10.199
10.2169
12.2331
14.9529
10.2972
13.0184
14.9285
9.49648
10.1861
12.112
12.217
15.0901
10.0909
13.0612
12.3161
10.1866
13.0056
12.2211
16.0056
15.0841
10.0783
9.38489
13.9693
13.0064
13.0292
15.0142
10.1904
13.9488
10.1704
12.9944
9.37955
9.37978
16.0056
11.6304
9.27192
12.9353
12.1991
10.1873
9.3807
15.0634
10.1028
13.0263
10.0938
12.993
13.0263
10.1788
10.1905
12.2052
15
10.1939
9.29421
10.2105
12.9874
12.9769
9.36848
10.1719
9.29119
10.1949
12.2105
13.0199
9.38408
14.9888
12.9867
12.2052
13.0465
10.202
12.0867
12.9993
14.9888
10.0851
12.1711
10.091
9.39065
9.35857
12.2076
10.1002
12.1794
9.39117
10.196
9.38535
12.1758
10.3139
12.1471
12.9762
9.28147
10.2242
10.1777
14.0826
12.1951
10.1824
9.49475
10.215
12.4344
12.1541
12.2105
15.0056
12.9762
12.3922
13.9902
12.2227
12.1858
12.2199
14.9832
9.47662
9.38592
13.0285
15.0546
12.2117
14.0693
10.2
12.1914
12.9923
9.49966
12.2862
9.37698
12.4169
13.2162
14.9888
9.38391
12.1162
10.0894
12.1786
15.0142
10.1915
16.0342
12.9756
14.3525
12.9839
12.4497
12.9832
12.1967
15.0429
12.993
10.1003
12.1486
9.29307
10.192
13.0414
10.2066
12.9923
9.36021
12.9735
10.1795
9.3842
13.0386
10.3081
12.9756
12.1774
12.1651
12.2195
12.942
10.1686
13.0184
12.1935
9.29485
12.9618
12.979
10.1635
10.2055
12.1557
15.0722
14.0796
14.9502
14.0227
12.1643
13.0071
10.1967
12.9563
9.39123
12.2195
12.1999
12.2076
12.2048
14.8477
13.0357
12.2888
12.2162
10.1858
14.0156
12.1193
12.1628
10.1898
10.0982
12.1037
10.1958
13.1951
12.9749
10.1809
13.0612
12.1878
10.2006
12.183
14.0299
10.0861
12.2426
13.0064
10.2117
12.3192
12.2322
10.2988
13.0335
12.2683
12.9888
12.3126
10.1806
9.39227
10.1107
12.2125
12.1943
13.0553
10.2045
12.9652
12.1951
12.1374
15.0961
10.1932
12.3616
13.0321
12.2048
10.1878
14.9072
10.198
9.36723
12.206
9.28602
9.38869
12.993
14.1128
12.1502
11.5954
12.1878
15.0342
13.022
12.1651
12.1918
12.9958
10.1022
12.1802
12.4061
10.1978
12.1549
12.3738
10.1846
10.2008
10.2021
10.2013
10.1946
10.1983
13.0177
10.1739
9.37703
12.1651
10.1649
10.0924
10.173
10.2052
10.199
10.2169
12.2331
14.9529
10.2972
13.0184
14.9285
9.49648
10.1861
12.112
12.217
15.0901
10.0909
13.0612
12.3161
10.1866
13.0056
12.2211
16.0056
15.0841
10.0783
9.38489
13.9693
13.0064
13.0292
15.0142
10.1904
13.9488
10.1704
12.9944
9.37955
9.37978
16.0056
11.6304
9.27192
12.9353
12.1991
10.1873
9.3807
15.0634
10.1028
13.0263
10.0938
12.993
13.0263
10.1788
10.1905
12.2052
15
10.1939
9.29421
10.2105
12.9874
12.9769
9.36848
10.1719
9.29119
10.1949
12.2105
13.0199
9.38408
14.9888
12.9867
12.2052
13.0465
10.202
12.0867
12.9993
14.9888
10.0851
12.1711
10.091
9.39065
9.35857
12.2076
10.1002
12.1794
9.39117
10.196
9.38535
12.1758
10.3139
12.1471
12.9762
9.28147
10.2242
10.1777
14.0826
12.1951
10.1824
9.49475
10.215
12.4344
12.1541
12.2105
15.0056
12.9762
12.3922
13.9902
12.2227
12.1858
12.2199
14.9832
9.47662
9.38592
13.0285
15.0546
12.2117
14.0693
10.2
12.1914
12.9923
9.49966
12.2862
9.37698
12.4169
13.2162
14.9888
9.38391
12.1162
10.0894
12.1786
15.0142
10.1915
16.0342
12.9756
14.3525
12.9839
12.4497
12.9832
12.1967
15.0429
12.993
10.1003
12.1486
9.29307
10.192
13.0414
10.2066
12.9923
9.36021
12.9735
10.1795
9.3842
13.0386
10.3081
12.9756
12.1774
12.1651
12.2195
12.942
10.1686
13.0184
12.1935
9.29485
12.9618
12.979
10.1635
10.2055
12.1557
15.0722
14.0796
14.9502
14.0227
12.1643
13.0071
10.1967
12.9563
9.39123
12.2195
12.1999
12.2076
12.2048
14.8477
13.0357
12.2888
12.2162
10.1858
14.0156
12.1193
12.1628
10.1898
10.0982
12.1037
10.1958
13.1951
12.9749
10.1809
13.0612
12.1878
10.2006
12.183
14.0299
10.0861
12.2426
13.0064
10.2117
12.3192
12.2322
10.2988
13.0335
12.2683
12.9888
12.3126
10.1806
9.39227
10.1107
12.2125
12.1943
13.0553
10.2045
12.9652
12.1951
12.1374
15.0961
10.1932
12.3616
13.0321
12.2048
10.1878
14.9072
10.198
9.36723
12.206
9.28602
9.38869
12.993
14.1128
12.1502
11.5954
12.1878
15.0342
13.022
12.1651
12.1918
12.9958
10.1022
12.1802
12.4061
10.1978
12.1549
12.3738
10.1846
10.2008
10.2021
10.2013
10.1946
10.1983
13.0177
10.1739
9.37703
12.1651
10.1649
10.0924
10.173
10.2052
10.199
10.2169
12.2331
14.9529
10.2972
13.0184
14.9285
9.49648
10.1861
12.112
12.217
15.0901
10.0909
13.0612
12.3161
10.1866
13.0056
12.2211
16.0056
15.0841
10.0783
9.38489
13.9693
13.0064
13.0292
15.0142
10.1904
13.9488
10.1704
12.9944
9.37955
9.37978
16.0056
11.6304
9.27192
12.9353
12.1991
10.1873
9.3807
15.0634
10.1028
13.0263
10.0938
12.993
13.0263
10.1788
10.1905
12.2052
15
10.1939
9.29421
10.2105
12.9874
12.9769
9.36848
10.1719
9.29119
10.1949
12.2105
13.0199
9.38408
14.9888
12.9867
12.2052
13.0465
10.202
12.0867
12.9993
14.9888
10.0851
12.1711
10.091
9.39065
9.35857
12.2076
10.1002
12.1794
9.39117
10.196
9.38535
12.1758
10.3139
12.1471
12.9762
9.28147
10.2242
10.1777
14.0826
12.1951
10.1824
9.49475
10.215
12.4344
12.1541
12.2105
15.0056
12.9762
12.3922
13.9902
12.2227
12.1858
12.2199
14.9832
9.47662
9.38592
13.0285
15.0546
12.2117
14.0693
10.2
12.1914
12.9923
9.49966
12.2862
9.37698
12.4169
13.2162
14.9888
9.38391
12.1162
10.0894
12.1786
15.0142
10.1915
16.0342
12.9756
14.3525
12.9839
12.4497
12.9832
12.1967
15.0429
12.993
10.1003
12.1486
9.29307
10.192
13.0414
10.2066
12.9923
9.36021
12.9735
10.1795
9.3842
13.0386
10.3081
12.9756
12.1774
12.1651
12.2195
12.942
10.1686
13.0184
12.1935
9.29485
12.9618
12.979
10.1635
10.2055
12.1557
15.0722
14.0796
14.9502
14.0227
12.1643
13.0071
10.1967
12.9563
9.39123
12.2195
12.1999
12.2076
12.2048
14.8477
13.0357
12.2888
12.2162
10.1858
14.0156
12.1193
12.1628
10.1898
10.0982
12.1037
10.1958
13.1951
12.9749
10.1809
13.0612
12.1878
10.2006
12.183
14.0299
10.0861
12.2426
13.0064
10.2117
12.3192
12.2322
10.2988
13.0335
12.2683
12.9888
12.3126
10.1806
9.39227
10.1107
12.2125
12.1943
13.0553
10.2045
12.9652
12.1951
12.1374
15.0961
10.1932
12.3616
13.0321
12.2048
10.1878
14.9072
10.198
9.36723
12.206
9.28602
9.38869
12.993
14.1128
12.1502
11.5954
12.1878
15.0342
13.022
12.1651
12.1918
12.9958
10.1022
12.1802
12.4061
10.1978
12.1549
12.3738
10.1846
10.2008
10.2021
10.2013
10.1946
10.1983
13.0177
10.1739
9.37703
12.1651
10.1649
10.0924
10.173
10.2052
10.199
10.2169
12.2331
14.9529
10.2972
13.0184
14.9285
9.49648
10.1861
12.112
12.217
15.0901
10.0909
13.0612
12.3161
10.1866
13.0056
12.2211
16.0056
15.0841
10.0783
9.38489
13.9693
13.0064
13.0292
15.0142
10.1904
13.9488
10.1704
12.9944
9.37955
9.37978
16.0056
11.6304
9.27192
12.9353
12.1991
10.1873
9.3807
15.0634
10.1028
13.0263
10.0938
12.993
13.0263
10.1788
10.1905
12.2052
15
10.1939
9.29421
10.2105
12.9874
12.9769
9.36848
10.1719
9.29119
10.1949
12.2105
13.0199
9.38408
14.9888
12.9867
12.2052
13.0465
10.202
12.0867
12.9993
14.9888
10.0851
12.1711
10.091
9.39065
9.35857
12.2076
10.1002
12.1794
9.39117
10.196
9.38535
12.1758
10.3139
12.1471
12.9762
9.28147
10.2242
10.1777
14.0826
12.1951
10.1824
9.49475
10.215
12.4344
12.1541
12.2105
15.0056
12.9762
12.3922
13.9902
12.2227
12.1858
12.2199
14.9832
9.47662
9.38592
13.0285
15.0546
12.2117
14.0693
10.2
12.1914
12.9923
9.49966
12.2862
9.37698
12.4169
13.2162
14.9888
9.38391
12.1162
10.0894
12.1786
15.0142
10.1915
16.0342
12.9756
14.3525
12.9839
12.4497
12.9832
12.1967
15.0429
12.993
10.1003
12.1486
9.29307
10.192
13.0414
10.2066
12.9923
9.36021
12.9735
10.1795
9.3842
13.0386
10.3081
12.9756
12.1774
12.1651
12.2195
12.942
10.1686
13.0184
12.1935
9.29485
12.9618
12.979
10.1635
10.2055
12.1557
15.0722
14.0796
14.9502
14.0227
12.1643
13.0071
10.1967
12.9563
9.39123
12.2195
12.1999
12.2076
12.2048
14.8477
13.0357
12.2888
12.2162
10.1858
14.0156
12.1193
12.1628
10.1898
10.0982
12.1037
10.1958
13.1951
12.9749
10.1809
13.0612
12.1878
10.2006
12.183
14.0299
10.0861
12.2426
13.0064
10.2117
12.3192
12.2322
10.2988
13.0335
12.2683
12.9888
12.3126
10.1806
9.39227
10.1107
12.2125
12.1943
13.0553
10.2045
12.9652
12.1951
12.1374
15.0961
10.1932
12.3616
13.0321
12.2048
10.1878
14.9072
10.198
9.36723
12.206
9.28602
9.38869
12.993
14.1128
12.1502
11.5954
12.1878
15.0342
13.022
12.1651
12.1918
12.9958
10.1022
12.1802
12.4061
10.1978
12.1549
12.3738
10.1846
10.2008
10.2021
10.2013
10.1946
10.1983
13.0177
10.1739
9.37703
12.1651
10.1649
10.0924
10.173
10.2052
10.199
10.2169
12.2331
14.9529
10.2972
13.0184
14.9285
9.49648
10.1861
12.112
12.217
15.0901
10.0909
13.0612
12.3161
10.1866
13.0056
12.2211
16.0056
15.0841
10.0783
9.38489
13.9693
13.0064
13.0292
15.0142
10.1904
13.9488
10.1704
12.9944
9.37955
9.37978
16.0056
11.6304
9.27192
12.9353
12.1991
10.1873
9.3807
15.0634
10.1028
13.0263
10.0938
12.993
13.0263
10.1788
10.1905
12.2052
15
10.1939
9.29421
10.2105
12.9874
12.9769
9.36848
10.1719
9.29119
10.1949
12.2105
13.0199
9.38408
14.9888
12.9867
12.2052
13.0465
10.202
12.0867
12.9993
14.9888
10.0851
12.1711
10.091
9.39065
9.35857
12.2076
10.1002
12.1794
9.39117
10.196
9.38535
12.1758
10.3139
12.1471
12.9762
9.28147
10.2242
10.1777
14.0826
12.1951
10.1824
9.49475
10.215
12.4344
12.1541
12.2105
15.0056
12.9762
12.3922
13.9902
12.2227
12.1858
12.2199
14.9832
9.47662
9.38592
13.0285
15.0546
12.2117
14.0693
10.2
12.1914
12.9923
9.49966
12.2862
9.37698
12.4169
13.2162
14.9888
9.38391
12.1162
10.0894
12.1786
15.0142
10.1915
16.0342
12.9756
14.3525
12.9839
12.4497
12.9832
12.1967
15.0429
12.993
10.1003
12.1486
9.29307
10.192
13.0414
10.2066
12.9923
9.36021
12.9735
10.1795
9.3842
13.0386
10.3081
12.9756
12.1774
12.1651
12.2195
12.942
10.1686
13.0184
12.1935
9.29485
12.9618
12.979
10.1635
10.2055
12.1557
15.0722
14.0796
14.9502
14.0227
12.1643
13.0071
10.1967
12.9563
9.39123
12.2195
12.1999
12.2076
12.2048
14.8477
13.0357
12.2888
12.2162
10.1858
14.0156
12.1193
12.1628
10.1898
10.0982
12.1037
10.1958
13.1951
12.9749
10.1809
13.0612
12.1878
10.2006
12.183
14.0299
10.0861
12.2426
13.0064
10.2117
12.3192
12.2322
10.2988
13.0335
12.2683
12.9888
12.3126
10.1806
9.39227
10.1107
12.2125
12.1943
13.0553
10.2045
12.9652
12.1951
12.1374
15.0961
10.1932
12.3616
13.0321
12.2048
10.1878
14.9072
10.198
9.36723
12.206
9.28602
9.38869
12.993
14.1128
12.1502
11.5954
12.1878
15.0342
13.022
12.1651
12.1918
12.9958
10.1022
12.1802
12.4061
10.1978
12.1549
12.3738
10.1846
10.2008
10.2021
10.2013
10.1946
10.1983
13.0177
10.1739
9.37703
12.1651
10.1649
10.0924
10.173
10.2052
10.199
10.2169
12.2331
14.9529
10.2972
13.0184
14.9285
9.49648
10.1861
12.112
12.217
15.0901
10.0909
13.0612
12.3161
10.1866
13.0056
12.2211
16.0056
15.0841
10.0783
9.38489
13.9693
13.0064
13.0292
15.0142
10.1904
13.9488
10.1704
12.9944
9.37955
9.37978
16.0056
11.6304
9.27192
12.9353
12.1991
10.1873
9.3807
15.0634
10.1028
13.0263
10.0938
12.993
13.0263
10.1788
10.1905
12.2052
15
10.1939
9.29421
10.2105
12.9874
12.9769
9.36848
10.1719
9.29119
10.1949
12.2105
13.0199
9.38408
14.9888
12.9867
12.2052
13.0465
10.202
12.0867
12.9993
14.9888
10.0851
12.1711
10.091
9.39065
9.35857
12.2076
10.1002
12.1794
9.39117
10.196
9.38535
12.1758
10.3139
12.1471
12.9762
9.28147
10.2242
10.1777
14.0826
12.1951
10.1824
9.49475
10.215
12.4344
12.1541
12.2105
15.0056
12.9762
12.3922
13.9902
12.2227
12.1858
12.2199
14.9832
9.47662
9.38592
13.0285
15.0546
12.2117
14.0693
10.2
12.1914
12.9923
9.49966
12.2862
9.37698
12.4169
13.2162
14.9888
9.38391
12.1162
10.0894
12.1786
15.0142
10.1915
16.0342
12.9756
14.3525
12.9839
12.4497
12.9832
12.1967
15.0429
12.993
10.1003
12.1486
9.29307
10.192
13.0414
10.2066
12.9923
9.36021
12.9735
10.1795
9.3842
13.0386
10.3081
12.9756
12.1774
12.1651
12.2195
12.942
10.1686
13.0184
12.1935
9.29485
12.9618
12.979
10.1635
10.2055
12.1557
15.0722
14.0796
14.9502
14.0227
12.1643
13.0071
10.1967
12.9563
9.39123
12.2195
12.1999
12.2076
12.2048
14.8477
13.0357
12.2888
12.2162
10.1858
14.0156
12.1193
12.1628
10.1898
10.0982
12.1037
10.1958
13.1951
12.9749
10.1809
13.0612
12.1878
10.2006
12.183
14.0299
10.0861
12.2426
13.0064
10.2117
12.3192
12.2322
10.2988
13.0335
12.2683
12.9888
12.3126
10.1806
9.39227
10.1107
12.2125
12.1943
13.0553
10.2045
12.9652
12.1951
12.1374
15.0961
10.1932
12.3616
13.0321
12.2048
10.1878
14.9072
10.198
9.36723
12.206
9.28602
9.38869
12.993
14.1128
12.1502
11.5954
12.1878
15.0342
13.022
12.1651
12.1918
12.9958
10.1022
12.1802
12.4061
10.1978
12.1549
12.3738
10.1846
10.2008
10.2021
10.2013
10.1946
10.1983
13.0177
10.1739
9.37703
12.1651
10.1649
10.0924
10.173
10.2052
10.199
10.2169
12.2331
14.9529
10.2972
13.0184
14.9285
9.49648
10.1861
12.112
12.217
15.0901
10.0909
13.0612
12.3161
10.1866
13.0056
12.2211
16.0056
15.0841
10.0783
9.38489
13.9693
13.0064
13.0292
15.0142
10.1904
13.9488
10.1704
12.9944
9.37955
9.37978
16.0056
11.6304
9.27192
12.9353
12.1991
10.1873
9.3807
15.0634
10.1028
13.0263
10.0938
12.993
13.0263
10.1788
10.1905
12.2052
15
10.1939
9.29421
10.2105
12.9874
12.9769
9.36848
10.1719
9.29119
10.1949
12.2105
13.0199
9.38408
14.9888
12.9867
12.2052
13.0465
10.202
12.0867
12.9993
14.9888
10.0851
12.1711
10.091
9.39065
9.35857
12.2076
10.1002
12.1794
9.39117
10.196
9.38535
12.1758
10.3139
12.1471
12.9762
9.28147
10.2242
10.1777
14.0826
12.1951
10.1824
9.49475
10.215
12.4344
12.1541
12.2105
15.0056
12.9762
12.3922
13.9902
12.2227
12.1858
12.2199
14.9832
9.47662
9.38592
13.0285
15.0546
12.2117
14.0693
10.2
12.1914
12.9923
9.49966
12.2862
9.37698
12.4169
13.2162
14.9888
9.38391
12.1162
10.0894
12.1786
15.0142
10.1915
16.0342
12.9756
14.3525
12.9839
12.4497
12.9832
12.1967
15.0429
12.993
10.1003
12.1486
9.29307
10.192
13.0414
10.2066
12.9923
9.36021
12.9735
10.1795
9.3842
13.0386
10.3081
12.9756
12.1774
12.1651
12.2195
12.942
10.1686
13.0184
12.1935
9.29485
12.9618
12.979
10.1635
10.2055
12.1557
15.0722
14.0796
14.9502
14.0227
12.1643
13.0071
10.1967
12.9563
9.39123
12.2195
12.1999
12.2076
12.2048
14.8477
13.0357
12.2888
12.2162
10.1858
14.0156
12.1193
12.1628
10.1898
10.0982
12.1037
10.1958
13.1951
12.9749
10.1809
13.0612
12.1878
10.2006
12.183
14.0299
10.0861
12.2426
13.0064
10.2117
12.3192
12.2322
10.2988
13.0335
12.2683
12.9888
12.3126
10.1806
9.39227
10.1107
12.2125
12.1943
13.0553
10.2045
12.9652
12.1951
12.1374
15.0961
10.1932
12.3616
13.0321
12.2048
10.1878
14.9072
10.198
9.36723
12.206
9.28602
9.38869
12.993
14.1128
12.1502
11.5954
12.1878
15.0342
13.022
12.1651
12.1918
12.9958
10.1022
12.1802
12.4061
10.1978
12.1549
12.3738
10.1846
10.2008
10.2021
10.2013
10.1946
10.1983
13.0177
10.1739
9.37703
12.1651
10.1649
10.0924
10.173
10.2052
10.199
10.2169
12.2331
14.9529
10.2972
13.0184
14.9285
9.49648
10.1861
12.112
12.217
15.0901
10.0909
13.0612
12.3161
10.1866
13.0056
12.2211
16.0056
15.0841
10.0783
9.38489
13.9693
13.0064
13.0292
15.0142
10.1904
13.9488
10.1704
12.9944
9.37955
9.37978
16.0056
11.6304
9.27192
12.9353
12.1991
10.1873
9.3807
15.0634
10.1028
13.0263
10.0938
12.993
13.0263
10.1788
10.1905
12.2052
15
10.1939
9.29421
10.2105
12.9874
12.9769
9.36848
10.1719
9.29119
10.1949
12.2105
13.0199
9.38408
14.9888
12.9867
12.2052
13.0465
10.202
12.0867
12.9993
14.9888
10.0851
12.1711
10.091
9.39065
9.35857
12.2076
10.1002
12.1794
9.39117
10.196
9.38535
12.1758
10.3139
12.1471
12.9762
9.28147
10.2242
10.1777
14.0826
12.1951
10.1824
9.49475
10.215
12.4344
12.1541
12.2105
15.0056
12.9762
12.3922
13.9902
12.2227
12.1858
12.2199
14.9832
9.47662
9.38592
13.0285
15.0546
12.2117
14.0693
10.2
12.1914
12.9923
9.49966
12.2862
9.37698
12.4169
13.2162
14.9888
9.38391
12.1162
10.0894
12.1786
15.0142
10.1915
16.0342
12.9756
14.3525
12.9839
12.4497
12.9832
12.1967
15.0429
12.993
10.1003
12.1486
9.29307
10.192
13.0414
10.2066
12.9923
9.36021
12.9735
10.1795
9.3842
13.0386
10.3081
12.9756
12.1774
12.1651
12.2195
12.942
10.1686
13.0184
12.1935
9.29485
12.9618
12.979
10.1635
10.2055
12.1557
15.0722
14.0796
14.9502
14.0227
12.1643
13.0071
10.1967
12.9563
9.39123
12.2195
12.1999
12.2076
12.2048
14.8477
13.0357
12.2888
12.2162
10.1858
14.0156
12.1193
12.1628
10.1898
10.0982
12.1037
10.1958
13.1951
12.9749
10.1809
13.0612
12.1878
10.2006
12.183
14.0299
10.0861
12.2426
13.0064
10.2117
12.3192
12.2322
10.2988
13.0335
12.2683
12.9888
12.3126
10.1806
9.39227
10.1107
12.2125
12.1943
13.0553
10.2045
12.9652
12.1951
12.1374
15.0961
10.1932
12.3616
13.0321
12.2048
10.1878
14.9072
10.198
9.36723
12.206
9.28602
9.38869
12.993
14.1128
12.1502
11.5954
12.1878
15.0342
13.022
12.1651
12.1918
12.9958
10.1022
12.1802
12.4061
10.1978
12.1549
12.3738
10.1846
10.2008
10.2021
10.2013
10.1946
10.1983
13.0177
10.1739
9.37703
12.1651
10.1649
10.0924
10.173
10.2052
10.199
10.2169
12.2331
14.9529
10.2972
13.0184
14.9285
9.49648
10.1861
12.112
12.217
15.0901
10.0909
13.0612
12.3161
10.1866
13.0056
12.2211
16.0056
15.0841
10.0783
9.38489
13.9693
13.0064
13.0292
15.0142
10.1904
13.9488
10.1704
12.9944
9.37955
9.37978
16.0056
11.6304
9.27192
12.9353
12.1991
10.1873
9.3807
15.0634
10.1028
13.0263
10.0938
12.993
13.0263
10.1788
10.1905
12.2052
15
10.1939
9.29421
10.2105
12.9874
12.9769
9.36848
10.1719
9.29119
10.1949
12.2105
13.0199
9.38408
14.9888
12.9867
12.2052
13.0465
10.202
12.0867
12.9993
14.9888
10.0851
12.1711
10.091
9.39065
9.35857
12.2076
10.1002
12.1794
9.39117
10.196
9.38535
12.1758
10.3139
12.1471
12.9762
9.28147
10.2242
10.1777
14.0826
12.1951
10.1824
9.49475
10.215
12.4344
12.1541
12.2105
15.0056
12.9762
12.3922
13.9902
12.2227
12.1858
12.2199
14.9832
9.47662
9.38592
13.0285
15.0546
12.2117
14.0693
10.2
12.1914
12.9923
9.49966
12.2862
9.37698
12.4169
13.2162
14.9888
9.38391
12.1162
10.0894
12.1786
15.0142
10.1915
16.0342
12.9756
14.3525
12.9839
12.4497
12.9832
12.1967
15.0429
12.993
10.1003
12.1486
9.29307
10.192
13.0414
10.2066
12.9923
9.36021
12.9735
10.1795
9.3842
13.0386
10.3081
12.9756
12.1774
12.1651
12.2195
12.942
10.1686
13.0184
12.1935
9.29485
12.9618
12.979
10.1635
10.2055
12.1557
15.0722
14.0796
14.9502
14.0227
12.1643
13.0071
10.1967
12.9563
9.39123
12.2195
12.1999
12.2076
12.2048
14.8477
13.0357
12.2888
12.2162
10.1858
14.0156
12.1193
12.1628
10.1898
10.0982
12.1037
10.1958
13.1951
12.9749
10.1809
13.0612
12.1878
10.2006
12.183
14.0299
10.0861
12.2426
13.0064
10.2117
12.3192
12.2322
10.2988
13.0335
12.2683
12.9888
12.3126
10.1806
9.39227
10.1107
12.2125
12.1943
13.0553
10.2045
12.9652
12.1951
12.1374
15.0961
10.1932
12.3616
13.0321
12.2048
10.1878
14.9072
10.198
9.36723
12.206
9.28602
9.38869
12.993
14.1128
12.1502
11.5954
12.1878
15.0342
13.022
12.1651
12.1918
12.9958
10.1022
12.1802
12.4061
10.1978
12.1549
12.3738
10.1846
10.2008
10.2021
10.2013
10.1946
10.1983
13.0177
10.1739
9.37703
12.1651
10.1649
10.0924
10.173
10.2052
10.199
10.2169
12.2331
14.9529
10.2972
13.0184
14.9285
9.49648
10.1861
12.112
12.217
15.0901
10.0909
13.0612
12.3161
10.1866
13.0056
12.2211
16.0056
15.0841
10.0783
9.38489
13.9693
13.0064
13.0292
15.0142
10.1904
13.9488
10.1704
12.9944
9.37955
9.37978
16.0056
11.6304
9.27192
12.9353
12.1991
10.1873
9.3807
15.0634
10.1028
13.0263
10.0938
12.993
13.0263
10.1788
10.1905
12.2052
15
10.1939
9.29421
10.2105
12.9874
12.9769
9.36848
10.1719
9.29119
10.1949
12.2105
13.0199
9.38408
14.9888
12.9867
12.2052
13.0465
10.202
12.0867
12.9993
14.9888
10.0851
12.1711
10.091
9.39065
9.35857
12.2076
10.1002
12.1794
9.39117
10.196
9.38535
12.1758
10.3139
12.1471
12.9762
9.28147
10.2242
10.1777
14.0826
12.1951
10.1824
9.49475
10.215
12.4344
12.1541
12.2105
15.0056
12.9762
12.3922
13.9902
12.2227
12.1858
12.2199
14.9832
9.47662
9.38592
13.0285
15.0546
12.2117
14.0693
10.2
12.1914
12.9923
9.49966
12.2862
9.37698
12.4169
13.2162
14.9888
9.38391
12.1162
10.0894
12.1786
15.0142
10.1915
16.0342
12.9756
14.3525
12.9839
12.4497
12.9832
12.1967
15.0429
12.993
10.1003
12.1486
9.29307
10.192
13.0414
10.2066
12.9923
9.36021
12.9735
10.1795
9.3842
13.0386
10.3081
12.9756
12.1774
12.1651
12.2195
12.942
10.1686
13.0184
12.1935
9.29485
12.9618
12.979
10.1635
10.2055
12.1557
15.0722
14.0796
14.9502
14.0227
12.1643
13.0071
10.1967
12.9563
9.39123
12.2195
12.1999
12.2076
12.2048
14.8477
13.0357
12.2888
12.2162
10.1858
14.0156
12.1193
12.1628
10.1898
10.0982
12.1037
10.1958
13.1951
12.9749
10.1809
13.0612
12.1878
10.2006
12.183
14.0299
10.0861
12.2426
13.0064
10.2117
12.3192
12.2322
10.2988
13.0335
12.2683
12.9888
12.3126
10.1806
9.39227
10.1107
12.2125
12.1943
13.0553
10.2045
12.9652
12.1951
12.1374
15.0961
10.1932
12.3616
13.0321
12.2048
10.1878
14.9072
10.198
9.36723
12.206
9.28602
9.38869
12.993
14.1128
12.1502
11.5954
12.1878
15.0342
13.022
12.1651
12.1918
12.9958
10.1022
12.1802
12.4061
10.1978
12.1549
12.3738
10.1846
10.2008
10.2021
10.2013
10.1946
10.1983
13.0177
10.1739
9.37703
12.1651
10.1649
10.0924
10.173
10.2052
10.199
10.2169
12.2331
14.9529
10.2972
13.0184
14.9285
9.49648
10.1861
12.112
12.217
15.0901
10.0909
13.0612
12.3161
10.1866
13.0056
12.2211
16.0056
15.0841
10.0783
9.38489
13.9693
13.0064
13.0292
15.0142
10.1904
13.9488
10.1704
12.9944
9.37955
9.37978
16.0056
11.6304
9.27192
12.9353
12.1991
10.1873
9.3807
15.0634
10.1028
13.0263
10.0938
12.993
13.0263
10.1788
10.1905
12.2052
15
10.1939
9.29421
10.2105
12.9874
12.9769
9.36848
10.1719
9.29119
10.1949
12.2105
13.0199
9.38408
14.9888
12.9867
12.2052
13.0465
10.202
12.0867
12.9993
14.9888
10.0851
12.1711
10.091
9.39065
9.35857
12.2076
10.1002
12.1794
9.39117
10.196
9.38535
12.1758
10.3139
12.1471
12.9762
9.28147
10.2242
10.1777
14.0826
12.1951
10.1824
9.49475
10.215
12.4344
12.1541
12.2105
15.0056
12.9762
12.3922
13.9902
12.2227
12.1858
12.2199
14.9832
9.47662
9.38592
13.0285
15.0546
12.2117
14.0693
10.2
12.1914
12.9923
9.49966
12.2862
9.37698
12.4169
13.2162
14.9888
9.38391
12.1162
10.0894
12.1786
15.0142
10.1915
16.0342
12.9756
14.3525
12.9839
12.4497
12.9832
12.1967
15.0429
12.993
10.1003
12.1486
9.29307
10.192
13.0414
10.2066
12.9923
9.36021
12.9735
10.1795
9.3842
13.0386
10.3081
12.9756
12.1774
12.1651
12.2195
12.942
10.1686
13.0184
12.1935
9.29485
12.9618
12.979
10.1635
10.2055
12.1557
15.0722
14.0796
14.9502
14.0227
12.1643
13.0071
10.1967
12.9563
9.39123
12.2195
12.1999
12.2076
12.2048
14.8477
13.0357
12.2888
12.2162
10.1858
14.0156
12.1193
12.1628
10.1898
10.0982
12.1037
10.1958
13.1951
12.9749
10.1809
13.0612
12.1878
10.2006
12.183
14.0299
10.0861
12.2426
13.0064
10.2117
12.3192
12.2322
10.2988
13.0335
12.2683
12.9888
12.3126
10.1806
9.39227
10.1107
12.2125
12.1943
13.0553
10.2045
12.9652
12.1951
12.1374
15.0961
10.1932
12.3616
13.0321
12.2048
10.1878
14.9072
10.198
9.36723
12.206
9.28602
9.38869
12.993
14.1128
12.1502
11.5954
12.1878
15.0342
13.022
12.1651
12.1918
12.9958
10.1022
12.1802
12.4061
10.1978
12.1549
12.3738
10.1846
10.2008
10.2021
10.2013
10.1946
10.1983
13.0177
10.1739
9.37703
12.1651
10.1649
10.0924
10.173
10.2052
10.199
10.2169
12.2331
14.9529
10.2972
13.0184
14.9285
9.49648
10.1861
12.112
12.217
15.0901
10.0909
13.0612
12.3161
10.1866
13.0056
12.2211
16.0056
15.0841
10.0783
9.38489
13.9693
13.0064
13.0292
15.0142
10.1904
13.9488
10.1704
12.9944
9.37955
9.37978
16.0056
11.6304
9.27192
12.9353
12.1991
10.1873
9.3807
15.0634
10.1028
13.0263
10.0938
12.993
13.0263
10.1788
10.1905
12.2052
15
10.1939
9.29421
10.2105
12.9874
12.9769
9.36848
10.1719
9.29119
10.1949
12.2105
13.0199
9.38408
14.9888
12.9867
12.2052
13.0465
10.202
12.0867
12.9993
14.9888
10.0851
12.1711
10.091
9.39065
9.35857
12.2076
10.1002
12.1794
9.39117
10.196
9.38535
12.1758
10.3139
12.1471
12.9762
9.28147
10.2242
10.1777
14.0826
12.1951
10.1824
9.49475
10.215
12.4344
12.1541
12.2105
15.0056
12.9762
12.3922
13.9902
12.2227
12.1858
12.2199
14.9832
9.47662
9.38592
13.0285
15.0546
12.2117
14.0693
10.2
12.1914
12.9923
9.49966
12.2862
9.37698
12.4169
13.2162
14.9888
9.38391
12.1162
10.0894
12.1786
15.0142
10.1915
16.0342
12.9756
14.3525
12.9839
12.4497
12.9832
12.1967
15.0429
12.993
10.1003
12.1486
9.29307
10.192
13.0414
10.2066
12.9923
9.36021
12.9735
10.1795
9.3842
13.0386
10.3081
12.9756
12.1774
12.1651
12.2195
12.942
10.1686
13.0184
12.1935
9.29485
12.9618
12.979
10.1635
10.2055
12.1557
15.0722
14.0796
14.9502
14.0227
12.1643
13.0071
10.1967
12.9563
9.39123
12.2195
12.1999
12.2076
12.2048
14.8477
13.0357
12.2888
12.2162
10.1858
14.0156
12.1193
12.1628
10.1898
10.0982
12.1037
10.1958
13.1951
12.9749
10.1809
13.0612
12.1878
10.2006
12.183
14.0299
10.0861
12.2426
13.0064
10.2117
12.3192
12.2322
10.2988
13.0335
12.2683
12.9888
12.3126
10.1806
9.39227
10.1107
12.2125
12.1943
13.0553
10.2045
12.9652
12.1951
12.1374
15.0961
10.1932
12.3616
13.0321
12.2048
10.1878
14.9072
10.198
9.36723
12.206
9.28602
9.38869
12.993
14.1128
12.1502
11.5954
12.1878
15.0342
13.022
12.1651
12.1918
12.9958
10.1022
12.1802
12.4061
10.1978
12.1549
12.3738
10.1846
10.2008
10.2021
10.2013
10.1946
10.1983
13.0177
10.1739
9.37703
12.1651
10.1649
10.0924
10.173
10.2052
10.199
10.2169
12.2331
14.9529
10.2972
13.0184
14.9285
9.49648
10.1861
12.112
12.217
15.0901
10.0909
13.0612
12.3161
10.1866
13.0056
12.2211
16.0056
15.0841
10.0783
9.38489
13.9693
13.0064
13.0292
15.0142
10.1904
13.9488
10.1704
12.9944
9.37955
9.37978
16.0056
11.6304
9.27192
12.9353
12.1991
10.1873
9.3807
15.0634
10.1028
13.0263
10.0938
12.993
13.0263
10.1788
10.1905
12.2052
15
10.1939
9.29421
10.2105
12.9874
12.9769
9.36848
10.1719
9.29119
10.1949
12.2105
13.0199
9.38408
14.9888
12.9867
12.2052
13.0465
10.202
12.0867
12.9993
14.9888
10.0851
12.1711
10.091
9.39065
9.35857
12.2076
10.1002
12.1794
9.39117
10.196
9.38535
12.1758
10.3139
12.1471
12.9762
9.28147
10.2242
10.1777
14.0826
12.1951
10.1824
9.49475
10.215
12.4344
12.1541
12.2105
15.0056
12.9762
12.3922
13.9902
12.2227
12.1858
12.2199
14.9832
9.47662
9.38592
13.0285
15.0546
12.2117
14.0693
10.2
12.1914
12.9923
9.49966
12.2862
9.37698
12.4169
13.2162
14.9888
9.38391
12.1162
10.0894
12.1786
15.0142
10.1915
16.0342
12.9756
14.3525
12.9839
12.4497
12.9832
12.1967
15.0429
12.993
10.1003
12.1486
9.29307
10.192
13.0414
10.2066
12.9923
9.36021
12.9735
10.1795
9.3842
13.0386
10.3081
12.9756
12.1774
12.1651
12.2195
12.942
10.1686
13.0184
12.1935
9.29485
12.9618
12.979
10.1635
10.2055
12.1557
15.0722
14.0796
14.9502
14.0227
12.1643
13.0071
10.1967
12.9563
9.39123
12.2195
12.1999
12.2076
12.2048
14.8477
13.0357
12.2888
12.2162
10.1858
14.0156
12.1193
12.1628
10.1898
10.0982
12.1037
10.1958
13.1951
12.9749
10.1809
13.0612
12.1878
10.2006
12.183
14.0299
10.0861
12.2426
13.0064
10.2117
12.3192
12.2322
10.2988
13.0335
12.2683
12.9888
12.3126
10.1806
9.39227
10.1107
12.2125
12.1943
13.0553
10.2045
12.9652
12.1951
12.1374
15.0961
10.1932
12.3616
13.0321
12.2048
10.1878
14.9072
10.198
9.36723
12.206
9.28602
9.38869
12.993
14.1128
12.1502
11.5954
12.1878
15.0342
13.022
12.1651
12.1918
12.9958
10.1022
12.1802
12.4061
10.1978
12.1549
12.3738
10.1846
10.2008
10.2021
10.2013
10.1946
10.1983
13.0177
10.1739
9.37703
12.1651
10.1649
10.0924
10.173
10.2052
10.199
10.2169
12.2331
14.9529
10.2972
13.0184
14.9285
9.49648
10.1861
12.112
12.217
15.0901
10.0909
13.0612
12.3161
10.1866
13.0056
12.2211
16.0056
15.0841
10.0783
9.38489
13.9693
13.0064
13.0292
15.0142
10.1904
13.9488
10.1704
12.9944
9.37955
9.37978
16.0056
11.6304
9.27192
12.9353
12.1991
10.1873
9.3807
15.0634
10.1028
13.0263
10.0938
12.993
13.0263
10.1788
10.1905
12.2052
15
10.1939
9.29421
10.2105
12.9874
12.9769
9.36848
10.1719
9.29119
10.1949
12.2105
13.0199
9.38408
14.9888
12.9867
12.2052
13.0465
10.202
12.0867
12.9993
14.9888
10.0851
12.1711
10.091
9.39065
9.35857
12.2076
10.1002
12.1794
9.39117
10.196
9.38535
12.1758
10.3139
12.1471
12.9762
9.28147
10.2242
10.1777
14.0826
12.1951
10.1824
9.49475
10.215
12.4344
12.1541
12.2105
15.0056
12.9762
12.3922
13.9902
12.2227
12.1858
12.2199
14.9832
9.47662
9.38592
13.0285
15.0546
12.2117
14.0693
10.2
12.1914
12.9923
9.49966
12.2862
9.37698
12.4169
13.2162
14.9888
9.38391
12.1162
10.0894
12.1786
15.0142
10.1915
16.0342
12.9756
14.3525
12.9839
12.4497
12.9832
12.1967
15.0429
12.993
10.1003
12.1486
9.29307
10.192
13.0414
10.2066
12.9923
9.36021
12.9735
10.1795
9.3842
13.0386
10.3081
12.9756
12.1774
12.1651
12.2195
12.942
10.1686
13.0184
12.1935
9.29485
12.9618
12.979
10.1635
10.2055
12.1557
15.0722
14.0796
14.9502
14.0227
12.1643
13.0071
10.1967
12.9563
9.39123
12.2195
12.1999
12.2076
12.2048
14.8477
13.0357
12.2888
12.2162
10.1858
14.0156
12.1193
12.1628
10.1898
10.0982
12.1037
10.1958
13.1951
12.9749
10.1809
13.0612
12.1878
10.2006
12.183
14.0299
10.0861
12.2426
13.0064
10.2117
12.3192
12.2322
10.2988
13.0335
12.2683
12.9888
12.3126
10.1806
9.39227
10.1107
12.2125
12.1943
13.0553
10.2045
12.9652
12.1951
12.1374
15.0961
10.1932
12.3616
13.0321
12.2048
10.1878
14.9072
10.198
9.36723
12.206
9.28602
9.38869
12.993
14.1128
12.1502
11.5954
12.1878
15.0342
13.022
12.1651
12.1918
12.9958
10.1022
12.1802
12.4061
10.1978
12.1549
12.3738
10.1846
10.2008
10.2021
10.2013
10.1946
10.1983
13.0177
10.1739
9.37703
12.1651
10.1649
10.0924
10.173
10.2052
10.199
10.2169
12.2331
14.9529
10.2972
13.0184
14.9285
9.49648
10.1861
12.112
12.217
15.0901
10.0909
13.0612
12.3161
10.1866
13.0056
12.2211
16.0056
15.0841
10.0783
9.38489
13.9693
13.0064
13.0292
15.0142
10.1904
13.9488
10.1704
12.9944
9.37955
9.37978
16.0056
11.6304
9.27192
12.9353
12.1991
10.1873
9.3807
15.0634
10.1028
13.0263
10.0938
12.993
13.0263
10.1788
10.1905
12.2052
15
10.1939
9.29421
10.2105
12.9874
12.9769
9.36848
10.1719
9.29119
10.1949
12.2105
13.0199
9.38408
14.9888
12.9867
12.2052
13.0465
10.202
12.0867
12.9993
14.9888
10.0851
12.1711
10.091
9.39065
9.35857
12.2076
10.1002
12.1794
9.39117
10.196
9.38535
12.1758
10.3139
12.1471
12.9762
9.28147
10.2242
10.1777
14.0826
12.1951
10.1824
9.49475
10.215
12.4344
12.1541
12.2105
15.0056
12.9762
12.3922
13.9902
12.2227
12.1858
12.2199
14.9832
9.47662
9.38592
13.0285
15.0546
12.2117
14.0693
10.2
12.1914
12.9923
9.49966
12.2862
9.37698
12.4169
13.2162
14.9888
9.38391
12.1162
10.0894
12.1786
15.0142
10.1915
16.0342
12.9756
14.3525
12.9839
12.4497
12.9832
12.1967
15.0429
12.993
10.1003
12.1486
9.29307
10.192
13.0414
10.2066
12.9923
9.36021
12.9735
10.1795
9.3842
13.0386
10.3081
12.9756
12.1774
12.1651
12.2195
12.942
10.1686
13.0184
12.1935
9.29485
12.9618
12.979
10.1635
10.2055
12.1557
15.0722
14.0796
14.9502
14.0227
12.1643
13.0071
10.1967
12.9563
9.39123
12.2195
12.1999
12.2076
12.2048
14.8477
13.0357
12.2888
12.2162
10.1858
14.0156
12.1193
12.1628
10.1898
10.0982
12.1037
10.1958
13.1951
12.9749
10.1809
13.0612
12.1878
10.2006
12.183
14.0299
10.0861
12.2426
13.0064
10.2117
12.3192
12.2322
10.2988
13.0335
12.2683
12.9888
12.3126
10.1806
9.39227
10.1107
12.2125
12.1943
13.0553
10.2045
12.9652
12.1951
12.1374
15.0961
10.1932
12.3616
13.0321
12.2048
10.1878
14.9072
10.198
9.36723
12.206
9.28602
9.38869
12.993
14.1128
12.1502
11.5954
12.1878
15.0342
13.022
12.1651
12.1918
12.9958
10.1022
12.1802
12.4061
10.1978
12.1549
12.3738
10.1846
10.2008
10.2021
10.2013
10.1946
10.1983
13.0177
10.1739
9.37703
12.1651
10.1649
10.0924
10.173
10.2052
10.199
10.2169
12.2331
14.9529
10.2972
13.0184
14.9285
9.49648
10.1861
12.112
12.217
15.0901
10.0909
13.0612
12.3161
10.1866
13.0056
12.2211
16.0056
15.0841
10.0783
9.38489
13.9693
13.0064
13.0292
15.0142
10.1904
13.9488
10.1704
12.9944
9.37955
9.37978
16.0056
11.6304
9.27192
12.9353
12.1991
10.1873
9.3807
15.0634
10.1028
13.0263
10.0938
12.993
13.0263
10.1788
10.1905
12.2052
15
10.1939
9.29421
10.2105
12.9874
12.9769
9.36848
10.1719
9.29119
10.1949
12.2105
13.0199
9.38408
14.9888
12.9867
12.2052
13.0465
10.202
12.0867
12.9993
14.9888
10.0851
12.1711
10.091
9.39065
9.35857
12.2076
10.1002
12.1794
9.39117
10.196
9.38535
12.1758
10.3139
12.1471
12.9762
9.28147
10.2242
10.1777
14.0826
12.1951
10.1824
9.49475
10.215
12.4344
12.1541
12.2105
15.0056
12.9762
12.3922
13.9902
12.2227
12.1858
12.2199
14.9832
9.47662
9.38592
13.0285
15.0546
12.2117
14.0693
10.2
12.1914
12.9923
9.49966
12.2862
9.37698
12.4169
13.2162
14.9888
9.38391
12.1162
10.0894
12.1786
15.0142
10.1915
16.0342
12.9756
14.3525
12.9839
12.4497
12.9832
12.1967
15.0429
12.993
10.1003
12.1486
9.29307
10.192
13.0414
10.2066
12.9923
9.36021
12.9735
10.1795
9.3842
13.0386
10.3081
12.9756
12.1774
12.1651
12.2195
12.942
10.1686
13.0184
12.1935
9.29485
12.9618
12.979
10.1635
10.2055
12.1557
15.0722
14.0796
14.9502
14.0227
12.1643
13.0071
10.1967
12.9563
9.39123
12.2195
12.1999
12.2076
12.2048
14.8477
13.0357
12.2888
12.2162
10.1858
14.0156
12.1193
12.1628
10.1898
10.0982
12.1037
10.1958
13.1951
12.9749
10.1809
13.0612
12.1878
10.2006
12.183
14.0299
10.0861
12.2426
13.0064
10.2117
12.3192
12.2322
10.2988
13.0335
12.2683
12.9888
12.3126
10.1806
9.39227
10.1107
12.2125
12.1943
13.0553
10.2045
12.9652
12.1951
12.1374
15.0961
10.1932
12.3616
13.0321
12.2048
10.1878
14.9072
10.198
9.36723
12.206
9.28602
9.38869
12.993
14.1128
12.1502
11.5954
12.1878
15.0342
13.022
12.1651
12.1918
12.9958
10.1022
12.1802
12.4061
10.1978
12.1549
12.3738
10.1846
10.2008
10.2021
10.2013
10.1946
10.1983
13.0177
10.1739
9.37703
12.1651
10.1649
10.0924
10.173
10.2052
10.199
10.2169
12.2331
14.9529
10.2972
13.0184
14.9285
9.49648
10.1861
12.112
12.217
15.0901
10.0909
13.0612
12.3161
10.1866
13.0056
12.2211
16.0056
15.0841
10.0783
9.38489
13.9693
13.0064
13.0292
15.0142
10.1904
13.9488
10.1704
12.9944
9.37955
9.37978
16.0056
11.6304
9.27192
12.9353
12.1991
10.1873
9.3807
15.0634
10.1028
13.0263
10.0938
12.993
13.0263
10.1788
10.1905
12.2052
15
10.1939
9.29421
10.2105
12.9874
12.9769
9.36848
10.1719
9.29119
10.1949
12.2105
13.0199
9.38408
14.9888
12.9867
12.2052
13.0465
10.202
12.0867
12.9993
14.9888
10.0851
12.1711
10.091
9.39065
9.35857
12.2076
10.1002
12.1794
9.39117
10.196
9.38535
12.1758
10.3139
12.1471
12.9762
9.28147
10.2242
10.1777
14.0826
12.1951
10.1824
9.49475
10.215
12.4344
12.1541
12.2105
15.0056
12.9762
12.3922
13.9902
12.2227
12.1858
12.2199
14.9832
9.47662
9.38592
13.0285
15.0546
12.2117
14.0693
10.2
12.1914
12.9923
9.49966
12.2862
9.37698
12.4169
13.2162
14.9888
9.38391
12.1162
10.0894
12.1786
15.0142
10.1915
16.0342
12.9756
14.3525
12.9839
12.4497
12.9832
12.1967
15.0429
12.993
10.1003
12.1486
9.29307
10.192
13.0414
10.2066
12.9923
9.36021
12.9735
10.1795
9.3842
13.0386
10.3081
12.9756
12.1774
12.1651
12.2195
12.942
10.1686
13.0184
12.1935
9.29485
12.9618
12.979
10.1635
10.2055
12.1557
15.0722
14.0796
14.9502
14.0227
12.1643
13.0071
10.1967
12.9563
9.39123
12.2195
12.1999
12.2076
12.2048
14.8477
13.0357
12.2888
12.2162
10.1858
14.0156
12.1193
12.1628
10.1898
10.0982
12.1037
10.1958
13.1951
12.9749
10.1809
13.0612
12.1878
10.2006
12.183
14.0299
10.0861
12.2426
13.0064
10.2117
12.3192
12.2322
10.2988
13.0335
12.2683
12.9888
12.3126
10.1806
9.39227
10.1107
12.2125
12.1943
13.0553
10.2045
12.9652
12.1951
12.1374
15.0961
10.1932
12.3616
13.0321
12.2048
10.1878
14.9072
10.198
9.36723
12.206
9.28602
9.38869
12.993
14.1128
12.1502
11.5954
12.1878
15.0342
13.022
12.1651
12.1918
12.9958
10.1022
12.1802
12.4061
10.1978
12.1549
12.3738
10.1846
10.2008
10.2021
10.2013
10.1946
10.1983
13.0177
10.1739
9.37703
12.1651
10.1649
10.0924
10.173
10.2052
10.199
10.2169
12.2331
14.9529
10.2972
13.0184
14.9285
9.49648
10.1861
12.112
12.217
15.0901
10.0909
13.0612
12.3161
10.1866
13.0056
12.2211
16.0056
15.0841
10.0783
9.38489
13.9693
13.0064
13.0292
15.0142
10.1904
13.9488
10.1704
12.9944
9.37955
9.37978
16.0056
11.6304
9.27192
12.9353
12.1991
10.1873
9.3807
15.0634
10.1028
13.0263
10.0938
12.993
13.0263
10.1788
10.1905
12.2052
15
10.1939
9.29421
10.2105
12.9874
12.9769
9.36848
10.1719
9.29119
10.1949
12.2105
13.0199
9.38408
14.9888
12.9867
12.2052
13.0465
10.202
12.0867
12.9993
14.9888
10.0851
12.1711
10.091
9.39065
9.35857
12.2076
10.1002
12.1794
9.39117
10.196
9.38535
12.1758
10.3139
12.1471
12.9762
9.28147
10.2242
10.1777
14.0826
12.1951
10.1824
9.49475
10.215
12.4344
12.1541
12.2105
15.0056
12.9762
12.3922
13.9902
12.2227
12.1858
12.2199
14.9832
9.47662
9.38592
13.0285
15.0546
12.2117
14.0693
10.2
12.1914
12.9923
9.49966
12.2862
9.37698
12.4169
13.2162
14.9888
9.38391
12.1162
10.0894
12.1786
15.0142
10.1915
16.0342
12.9756
14.3525
12.9839
12.4497
12.9832
12.1967
15.0429
12.993
10.1003
12.1486
9.29307
10.192
13.0414
10.2066
12.9923
9.36021
12.9735
10.1795
9.3842
13.0386
10.3081
12.9756
12.1774
12.1651
12.2195
12.942
10.1686
13.0184
12.1935
9.29485
12.9618
12.979
10.1635
10.2055
12.1557
15.0722
14.0796
14.9502
14.0227
12.1643
13.0071
10.1967
12.9563
9.39123
12.2195
12.1999
12.2076
12.2048
14.8477
13.0357
12.2888
12.2162
10.1858
14.0156
12.1193
12.1628
10.1898
10.0982
12.1037
10.1958
13.1951
12.9749
10.1809
13.0612
12.1878
10.2006
12.183
14.0299
10.0861
12.2426
13.0064
10.2117
12.3192
12.2322
10.2988
13.0335
12.2683
12.9888
12.3126
10.1806
9.39227
10.1107
12.2125
12.1943
13.0553
10.2045
12.9652
12.1951
12.1374
15.0961
10.1932
12.3616
13.0321
12.2048
10.1878
14.9072
10.198
9.36723
12.206
9.28602
9.38869
12.993
14.1128
12.1502
11.5954
12.1878
15.0342
13.022
12.1651
12.1918
12.9958
10.1022
12.1802
12.4061
10.1978
12.1549
12.3738
10.1846
10.2008
10.2021
10.2013
10.1946
10.1983
13.0177
10.1739
9.37703
12.1651
10.1649
10.0924
10.173
10.2052
10.199
10.2169
12.2331
14.9529
10.2972
13.0184
14.9285
9.49648
10.1861
12.112
12.217
15.0901
10.0909
13.0612
12.3161
10.1866
13.0056
12.2211
16.0056
15.0841
10.0783
9.38489
13.9693
13.0064
13.0292
15.0142
10.1904
13.9488
10.1704
12.9944
9.37955
9.37978
16.0056
11.6304
9.27192
12.9353
12.1991
10.1873
9.3807
15.0634
10.1028
13.0263
10.0938
12.993
13.0263
10.1788
10.1905
12.2052
15
10.1939
9.29421
10.2105
12.9874
12.9769
9.36848
10.1719
9.29119
10.1949
12.2105
13.0199
9.38408
14.9888
12.9867
12.2052
13.0465
10.202
12.0867
12.9993
14.9888
10.0851
12.1711
10.091
9.39065
9.35857
12.2076
10.1002
12.1794
9.39117
10.196
9.38535
12.1758
10.3139
12.1471
12.9762
9.28147
10.2242
10.1777
14.0826
12.1951
10.1824
9.49475
10.215
12.4344
12.1541
12.2105
15.0056
12.9762
12.3922
13.9902
12.2227
12.1858
12.2199
14.9832
9.47662
9.38592
13.0285
15.0546
12.2117
14.0693
10.2
12.1914
12.9923
9.49966