5.54667
6.67245
6.30303
6.66433
6.29989
6.67878
5.75556
6.27463
5.74963
6.30054
6.30249
5.7435
5.51386
6.6761
6.66964
5.54243
5.53348
5.53788
6.67006
5.54255
5.5338
5.76025
5.7613
6.28147
5.75296
6.3076
5.5352
5.54937
5.75586
6.28575
6.30957
6.69508
5.5414
5.74815
6.67892
6.28307
5.72927
6.31887
6.65848
6.66363
5.74151
5.54409
5.75096
5.73842
6.25737
6.6891
5.53316
6.33145
6.67892
5.75304
5.55647
6.67287
6.6792
6.29005
5.75705
5.76968
6.29924
6.30347
6.33322
5.7601
6.31262
5.53488
5.53144
6.29978
5.76743
5.53961
5.73688
5.53131
6.68443
5.74682
6.30488
6.65709
6.30325
5.52243
5.73915
5.53948
6.28533
6.67793
5.74859
6.29102
5.55615
5.53833
6.29016
6.29092
5.53494
6.30216
6.31109
6.6975
6.68132
5.52788
5.5329
6.29826
6.6891
5.75304
5.53303
5.77902
5.7543
5.53756
5.52585
6.68245
6.28468
5.74387
5.73219
5.53144
6.30847
6.67062
6.68386
6.70237
5.74217
6.30673
5.75474
5.54782
5.52363
5.54294
6.3112
6.28061
6.2975
5.54089
5.73857
5.54544
6.68655
6.69765
6.2921
5.54397
5.53278
5.55868
5.5601
6.69622
6.31438
6.32437